weigths: [array([[ 7.97765878e-01, -1.16940767e+00,  2.25534493e+00,
         1.41178368e-01,  9.72878596e-01,  1.31873994e+00],
       [-1.46419488e+00, -9.95694555e-02, -1.87228077e+00,
         1.05323513e-01, -4.29838842e-01, -1.67317049e+00],
       [-1.39036595e+00,  2.21493429e+00, -3.82176149e+00,
        -2.58611125e-02,  4.55042045e-01, -3.57479782e+00],
       [ 2.75366118e+00,  6.96868209e+00, -5.20563002e+00,
        -2.43834201e+00, -1.85197950e+01, -4.50896010e-01],
       [-1.36900726e+00,  2.25989476e+00, -3.84332208e+00,
        -1.83629438e-02,  4.52882297e-01, -3.57666244e+00],
       [ 7.82470039e-01, -1.29962240e+00,  2.34975840e+00,
         1.56087894e-01,  9.46256656e-01,  1.39689595e+00]]), array([[  6.1082765 , -17.73628946, -27.75752334, -26.04885246,
        -26.89567439,   6.15625901]])] 
 0.5, 
 1e-19, 
 10000