weigths: [array([[0.70991609, 0.25970116, 0.81215615, 0.04618703, 0.8491779 ,
        0.65800484],
       [0.74971792, 0.16528032, 0.22897694, 0.23560839, 0.37354263,
        0.42239948],
       [0.02342923, 0.03238825, 0.35461444, 0.17839755, 0.87722214,
        0.33947738],
       [0.18015771, 0.27891471, 0.99325566, 0.38467807, 0.93768815,
        0.5682381 ],
       [0.12945465, 0.10013285, 0.02504314, 0.98492958, 0.98702393,
        0.80041305],
       [0.72806916, 0.72522164, 0.94089647, 0.65329334, 0.89957641,
        0.64964575]]), array([[0.81455532, 0.17501677, 0.49409344, 0.81201243, 0.57097944,
        0.26078875],
       [0.71321275, 0.36331051, 0.22043784, 0.67212083, 0.86560788,
        0.54989999],
       [0.27477465, 0.89947131, 0.74457825, 0.81705984, 0.19469897,
        0.13615164],
       [0.81586048, 0.74832051, 0.74578881, 0.2387057 , 0.31041837,
        0.61902173],
       [0.35745983, 0.90476566, 0.56132927, 0.42740937, 0.53133869,
        0.86426442],
       [0.06003184, 0.55900455, 0.33792222, 0.11170634, 0.91873933,
        0.47064144]]), array([[0.81830398, 0.83241564, 0.40308905, 0.56437464, 0.48336053,
        0.77642802],
       [0.81716796, 0.31257616, 0.0276438 , 0.6345901 , 0.18933589,
        0.20256199],
       [0.08948526, 0.12537348, 0.68036794, 0.10609213, 0.55649327,
        0.26357075],
       [0.15868388, 0.33960278, 0.03353933, 0.09869434, 0.41490605,
        0.87470276],
       [0.52208026, 0.77835382, 0.65985535, 0.99156128, 0.32148869,
        0.24029429],
       [0.69033764, 0.76395018, 0.01509381, 0.24516305, 0.95651192,
        0.07964692]]), array([[0.76184115, 0.84113358, 0.50993129, 0.14000971, 0.2175319 ,
        0.44420971],
       [0.94449356, 0.87380093, 0.16417826, 0.35640039, 0.62934247,
        0.95095717],
       [0.6891285 , 0.98270243, 0.85165128, 0.58105213, 0.96115371,
        0.56776018],
       [0.14359023, 0.59418349, 0.18209   , 0.80517104, 0.84880987,
        0.22175052],
       [0.41934627, 0.89266371, 0.57681569, 0.75627878, 0.62926799,
        0.40134161],
       [0.75045456, 0.25904886, 0.05170739, 0.97063012, 0.99003757,
        0.12033732]]), array([[0.48706861, 0.03269178, 0.42525456, 0.44649555, 0.18321533,
        0.50416879],
       [0.95487233, 0.05691505, 0.72441004, 0.69699653, 0.34863944,
        0.99486121],
       [0.92047547, 0.6274918 , 0.05478163, 0.70506467, 0.16322669,
        0.78574499],
       [0.00963744, 0.65800931, 0.17069437, 0.67996959, 0.12658667,
        0.5594176 ],
       [0.16278837, 0.30962284, 0.98517144, 0.70400043, 0.06146941,
        0.31185503],
       [0.54620054, 0.82623664, 0.30429272, 0.82475855, 0.80786638,
        0.95164141]]), array([[0.72255042, 0.79579851, 0.87504217, 0.64831559, 0.22829071,
        0.5697313 ],
       [0.0784696 , 0.74756926, 0.94797796, 0.6041125 , 0.8871521 ,
        0.26971729],
       [0.48774275, 0.92054515, 0.7671856 , 0.45304174, 0.78701955,
        0.20125594],
       [0.10003736, 0.63411049, 0.7173987 , 0.05713032, 0.79043444,
        0.34313501],
       [0.74052712, 0.95323981, 0.56250615, 0.91861895, 0.039175  ,
        0.88137263],
       [0.19926184, 0.11915919, 0.43364554, 0.5346196 , 0.8232314 ,
        0.32589351]]), array([[0.4682482 , 0.40467587, 0.33719343, 0.37816986, 0.73312446,
        0.00785035],
       [0.89957428, 0.9213993 , 0.41168376, 0.49712108, 0.4857025 ,
        0.09512964],
       [0.75135953, 0.12931169, 0.06509569, 0.79807723, 0.75335588,
        0.92359212],
       [0.75683832, 0.78592315, 0.33728541, 0.56961593, 0.45568763,
        0.34593362],
       [0.80705036, 0.55061294, 0.49871872, 0.51775038, 0.8807552 ,
        0.22949778],
       [0.18952153, 0.62578315, 0.68240171, 0.55713854, 0.08756362,
        0.26604088]]), array([[ 0.29665619,  0.64554158,  0.10276994, -0.05993825,  0.41604309,
         0.00800639],
       [ 0.66665377,  0.62262198,  0.08234435,  0.50017427,  0.63944657,
         0.78769697],
       [ 0.3323157 ,  0.69311874,  0.14736364,  0.69896874,  0.58359004,
        -0.02791548],
       [ 0.73663395,  0.5330354 ,  0.82023884,  0.90030715,  0.95899228,
         0.89668468],
       [ 0.94412077,  0.73499454,  0.12947088,  0.71960301,  0.6601089 ,
         0.38761489],
       [ 0.93630397,  0.35357915, -0.03339059,  0.76564339, -0.02095244,
         0.28731583]]), array([[-0.31739729, -0.42819847, -0.700689  ,  0.06227435, -0.74482154,
        -0.69184775],
       [-0.09349562, -0.15614178, -0.21937902, -0.40323673, -0.22760077,
        -0.37846891],
       [ 0.32148819,  0.58999572,  0.89656645,  0.70203108,  0.36132239,
         0.83005839],
       [-0.37441893, -0.84384021,  0.05213015, -0.85289554, -0.00876697,
        -0.70250868],
       [ 0.91676952,  0.8767331 ,  0.13340113,  0.31587539,  0.71531864,
         0.23233757],
       [ 0.71630696,  0.68507099,  0.1667651 ,  0.78259596,  0.46217105,
         0.84386013]]), array([[-0.03354826, -0.20925891, -0.85616401, -0.06891568, -0.59037218,
        -1.36417436],
       [-0.19072589, -0.58254042, -0.85977253, -0.07227022, -1.11515084,
        -0.73081769],
       [ 0.07434297,  0.04925795, -1.27090643, -0.16662415, -0.76872911,
        -0.845784  ],
       [-0.49915833,  0.2363929 , -1.10698111, -0.43420061, -0.60581582,
        -1.14630768],
       [ 0.01441176,  0.24224114, -1.22034884,  0.05708528, -1.15144749,
        -0.59363221],
       [ 0.17892076, -0.39670586, -0.9264853 ,  0.20344181, -0.55346155,
        -1.32327148]]), array([[-1.629963  , -1.5744111 , -1.66090882, -1.66484566, -1.68966893,
        -1.62253471]])] 
 0.5, 
 1e-19, 
 10000