weigths: [array([[0.82376842, 0.11798669, 0.12536897, 0.74463708, 0.13099768,
        0.24314735],
       [0.15987852, 0.61492004, 0.25906464, 0.57973742, 0.74515861,
        0.61702232],
       [0.36414921, 0.98028152, 0.19258902, 0.43684021, 0.57619104,
        0.97215671],
       [0.89383304, 0.40070716, 0.50655139, 0.42543932, 0.55044548,
        0.54959383],
       [0.24673584, 0.32931424, 0.96701764, 0.58780155, 0.95262309,
        0.31472504],
       [0.21740061, 0.57614737, 0.1747293 , 0.0131613 , 0.48811972,
        0.53044723]]), array([[0.46794704, 0.58435183, 0.69311826, 0.97636781, 0.58278456,
        0.12155108],
       [0.23674579, 0.94154203, 0.46070413, 0.74807592, 0.81867884,
        0.07038327],
       [0.42678677, 0.33335976, 0.53834146, 0.48555773, 0.44869715,
        0.82233065],
       [0.89053681, 0.55976302, 0.39533736, 0.39177016, 0.90184273,
        0.33216301],
       [0.81850178, 0.32692812, 0.89180347, 0.91508294, 0.82426848,
        0.03793908],
       [0.05064292, 0.5653202 , 0.37358636, 0.23481796, 0.90570019,
        0.36724339]]), array([[0.54928893, 0.60377124, 0.77211706, 0.20432003, 0.90737725,
        0.60077658],
       [0.43667734, 0.78970131, 0.75095642, 0.03829928, 0.0033854 ,
        0.09981757],
       [0.4634262 , 0.10653063, 0.40868511, 0.74486022, 0.04583765,
        0.05644853],
       [0.53391157, 0.30428107, 0.00213453, 0.59359808, 0.10431232,
        0.65013341],
       [0.66495874, 0.97313672, 0.07768342, 0.1673741 , 0.4633813 ,
        0.00287818],
       [0.04551371, 0.42961112, 0.70959538, 0.49081781, 0.80400874,
        0.46417485]]), array([[0.91132096, 0.82942713, 0.44947153, 0.69897068, 0.07022017,
        0.83351347],
       [0.01640483, 0.25268884, 0.84420796, 0.31881066, 0.89236458,
        0.52435262],
       [0.85648276, 0.60655829, 0.34672982, 0.14168072, 0.15151021,
        0.30861051],
       [0.05083038, 0.66449647, 0.54434665, 0.03101806, 0.77787656,
        0.00955753],
       [0.06828534, 0.47602589, 0.606036  , 0.51726037, 0.724869  ,
        0.94090542],
       [0.01224184, 0.79466231, 0.12221963, 0.74468321, 0.06989678,
        0.09743183]]), array([[0.80246916, 0.13819545, 0.81014052, 0.35693618, 0.68343982,
        0.86544107],
       [0.04193239, 0.22884725, 0.49981874, 0.94881824, 0.65592021,
        0.19072304],
       [0.32037316, 0.64196228, 0.9443139 , 0.13131437, 0.72081515,
        0.06606325],
       [0.89798854, 0.52890839, 0.50046606, 0.35350165, 0.62828266,
        0.72377681],
       [0.474166  , 0.2199736 , 0.78201518, 0.39972982, 0.21362159,
        0.05534693],
       [0.18265302, 0.17198044, 0.85547444, 0.34800365, 0.76627808,
        0.05227739]]), array([[0.35366428, 0.25380236, 0.89170496, 0.33802063, 0.65360108,
        0.62248354],
       [0.16412515, 0.44414749, 0.56703802, 0.41401596, 0.04121079,
        0.12241853],
       [0.82500691, 0.17019342, 0.62612604, 0.60156364, 0.39256697,
        0.51541296],
       [0.74673488, 0.27553459, 0.62579531, 0.77966411, 0.35929822,
        0.97809195],
       [0.16415284, 0.85053311, 0.60706246, 0.74609286, 0.40536478,
        0.2855007 ],
       [0.78535438, 0.63791986, 0.76588315, 0.51111159, 0.43884595,
        0.65492847]]), array([[0.39924027, 0.11043803, 0.33377812, 0.58999919, 0.45451751,
        0.95614717],
       [0.70803744, 0.00461148, 0.58163366, 0.75676511, 0.52154382,
        0.3176437 ],
       [0.98648059, 0.97252567, 0.53131362, 0.44922328, 0.6757827 ,
        0.97939923],
       [0.08111512, 0.18823195, 0.4761545 , 0.45945057, 0.07915024,
        0.472844  ],
       [0.70228671, 0.56108343, 0.43500624, 0.34905934, 0.92870669,
        0.10587133],
       [0.70820231, 0.03616752, 0.68005304, 0.62754135, 0.98761618,
        0.93079517]]), array([[0.41175253, 0.87364215, 0.95384775, 0.12708669, 0.10142695,
        0.44952825],
       [0.14111325, 0.87105664, 0.32677964, 0.21129948, 0.5719125 ,
        0.69556852],
       [0.41056623, 0.67038038, 0.84644611, 0.87687848, 0.76290628,
        0.98368868],
       [0.28276757, 0.94191609, 0.63400243, 0.17138569, 0.29228356,
        0.10362344],
       [0.61623036, 0.81860755, 0.84025184, 0.15939534, 0.08734785,
        0.49870358],
       [0.05056938, 0.48697099, 0.16848546, 0.39532572, 0.39093257,
        0.59881272]]), array([[0.43394298, 0.57047669, 0.5149213 , 0.13064506, 0.42650789,
        0.89925145],
       [0.92721156, 0.3922072 , 0.15285272, 0.51967571, 0.26613931,
        0.64036827],
       [0.33179917, 0.90668409, 0.85850446, 0.05570607, 0.30173813,
        0.57516083],
       [0.08924197, 0.61231387, 0.46086147, 0.46631734, 0.10024035,
        0.33513286],
       [0.53887609, 0.95138107, 0.1928177 , 0.59233972, 0.21834746,
        0.52525937],
       [0.52337945, 0.90625673, 0.53466658, 0.20245039, 0.2073024 ,
        0.78785827]]), array([[0.59665354, 0.79544302, 0.53908325, 0.09046784, 0.45227314,
        0.08001924],
       [0.10594313, 0.24487868, 0.20988663, 0.55660531, 0.74260022,
        0.66320825],
       [0.22810796, 0.35305752, 0.04448155, 0.55329942, 0.9344049 ,
        0.37991742],
       [0.14441011, 0.30620232, 0.35526785, 0.7583843 , 0.28984801,
        0.91583565],
       [0.5733611 , 0.01198796, 0.90969373, 0.0315582 , 0.82288213,
        0.31041464],
       [0.87058345, 0.62550783, 0.40809872, 0.33992511, 0.63408846,
        0.69046356]]), array([[0.86543961, 0.83411676, 0.24892534, 0.4194595 , 0.2507448 ,
        0.56522526],
       [0.12199338, 0.88589528, 0.33404653, 0.53632626, 0.83970333,
        0.62316886],
       [0.17804888, 0.06466197, 0.41993666, 0.10591823, 0.08113097,
        0.10565374],
       [0.16951692, 0.07808448, 0.40821509, 0.53241797, 0.42556745,
        0.00295836],
       [0.53867287, 0.37051225, 0.92087946, 0.9308697 , 0.88953669,
        0.5833271 ],
       [0.39806558, 0.26983669, 0.50397803, 0.17407966, 0.0662461 ,
        0.27331938]]), array([[0.02079639, 0.82188714, 0.17645812, 0.52251095, 0.41385433,
        0.24586549],
       [0.76019491, 0.77622048, 0.17368653, 0.47769564, 0.6763252 ,
        0.86375435],
       [0.84659525, 0.64674782, 0.42568692, 0.45294569, 0.67525389,
        0.21914863],
       [0.17216109, 0.73275051, 0.56029755, 0.94497005, 0.78255921,
        0.96388811],
       [0.263436  , 0.22734857, 0.95445808, 0.05038714, 0.68701773,
        0.22803906],
       [0.4619513 , 0.56565889, 0.17363243, 0.30948545, 0.26149445,
        0.7451563 ]]), array([[0.1372048 , 0.8468378 , 0.78997651, 0.36513362, 0.3220394 ,
        0.98730568],
       [0.74350928, 0.46636248, 0.45675431, 0.27935668, 0.07596354,
        0.2925616 ],
       [0.04644039, 0.5222487 , 0.1773426 , 0.86470071, 0.83641789,
        0.89071919],
       [0.23192822, 0.14496886, 0.5993627 , 0.63713323, 0.61354195,
        0.38110841],
       [0.82994958, 0.0811549 , 0.96619815, 0.77268863, 0.65310706,
        0.33765671],
       [0.53025779, 0.39849778, 0.22031299, 0.51966838, 0.16067858,
        0.28114893]]), array([[0.52137027, 0.85987596, 0.61871216, 0.76138001, 0.353571  ,
        0.83496132],
       [0.46251211, 0.10490512, 0.86930498, 0.75976252, 0.14079599,
        0.42822357],
       [0.46419044, 0.6283376 , 0.98424152, 0.40005793, 0.61688792,
        0.67390815],
       [0.93391259, 0.88819105, 0.63161603, 0.86715953, 0.16256599,
        0.81019476],
       [0.33418134, 0.65979046, 0.06839516, 0.26605179, 0.19039711,
        0.70376156],
       [0.82607112, 0.53864666, 0.47614145, 0.12977441, 0.85957271,
        0.45126616]]), array([[0.51036024, 0.30501646, 0.41919997, 0.7748873 , 0.78554086,
        0.40825552],
       [0.83879408, 0.42801744, 0.79989155, 0.15778496, 0.45412428,
        0.34973667],
       [0.68390963, 0.10084438, 0.14721013, 0.84357399, 0.9709635 ,
        0.52862005],
       [0.52621142, 0.40477537, 0.49710014, 0.25366829, 0.22100321,
        0.44836164],
       [0.02026974, 0.43208644, 0.20363008, 0.26539539, 0.35768401,
        0.22291363],
       [0.60173599, 0.61370245, 0.5175707 , 0.23891307, 0.29976343,
        0.47224006]]), array([[0.61972942, 0.01010402, 0.38108088, 0.65407064, 0.90123815,
        0.38282385],
       [0.66846257, 0.11326636, 0.6057727 , 0.35580116, 0.25757477,
        0.85840029],
       [0.66545375, 0.55394666, 0.40247453, 0.08943477, 0.0092701 ,
        0.88481606],
       [0.03910807, 0.29293538, 0.04898015, 0.65189415, 0.12125773,
        0.47824101],
       [0.16511768, 0.60745934, 0.42940473, 0.20051513, 0.42975143,
        0.54891811],
       [0.48905103, 0.58143599, 0.15087039, 0.31432639, 0.66260292,
        0.67624515]]), array([[0.72259864, 0.81899298, 0.79468965, 0.37920883, 0.36287104,
        0.73821718],
       [0.34441236, 0.34684545, 0.98453578, 0.47650149, 0.8789812 ,
        0.55813116],
       [0.56740612, 0.47144692, 0.89906705, 0.45341569, 0.00461535,
        0.70635457],
       [0.91675117, 0.22596777, 0.75263402, 0.61806449, 0.31464827,
        0.98469001],
       [0.44642856, 0.27253759, 0.41390291, 0.82894735, 0.687722  ,
        0.18209901],
       [0.78959985, 0.4624458 , 0.48215543, 0.37119197, 0.90041349,
        0.71994064]]), array([[0.70374516, 0.34340122, 0.1157585 , 0.52510556, 0.04274239,
        0.76697418],
       [0.74810889, 0.98193859, 0.71851964, 0.6085038 , 0.78134485,
        0.33977468],
       [0.95572174, 0.98871875, 0.38992764, 0.55522079, 0.61041018,
        0.80216712],
       [0.25906166, 0.68750846, 0.43973044, 0.85922408, 0.63540704,
        0.71014835],
       [0.93641644, 0.02036928, 0.05158616, 0.80070401, 0.8368673 ,
        0.64924421],
       [0.67095875, 0.85892317, 0.22141717, 0.75688489, 0.15962205,
        0.93387509]]), array([[0.36407763, 0.10140543, 0.13426546, 0.43153875, 0.91710404,
        0.31331691],
       [0.8937586 , 0.94322365, 0.9862593 , 0.19148261, 0.86254592,
        0.88139172],
       [0.21171865, 0.12128996, 0.5013094 , 0.12884413, 0.76297312,
        0.85024826],
       [0.60505717, 0.12454469, 0.49610144, 0.53027142, 0.884587  ,
        0.25651469],
       [0.38903356, 0.66177064, 0.90461233, 0.72984361, 0.85284727,
        0.93172258],
       [0.90938058, 0.11065412, 0.2047923 , 0.65506541, 0.39011674,
        0.60163956]]), array([[0.214363  , 0.13968923, 0.16897399, 0.47965138, 0.84428579,
        0.54492971],
       [0.18761606, 0.59027187, 0.13134465, 0.39748886, 0.76752417,
        0.68317078],
       [0.81634854, 0.60988553, 0.40370049, 0.34992675, 0.20957924,
        0.43625987],
       [0.52302987, 0.98491971, 0.7737332 , 0.82232896, 0.77520837,
        0.57103805],
       [0.10072176, 0.36380573, 0.32366424, 0.50143202, 0.03383339,
        0.61845379],
       [0.08807179, 0.319329  , 0.08168602, 0.93851167, 0.24835635,
        0.7433301 ]]), array([[0.47102943, 0.7967678 , 0.79926686, 0.51726145, 0.20914452,
        0.91215515],
       [0.02213903, 0.01129409, 0.60289925, 0.29453138, 0.56423712,
        0.47387363],
       [0.50262447, 0.01733508, 0.56848745, 0.55057999, 0.92061413,
        0.79593469],
       [0.62848997, 0.54744227, 0.43262345, 0.48840553, 0.2262029 ,
        0.34643586],
       [0.81836085, 0.49839505, 0.00264018, 0.32655301, 0.86095344,
        0.54602114],
       [0.18496509, 0.95689172, 0.86870869, 0.04077333, 0.40299665,
        0.6627705 ]]), array([[0.29216458, 0.19690336, 0.21610591, 0.00484308, 0.66914982,
        0.46071832],
       [0.80936409, 0.95109879, 0.97696168, 0.19337452, 0.15782161,
        0.10898315],
       [0.67229278, 0.76187454, 0.73361494, 0.02511988, 0.65332343,
        0.85470242],
       [0.26849209, 0.55826901, 0.43076287, 0.48762079, 0.83411455,
        0.76726539],
       [0.32132718, 0.77528767, 0.61732026, 0.17268869, 0.6023589 ,
        0.65722518],
       [0.4159456 , 0.83104317, 0.20573388, 0.91446017, 0.14424935,
        0.27802755]]), array([[0.19580528, 0.49769558, 0.29663552, 0.77754791, 0.01456895,
        0.22129789],
       [0.96192214, 0.08917117, 0.9357474 , 0.6802775 , 0.09795178,
        0.47698803],
       [0.83988329, 0.92306743, 0.36335214, 0.45964866, 0.1452584 ,
        0.20579497],
       [0.22600915, 0.92790788, 0.7591454 , 0.45606528, 0.43575876,
        0.91486586],
       [0.87632612, 0.78920222, 0.05622672, 0.93893612, 0.56280787,
        0.86340256],
       [0.54195368, 0.10172874, 0.54616742, 0.49062313, 0.77337243,
        0.15506022]]), array([[0.65849785, 0.59154469, 0.387305  , 0.5145558 , 0.09999763,
        0.83672093],
       [0.24764194, 0.36333353, 0.7068908 , 0.49475907, 0.76137329,
        0.6095939 ],
       [0.54680911, 0.67049679, 0.73622573, 0.54842182, 0.67284773,
        0.28983468],
       [0.77830558, 0.08624474, 0.39839571, 0.4278859 , 0.65331753,
        0.13814833],
       [0.57369487, 0.06719327, 0.74305975, 0.6534584 , 0.86588261,
        0.26157735],
       [0.84222648, 0.39605619, 0.99828573, 0.09281449, 0.69819828,
        0.30834237]]), array([[0.66235052, 0.21869626, 0.02843792, 0.32445424, 0.7940945 ,
        0.39814635],
       [0.18214188, 0.07959684, 0.52050092, 0.85853727, 0.53663398,
        0.08424893],
       [0.44647566, 0.21506858, 0.04446616, 0.45590029, 0.13400032,
        0.33629745],
       [0.37371914, 0.2168417 , 0.36926602, 0.61577438, 0.98983499,
        0.12753776],
       [0.13444317, 0.74370121, 0.79093352, 0.91168655, 0.03410714,
        0.19959082],
       [0.24537563, 0.35936195, 0.15244048, 0.88655148, 0.34196344,
        0.80521842]]), array([[0.83820844, 0.80519966, 0.21474806, 0.6703816 , 0.74604035,
        0.29070772],
       [0.5705626 , 0.55517622, 0.26771017, 0.91089423, 0.63071031,
        0.67930913],
       [0.41102284, 0.08534284, 0.96749715, 0.91983322, 0.28992444,
        0.17787913],
       [0.81369218, 0.25008155, 0.28847225, 0.86350251, 0.36855906,
        0.60324583],
       [0.962607  , 0.15467875, 0.0732645 , 0.48566622, 0.64791428,
        0.06094039],
       [0.98205979, 0.31947491, 0.34782661, 0.31297524, 0.81564899,
        0.55487721]]), array([[0.6829047 , 0.7493233 , 0.09113337, 0.52700472, 0.68491251,
        0.39913613],
       [0.84649927, 0.66443338, 0.47962749, 0.25468294, 0.25780638,
        0.40393358],
       [0.1799628 , 0.97346522, 0.92310517, 0.36005656, 0.0381546 ,
        0.75259832],
       [0.36328729, 0.8693137 , 0.7432742 , 0.89376582, 0.79274632,
        0.29122718],
       [0.34535139, 0.4803937 , 0.3017027 , 0.40296529, 0.4645922 ,
        0.60320555],
       [0.39985037, 0.20499818, 0.54354515, 0.92829663, 0.75292025,
        0.25590705]]), array([[0.32387378, 0.57499716, 0.87832337, 0.85451753, 0.53197572,
        0.27795707],
       [0.85724046, 0.0836945 , 0.69490754, 0.32691176, 0.77690522,
        0.34211435],
       [0.65057767, 0.23621795, 0.02492263, 0.19514795, 0.34179479,
        0.45173154],
       [0.12149834, 0.27464711, 0.72984153, 0.58248727, 0.44605925,
        0.16467922],
       [0.26924383, 0.53841952, 0.99560515, 0.15187714, 0.57702663,
        0.83060945],
       [0.40316848, 0.22012719, 0.92269399, 0.24662814, 0.63923157,
        0.11018945]]), array([[0.23877037, 0.925114  , 0.74036658, 0.22435378, 0.68744681,
        0.43609804],
       [0.76693588, 0.60639765, 0.8657505 , 0.64513457, 0.72452886,
        0.89117087],
       [0.20483636, 0.18230529, 0.14991765, 0.64659107, 0.42079376,
        0.97554033],
       [0.76608334, 0.68649452, 0.72939238, 0.92065061, 0.45335214,
        0.02542021],
       [0.10883736, 0.45043243, 0.36496153, 0.87012642, 0.88223705,
        0.67747013],
       [0.23475413, 0.31535521, 0.58770616, 0.41428417, 0.39979596,
        0.4181013 ]]), array([[0.76774244, 0.97066699, 0.52369419, 0.57338693, 0.307898  ,
        0.18119147],
       [0.78864758, 0.66235301, 0.06446657, 0.30764122, 0.74057515,
        0.5343266 ],
       [0.3173877 , 0.84460443, 0.58830573, 0.84948894, 0.34252793,
        0.18806535],
       [0.14757279, 0.94980992, 0.63710545, 0.08952591, 0.56959561,
        0.87796496],
       [0.78015068, 0.25270011, 0.82456263, 0.02064249, 0.3855981 ,
        0.36509048],
       [0.8922947 , 0.90460631, 0.71359649, 0.19183243, 0.92655667,
        0.60114681]]), array([[2.36841528e-01, 6.88287086e-01, 9.33516580e-01, 6.86896269e-01,
        4.46553681e-01, 5.94911311e-01],
       [8.78214575e-01, 4.21700950e-01, 7.42930219e-01, 9.11503254e-01,
        2.76964195e-02, 6.25258671e-01],
       [4.23871296e-01, 1.53009022e-01, 7.94917058e-01, 4.57955965e-04,
        5.97988270e-01, 3.55786310e-01],
       [4.73464408e-01, 5.15875219e-01, 7.66927861e-01, 7.74136584e-01,
        8.54755012e-01, 5.08119430e-01],
       [6.74467374e-01, 4.44369244e-01, 9.03968938e-01, 9.57759107e-01,
        1.92059184e-01, 3.73023699e-01],
       [6.20324247e-01, 2.77867370e-01, 6.59899345e-01, 9.89661408e-01,
        1.28519606e-01, 5.62989934e-01]]), array([[0.75658786, 0.62766073, 0.74469976, 0.78721122, 0.36319413,
        0.68359107],
       [0.87703653, 0.47965352, 0.57630878, 0.1983308 , 0.94601876,
        0.13553644],
       [0.87826085, 0.39714167, 0.68241455, 0.02998281, 0.44191518,
        0.29163919],
       [0.59328439, 0.51910355, 0.25026872, 0.20765483, 0.1961064 ,
        0.45532909],
       [0.47913606, 0.06375398, 0.42409145, 0.0237616 , 0.59631706,
        0.23533963],
       [0.29645276, 0.17406702, 0.92043356, 0.89192491, 0.39020347,
        0.46904045]]), array([[0.91743086, 0.33877375, 0.54968776, 0.06427505, 0.96607597,
        0.09591114],
       [0.33158377, 0.99041588, 0.06460929, 0.47244983, 0.28212639,
        0.55989693],
       [0.33515681, 0.81450441, 0.4713856 , 0.63462153, 0.09916164,
        0.45195921],
       [0.88882474, 0.66087854, 0.37931967, 0.65678661, 0.82828216,
        0.46667145],
       [0.49653552, 0.64978982, 0.61674588, 0.73201293, 0.75125962,
        0.66707833],
       [0.3162694 , 0.41021577, 0.54120937, 0.42086786, 0.21917381,
        0.7671062 ]]), array([[0.21832833, 0.2782436 , 0.62161202, 0.63708355, 0.56785246,
        0.47592974],
       [0.77144272, 0.09764461, 0.73097067, 0.25199947, 0.06481559,
        0.96811408],
       [0.885726  , 0.88802712, 0.72635274, 0.95649509, 0.34728025,
        0.82764897],
       [0.63446451, 0.2673445 , 0.04713788, 0.22915746, 0.08964015,
        0.20124555],
       [0.2187407 , 0.14928446, 0.04580152, 0.7486682 , 0.91954031,
        0.85424727],
       [0.41074393, 0.85917357, 0.17004903, 0.97570338, 0.15053306,
        0.34631301]]), array([[0.18752574, 0.51266259, 0.63830446, 0.55595313, 0.6700135 ,
        0.702071  ],
       [0.29397546, 0.38214854, 0.57455815, 0.58142084, 0.96880765,
        0.63483994],
       [0.36365489, 0.66753724, 0.13746905, 0.37763865, 0.4175013 ,
        0.63743437],
       [0.64012344, 0.29734145, 0.12857143, 0.12602282, 0.27410832,
        0.5556032 ],
       [0.92381798, 0.45005501, 0.25261306, 0.68255063, 0.30598233,
        0.71622688],
       [0.5554104 , 0.50807016, 0.53960103, 0.41423751, 0.59377825,
        0.46189788]]), array([[0.82325063, 0.52870645, 0.92484193, 0.81523895, 0.31657381,
        0.29057231],
       [0.79505867, 0.97733445, 0.84012146, 0.85345533, 0.71059208,
        0.55102586],
       [0.47149159, 0.60590121, 0.58637888, 0.42649362, 0.01155336,
        0.17218341],
       [0.92511183, 0.10711136, 0.40714008, 0.51336659, 0.75157337,
        0.64591877],
       [0.56548049, 0.67481799, 0.86097218, 0.0904186 , 0.08421619,
        0.64752061],
       [0.35481713, 0.10243718, 0.96729853, 0.51906648, 0.67033256,
        0.53994527]]), array([[0.51956057, 0.80933987, 0.98158897, 0.87631051, 0.47809982,
        0.11576855],
       [0.78536936, 0.79446115, 0.33462121, 0.00672614, 0.60897178,
        0.66542934],
       [0.50791776, 0.87738901, 0.57123054, 0.93236487, 0.65131221,
        0.80007584],
       [0.86275016, 0.0067163 , 0.07545881, 0.4791798 , 0.94539872,
        0.7527038 ],
       [0.87799818, 0.94318053, 0.22469909, 0.98303081, 0.52187033,
        0.87283822],
       [0.448866  , 0.76264853, 0.63835285, 0.22250826, 0.44910881,
        0.44330436]]), array([[0.03094451, 0.11617015, 0.99400413, 0.27358814, 0.07290312,
        0.09058171],
       [0.45266287, 0.71945145, 0.97082072, 0.12642497, 0.27672615,
        0.41077864],
       [0.24248167, 0.09319186, 0.50144014, 0.86342133, 0.99426294,
        0.5182737 ],
       [0.73406523, 0.3322513 , 0.42713964, 0.16192025, 0.2700874 ,
        0.58180005],
       [0.85685324, 0.82481658, 0.16686806, 0.41278178, 0.9652548 ,
        0.94712996],
       [0.2255798 , 0.18756595, 0.08575894, 0.55103986, 0.14534712,
        0.96318442]]), array([[0.24891296, 0.93389463, 0.52490107, 0.54266279, 0.34988707,
        0.94531302],
       [0.62609791, 0.28230297, 0.57860871, 0.57853101, 0.98057065,
        0.21604974],
       [0.0157191 , 0.32164125, 0.02582267, 0.29720686, 0.04769304,
        0.63882966],
       [0.39269772, 0.307669  , 0.19316941, 0.44321179, 0.87670822,
        0.97465827],
       [0.45917789, 0.72261054, 0.18930326, 0.89130836, 0.43122374,
        0.22552995],
       [0.90326658, 0.53797466, 0.76135758, 0.08411519, 0.60806718,
        0.89262772]]), array([[0.90820586, 0.24030002, 0.24636125, 0.99144922, 0.37896214,
        0.86707239],
       [0.53338722, 0.45711499, 0.49072619, 0.15824481, 0.98678864,
        0.56964019],
       [0.65446376, 0.10351583, 0.49728118, 0.25331963, 0.63112727,
        0.75593099],
       [0.05360933, 0.28599962, 0.75876305, 0.06174274, 0.15291987,
        0.31811716],
       [0.02891635, 0.60187509, 0.16595227, 0.21591561, 0.11250775,
        0.51072894],
       [0.42901172, 0.47834375, 0.88643783, 0.34703105, 0.16265066,
        0.6170996 ]]), array([[0.23888941, 0.44101422, 0.42915523, 0.13993999, 0.73651275,
        0.59265372],
       [0.32877042, 0.34375759, 0.2667902 , 0.6591582 , 0.08750787,
        0.49526927],
       [0.14973285, 0.4165744 , 0.2769721 , 0.14932231, 0.11872595,
        0.41437498],
       [0.46677999, 0.97064002, 0.43754092, 0.50829074, 0.88587372,
        0.01319532],
       [0.48853578, 0.33986213, 0.04339086, 0.37849363, 0.99852868,
        0.1433462 ],
       [0.50209646, 0.52273783, 0.93117552, 0.06871208, 0.6894109 ,
        0.86561905]]), array([[0.90559402, 0.16857434, 0.85764215, 0.82229812, 0.40219427,
        0.28391354],
       [0.58957716, 0.90305157, 0.03183385, 0.23141473, 0.36377763,
        0.98145585],
       [0.8414808 , 0.26411406, 0.39301761, 0.73420314, 0.22879898,
        0.87558803],
       [0.80465052, 0.83277149, 0.4620701 , 0.56317117, 0.04277348,
        0.95210362],
       [0.74471967, 0.33588876, 0.37140703, 0.72984996, 0.24796739,
        0.89172667],
       [0.04385174, 0.44001512, 0.73470647, 0.38371402, 0.40502342,
        0.79844947]]), array([[0.43998673, 0.68832571, 0.47854458, 0.69555287, 0.09867155,
        0.97807846],
       [0.45655108, 0.43318994, 0.46223418, 0.06088638, 0.64652958,
        0.81251643],
       [0.77655808, 0.05261953, 0.75990898, 0.47592393, 0.35207343,
        0.78023893],
       [0.505166  , 0.49605695, 0.94828025, 0.58908861, 0.04359725,
        0.65514006],
       [0.37274023, 0.48231881, 0.85391054, 0.78682254, 0.32993948,
        0.66632299],
       [0.94089536, 0.70494722, 0.20142631, 0.16406208, 0.76697127,
        0.43465461]]), array([[0.39796726, 0.65627836, 0.75349155, 0.91974529, 0.27599136,
        0.28061898],
       [0.78146317, 0.54183367, 0.85436594, 0.310551  , 0.38617626,
        0.13865419],
       [0.96825575, 0.11615446, 0.17174364, 0.50567854, 0.42752795,
        0.09509873],
       [0.63835054, 0.84948128, 0.56064549, 0.90971849, 0.92562455,
        0.9055734 ],
       [0.33168625, 0.97249352, 0.40457852, 0.48831132, 0.91391441,
        0.57056287],
       [0.71261333, 0.83101235, 0.673368  , 0.99492822, 0.47815755,
        0.11518733]]), array([[0.45055956, 0.14216737, 0.89415522, 0.3650505 , 0.36636403,
        0.71926999],
       [0.13032767, 0.42970519, 0.57365155, 0.47856854, 0.33195479,
        0.63195731],
       [0.88936903, 0.65104407, 0.42199972, 0.80114613, 0.90198315,
        0.06662881],
       [0.11057412, 0.47095139, 0.66473513, 0.26353614, 0.38970153,
        0.26997946],
       [0.92073916, 0.21711779, 0.70342652, 0.18857514, 0.96027728,
        0.33223693],
       [0.0775334 , 0.56190876, 0.62917833, 0.02483585, 0.32380052,
        0.29535225]]), array([[0.4052927 , 0.44456536, 0.31479854, 0.956037  , 0.90043376,
        0.71155384],
       [0.38760459, 0.23048145, 0.51641639, 0.63203319, 0.95520573,
        0.54762464],
       [0.63932216, 0.0218834 , 0.64942925, 0.00128935, 0.26166235,
        0.50269561],
       [0.82767726, 0.81294468, 0.4700754 , 0.61294667, 0.83848298,
        0.17775755],
       [0.01179205, 0.4606016 , 0.72456329, 0.61075512, 0.39285198,
        0.5320251 ],
       [0.27146803, 0.82877691, 0.6368486 , 0.21366167, 0.54748297,
        0.00657374]]), array([[0.55193719, 0.23366891, 0.88975789, 0.00801487, 0.80464526,
        0.29950316],
       [0.84402891, 0.9376733 , 0.0523221 , 0.16257677, 0.7757263 ,
        0.18655249],
       [0.67194349, 0.02678225, 0.34204781, 0.155577  , 0.59513111,
        0.35092821],
       [0.06701942, 0.04041328, 0.60199859, 0.30569481, 0.97127288,
        0.37177815],
       [0.13510999, 0.92858729, 0.36547582, 0.02628689, 0.94079805,
        0.79714757],
       [0.40271735, 0.30566257, 0.3407688 , 0.2051703 , 0.60367674,
        0.83758348]]), array([[0.11684785, 0.81385704, 0.76115525, 0.35379574, 0.11857631,
        0.03592142],
       [0.98654544, 0.04211886, 0.54269084, 0.86045758, 0.54221571,
        0.5863925 ],
       [0.64551007, 0.0956035 , 0.58129535, 0.37984524, 0.87714367,
        0.72504316],
       [0.51345068, 0.89353921, 0.88783132, 0.68589413, 0.13333148,
        0.22554443],
       [0.29707943, 0.41796603, 0.80214728, 0.70948381, 0.69057443,
        0.79935467],
       [0.62470568, 0.4729663 , 0.39502792, 0.24297061, 0.07065115,
        0.78149833]]), array([[0.98565152, 0.23833784, 0.44203255, 0.61264283, 0.41570382,
        0.49707817],
       [0.66777673, 0.88989412, 0.03066185, 0.29873907, 0.29238221,
        0.32492735],
       [0.02960946, 0.74372923, 0.18857044, 0.73544103, 0.18474558,
        0.68357939],
       [0.61024985, 0.94504208, 0.70626909, 0.99512143, 0.2826906 ,
        0.46743741],
       [0.27970088, 0.58433932, 0.49177523, 0.74956216, 0.48451497,
        0.2340581 ],
       [0.40000065, 0.93890945, 0.14433071, 0.21850893, 0.62836082,
        0.3446326 ]]), array([[ 0.07568443,  0.39502591,  0.35273576, -0.21245868, -0.19242655,
        -0.41414592],
       [ 0.15075973,  0.26413699,  0.28931989,  0.25620251,  0.45735157,
         0.19781167],
       [ 0.81921869,  0.86395997,  0.46999627,  0.18764298,  0.95603872,
         0.6111743 ],
       [-0.1738076 , -0.05154914,  0.06411726,  0.29107056,  0.20334058,
        -0.33535554],
       [ 0.27246715,  0.33749623,  0.69083905,  0.8450056 ,  0.91856943,
         0.21412921],
       [ 0.08689502,  0.4179287 , -0.31157529, -0.3592058 , -0.10663853,
         0.27665474]]), array([[-4.20028700e-06,  3.54142887e-01, -4.99474888e-01,
         3.01892523e-07,  1.73026212e-01, -1.90828855e-06]])] 
 0.5, 
 1e-19, 
 10000