weigths: [array([[ 0.96834136, -0.33829959,  0.73401599,  0.98396828,  3.49606256,
        -0.37449706],
       [-1.16409887,  0.89138444, -2.06098992, -0.37299136, -3.16480525,
        -0.6992484 ],
       [-1.17220977,  0.13895126, -1.94735845,  0.14966786, -2.10115366,
        -0.77623616],
       [ 0.6945251 , -0.68325432,  0.80041892,  0.91632473,  2.72423715,
        -0.10331318],
       [-0.86959789, -0.6225462 , -0.71978598,  0.33745308,  0.26584118,
        -0.90556665],
       [-1.31102374, -0.45956207, -1.54751532,  0.38722674, -3.29549877,
        -0.43834799],
       [ 0.41429516, -0.34635327,  0.39824423,  0.52798358,  1.96172152,
        -0.21797438],
       [-1.20861573,  0.14841651, -2.19477754,  0.0716167 , -1.17557379,
        -0.84639432],
       [-1.08304254, -2.1868778 , -2.37903206, -0.32329276, -0.31404512,
         0.35311623],
       [-1.18433969,  0.25135487, -2.19489563,  0.28377102, -2.02885424,
        -0.99779811],
       [-1.23753522,  0.85541188, -1.55894143, -0.51985245, -4.97513078,
        -0.3206065 ],
       [-1.12531782,  0.73747745, -2.22349748,  0.00613577, -2.50133469,
        -1.0128836 ]]), array([[-5.83214195e-01,  5.46991581e-01,  3.55951105e-01,
        -5.03459839e-01, -5.54711130e-01,  3.45345466e-01,
        -5.37530461e-01,  5.06644403e-01,  6.90726827e-01,
         4.98219442e-01,  6.31194691e-01,  3.25768667e-01],
       [ 9.95021720e-01, -1.88738065e+00, -1.32762453e+00,
         5.27890023e-01, -2.02214644e-01, -2.43530226e+00,
        -8.16893558e-02, -4.34515372e-01, -3.66840516e+00,
        -2.21380783e+00, -2.92619744e+00, -1.54501686e+00],
       [ 7.06986453e-01, -1.76329006e+00, -1.30049080e+00,
         5.73360023e-01,  4.13457416e-01, -3.70169456e+00,
         4.49886460e-01, -3.54859211e-01, -4.89519503e+00,
        -2.35600580e+00, -4.44776575e+00, -1.31306285e+00],
       [ 2.35543585e+00, -4.68621712e+00, -3.29063857e+00,
         2.07523625e+00, -6.57517743e-01, -5.78627744e+00,
         1.07641149e+00, -2.78631842e+00, -6.72508511e+00,
        -4.20467330e+00, -6.99187328e+00, -4.13327349e+00],
       [-4.43649070e-02, -6.69310369e-01, -7.18611599e-01,
        -3.05443867e-01, -5.15263955e-01, -1.37024874e+00,
         2.65516874e-01, -4.34149109e-02, -1.30471785e+00,
        -5.27350600e-01, -1.50941808e+00, -9.62024540e-01],
       [-4.12549395e-01,  1.76378028e+00,  1.39499791e+00,
        -6.35936830e-01, -1.31422746e-01,  1.52877719e+00,
        -1.90362197e-01,  1.41643688e+00,  1.05722215e+00,
         1.21654791e+00,  8.82475656e-01,  1.87836358e+00],
       [ 2.23720068e+00, -3.26941363e+00, -1.95215375e+00,
         1.12254991e+00, -3.72022986e-02, -5.30881190e+00,
         8.67623847e-01, -1.81888188e+00, -7.34910589e+00,
        -3.36253460e+00, -6.70928241e+00, -3.06161085e+00],
       [ 2.31125836e-01, -1.30481509e+00, -5.82378598e-01,
         1.94483345e-02, -5.48458974e-01, -1.22991441e+00,
         1.65756104e-01, -4.31935790e-01, -2.40804536e+00,
        -8.43696199e-01, -1.50724289e+00, -5.93892977e-01],
       [-8.65492866e-01,  1.37574720e+00,  1.08973492e+00,
         7.08017123e-03,  6.03349283e-01,  1.20602774e+00,
        -5.66183458e-01,  1.72935673e+00,  1.14294686e+00,
         1.32010307e+00,  7.78753317e-01,  1.52633108e+00],
       [ 2.04877067e-01, -1.17319694e+00, -1.18566910e+00,
         7.58648418e-01, -2.70265175e-01, -2.33879303e+00,
         2.72943412e-01, -4.08391696e-01, -4.04249303e+00,
        -1.40099435e+00, -2.67896682e+00, -1.23261356e+00],
       [ 2.25887751e-02,  7.53181343e-01,  7.01675383e-01,
        -5.59400118e-02,  1.21252492e-01,  6.74345468e-01,
         1.14095674e-01,  1.05098177e+00,  9.61974064e-01,
         1.28013111e+00,  1.31623554e+00,  1.47573903e+00],
       [-7.21305719e-01,  1.53733677e+00,  1.49343519e+00,
        -4.11882195e-01,  3.86358400e-01,  1.81007739e+00,
        -5.94072936e-01,  1.07738720e+00,  1.20418194e+00,
         1.15418606e+00,  1.11355659e+00,  1.63308722e+00]]), array([[ 5.64989931e-01,  7.16363736e-01,  4.21957273e-01,
         3.85413927e-01,  9.39837759e-02,  2.49612325e-01,
         5.18020135e-01,  7.33029834e-01,  1.68984879e-02,
         2.89194061e-01, -3.15235605e-01,  2.25821381e-01],
       [-1.45158287e+00,  1.43686134e+00,  1.65518200e+00,
         5.11410807e+00,  4.35299131e-01, -2.46545454e+00,
         3.85149511e+00,  9.14687970e-01, -2.24839930e+00,
         1.33812487e+00, -1.88380899e+00, -2.36682378e+00],
       [-2.51614397e-01, -8.67122219e-01, -1.55178119e-02,
        -3.37688034e-01, -3.19818568e-01,  3.05005178e-02,
        -3.01131408e-01, -4.71508707e-01, -3.81023797e-01,
        -8.81581620e-01, -1.70744065e-01, -3.15430094e-01],
       [ 4.05032142e-03, -7.81305518e-01, -9.22504220e-01,
        -1.25395669e+00, -5.90921790e-01,  3.31221932e-01,
        -1.08058262e+00, -1.12156080e-01,  2.52255068e-01,
        -9.64306889e-02,  7.27584711e-01,  4.34510911e-01],
       [ 3.15698524e-01, -1.07034516e+00, -1.15168393e+00,
        -9.81179001e-01, -1.91625020e-01,  9.90123671e-01,
        -1.61270907e+00, -7.94717527e-01,  8.42295052e-01,
        -3.17227312e-01,  6.88649023e-01,  1.55294715e-01],
       [-1.25706151e-01, -1.31220425e+00, -1.93030380e+00,
        -2.37298342e+00, -1.05254435e+00,  8.25757506e-01,
        -1.97491171e+00, -1.29130307e+00,  4.08875198e-01,
        -1.58438067e+00,  7.36961703e-01,  4.81209291e-01],
       [ 8.53845467e-01, -1.89979086e+00, -2.18414758e+00,
        -5.47961565e+00, -4.52372193e-01,  2.31184805e+00,
        -3.81041638e+00, -3.44327935e-01,  2.48728697e+00,
        -1.13110156e+00,  2.40384292e+00,  2.30266303e+00],
       [ 9.99014579e-02,  3.39614050e-01,  4.26733607e-01,
         1.11580234e+00,  6.63883056e-01, -1.50086390e-01,
         3.41929021e-01, -2.49432715e-01, -7.67719096e-01,
         5.94283956e-01, -3.96123460e-01, -2.99468648e-01],
       [ 1.78051372e-01, -7.46386434e-01, -1.84105452e-01,
        -4.73527262e-01, -1.69726367e-01, -2.26256099e-01,
        -1.20817106e+00, -7.53659529e-03, -2.11974727e-01,
        -6.29771330e-01,  4.47466363e-02,  4.05082797e-01],
       [-7.54000124e-01, -3.10618918e-01, -6.38119603e-01,
         7.33883197e-01,  7.02668467e-02, -5.45856296e-01,
         3.75915304e-01, -4.42517967e-01, -7.52881688e-01,
         3.46644984e-01, -2.38852624e-01, -6.67565242e-01],
       [ 7.01668825e-02,  6.06217942e-02, -3.36442060e-01,
        -8.08638264e-02, -4.58611419e-01, -1.35010738e-01,
        -4.89181844e-01, -5.88815070e-01, -5.55271133e-01,
        -3.74610906e-01, -7.96276662e-01,  3.10079630e-03],
       [ 1.49160225e-01, -2.83699703e+00, -4.07149843e+00,
        -5.86279128e+00, -1.17669050e+00,  1.42979238e+00,
        -6.16877350e+00, -1.96703968e+00,  6.42421980e-01,
        -3.31096045e+00,  1.36535757e+00,  9.67803871e-01]]), array([[ 1.39641215,  6.92175553, -0.99529022, -1.94652487, -2.14185903,
        -2.25840015, -6.96974243,  1.52489904, -1.42471362,  0.4841182 ,
        -0.51817777, -6.28965744]])] 
 0.5, 
 1e-19, 
 10000