error: 2.198542422939875e-10 
 weigths: [array([[  2.40983763,  -8.97085169,  -0.58421377,   2.1964941 ,
          8.33516727,  -7.5986264 ],
       [  1.21872301,   6.66424461,  -2.08742921,   0.09433107,
          2.28022953,  -5.13887641],
       [  5.87867618,   4.85564824,  -5.00878561,   7.37932727,
          0.86589529, -10.68949984],
       [ -1.25466608,   7.19440611,  -2.52468256,   0.86942303,
         -0.77194103,  -6.79017265],
       [  1.97766164,   3.77126741,  -6.39609675,  -1.23096888,
          4.52580974,  -3.87960833],
       [ -2.96716658,   6.5068532 ,  -5.52594168,   3.25310855,
          5.63715004,  -0.21676096]]), array([[ 0.15244857,  0.08802833, -0.15771941,  0.0885468 , -0.1866659 ,
         0.08890327],
       [-3.99519995, -0.00938369, -2.44527643, -3.71474941,  1.3408408 ,
        -4.53858253],
       [ 6.90211902,  3.53477726,  2.54421123,  4.0560798 ,  4.66874718,
         3.838274  ],
       [ 0.04335516, -0.22185256,  0.08632914,  0.07914703, -0.0160191 ,
        -0.02768114],
       [-5.7774964 , -3.18370361, -4.44068327, -0.78794166, -0.5385099 ,
        -3.21015411],
       [ 5.83503673, -0.09701017,  2.85938374,  0.55771853,  1.06216998,
         0.22997675]]), array([[-0.01105135,  2.09203312,  1.38413943, -0.12185477, -1.98974652,
        -1.27303463]]), array([[0.58940068, 0.66790276, 0.32239378, 0.38694272, 0.03599613,
        0.11895233],
       [0.35612552, 0.57867063, 0.29688117, 0.48458884, 0.47911413,
        0.28668102],
       [0.45205913, 0.89544269, 0.70837972, 0.96991161, 0.27916804,
        0.45516977],
       [0.29048496, 0.88450799, 0.60982301, 0.44426832, 0.38248119,
        0.55782277],
       [0.0283582 , 0.76295274, 0.05249587, 0.44543642, 0.16200513,
        0.04628002],
       [0.21597749, 0.87782364, 0.40862259, 0.01196734, 0.42314076,
        0.00206689]]), array([[0.72471322, 0.55013796, 0.55878399, 0.95614986, 0.43555804,
        0.68488208],
       [0.05589348, 0.7326436 , 0.14367446, 0.92662684, 0.89336577,
        0.33064845],
       [0.04962524, 0.27288034, 0.53457467, 0.32349511, 0.28289209,
        0.7919545 ],
       [0.47286275, 0.17395553, 0.75081229, 0.51827737, 0.03626264,
        0.76641636],
       [0.86442393, 0.74048178, 0.79970475, 0.76950089, 0.27231746,
        0.32799858],
       [0.73072189, 0.27538729, 0.92703481, 0.62162044, 0.95816298,
        0.51958794]]), array([[0.00251684, 0.1976663 , 0.26788145, 0.52210734, 0.88448976,
        0.81061997]]), array([[0.31649059, 0.09248522, 0.37111142, 0.87554432, 0.15716334,
        0.69525423],
       [0.57209412, 0.19515421, 0.88169039, 0.10241761, 0.69852839,
        0.56407885],
       [0.04374462, 0.10070084, 0.1418074 , 0.24401032, 0.70569921,
        0.73031889],
       [0.04460454, 0.27038962, 0.24259187, 0.36177571, 0.88050421,
        0.30501136],
       [0.10031388, 0.66311242, 0.68554053, 0.57597226, 0.04933911,
        0.09972729],
       [0.45146149, 0.90721271, 0.36028149, 0.43397818, 0.24408435,
        0.91557807]]), array([[0.05425774, 0.48643382, 0.05086344, 0.76203332, 0.96277019,
        0.91897673],
       [0.95153287, 0.13996554, 0.36819655, 0.77825468, 0.42900154,
        0.2656312 ],
       [0.78403761, 0.85993306, 0.89081124, 0.44780966, 0.03852736,
        0.62184234],
       [0.23318474, 0.99742667, 0.67168596, 0.78922693, 0.38844991,
        0.80446067],
       [0.87058765, 0.91453456, 0.63758717, 0.06034532, 0.90005601,
        0.98080432],
       [0.66558242, 0.98044139, 0.83735386, 0.89656592, 0.30031866,
        0.67107611]]), array([[0.47668683, 0.0189806 , 0.20546479, 0.587156  , 0.77584321,
        0.72566188]]), array([[0.09321902, 0.65262417, 0.68565986, 0.32830522, 0.07751876,
        0.58865673],
       [0.2332182 , 0.59442278, 0.23011291, 0.35807709, 0.88728497,
        0.54691826],
       [0.70205863, 0.45519216, 0.93332049, 0.804212  , 0.90822213,
        0.55163103],
       [0.26203664, 0.7915106 , 0.76084013, 0.47903711, 0.81499463,
        0.17277072],
       [0.17843107, 0.11738693, 0.18081924, 0.96213691, 0.29695934,
        0.26721035],
       [0.30345916, 0.21448703, 0.01700731, 0.46943559, 0.22257694,
        0.68605571]]), array([[0.51621378, 0.04370269, 0.99167894, 0.72205408, 0.76109659,
        0.68931737],
       [0.3975606 , 0.45431755, 0.10896887, 0.23536507, 0.60731378,
        0.36978253],
       [0.3319351 , 0.26374101, 0.49795203, 0.82154555, 0.18896032,
        0.57014544],
       [0.69403443, 0.07705245, 0.78388258, 0.76027689, 0.05551504,
        0.92447963],
       [0.54978605, 0.12454284, 0.11753866, 0.60331739, 0.30521535,
        0.70411468],
       [0.53267896, 0.88875184, 0.19512411, 0.34704464, 0.20212774,
        0.70466754]]), array([[0.47928175, 0.16782943, 0.22455159, 0.11644843, 0.50687039,
        0.98095195]]), array([[0.9184555 , 0.85553032, 0.30470301, 0.86938521, 0.30953908,
        0.16414031],
       [0.80597352, 0.97736421, 0.42029614, 0.83552229, 0.66760511,
        0.47023248],
       [0.53086065, 0.59432155, 0.34814067, 0.56505002, 0.47891689,
        0.21822169],
       [0.11962712, 0.32869517, 0.29682369, 0.72842627, 0.36050635,
        0.98875883],
       [0.09239777, 0.59799936, 0.19259631, 0.84601079, 0.64355227,
        0.92511077],
       [0.10348308, 0.73786711, 0.76948773, 0.73848309, 0.61070057,
        0.15303387]]), array([[0.69563058, 0.5217298 , 0.65283561, 0.6931307 , 0.07115248,
        0.95310296],
       [0.63795601, 0.70881625, 0.93146485, 0.93362821, 0.48801977,
        0.83657861],
       [0.64994731, 0.90915858, 0.69953854, 0.80103453, 0.21151248,
        0.96240651],
       [0.06208359, 0.10281645, 0.17048398, 0.03507088, 0.10738107,
        0.46149824],
       [0.88147579, 0.17857508, 0.62475071, 0.18699468, 0.38008042,
        0.83481861],
       [0.84923145, 0.57141574, 0.76430359, 0.04638337, 0.54150797,
        0.45620502]]), array([[0.21008544, 0.19257698, 0.65350389, 0.68746715, 0.29174794,
        0.9639271 ]])] 
 0.5, 
 1e-09, 
 1000