error: 0.0017284573047711119 
 weigths: [array([[  2.37339132,  -8.97814452,  -0.70356917,   2.27177686,
          8.31170083,  -7.78865185],
       [  1.31265921,   6.70570087,  -1.95436247,  -0.12737816,
          2.22213431,  -5.33262409],
       [  6.36625105,   4.7931874 ,  -5.17256301,   7.35195746,
          0.81674526, -10.65090956],
       [ -1.31845893,   7.36365904,  -2.31666751,   0.90189255,
         -0.55529823,  -6.78937457],
       [  2.06673451,   3.75503068,  -6.40849009,  -1.15189841,
          4.57230682,  -3.95600494],
       [ -3.00290129,   6.56145895,  -5.54689713,   3.41846882,
          6.02873938,  -0.15980669]]), array([[ 2.52184559e-02,  5.20434574e-02, -3.83125411e-02,
        -2.50488708e-02,  1.20327872e-02,  6.86454367e-03],
       [-4.24247587e+00, -1.35401685e-01, -2.56299028e+00,
        -3.89308489e+00,  1.07444183e+00, -4.95552674e+00],
       [ 7.24534263e+00,  3.46161726e+00,  2.45491166e+00,
         4.17989757e+00,  4.72581239e+00,  3.64321100e+00],
       [ 9.39368844e-02,  1.87853352e-01, -1.48042665e-01,
        -3.71637390e-03, -8.30554311e-02, -2.54065758e-02],
       [-6.06890191e+00, -3.46747025e+00, -4.64813044e+00,
        -8.18278801e-01, -5.44518076e-01, -3.28855991e+00],
       [ 5.89521701e+00,  6.82706123e-03,  2.93572811e+00,
         6.57813700e-01,  1.34230669e+00,  5.51634980e-01]]), array([[ 2.24162787e-03,  2.48681328e+00,  1.73668808e+00,
         5.94440191e-02, -2.53873783e+00, -1.73601599e+00]]), array([[0.58940068, 0.66790276, 0.32239378, 0.38694272, 0.03599613,
        0.11895233],
       [0.35612552, 0.57867063, 0.29688117, 0.48458884, 0.47911413,
        0.28668102],
       [0.45205913, 0.89544269, 0.70837972, 0.96991161, 0.27916804,
        0.45516977],
       [0.29048496, 0.88450799, 0.60982301, 0.44426832, 0.38248119,
        0.55782277],
       [0.0283582 , 0.76295274, 0.05249587, 0.44543642, 0.16200513,
        0.04628002],
       [0.21597749, 0.87782364, 0.40862259, 0.01196734, 0.42314076,
        0.00206689]]), array([[0.72471322, 0.55013796, 0.55878399, 0.95614986, 0.43555804,
        0.68488208],
       [0.05589348, 0.7326436 , 0.14367446, 0.92662684, 0.89336577,
        0.33064845],
       [0.04962524, 0.27288034, 0.53457467, 0.32349511, 0.28289209,
        0.7919545 ],
       [0.47286275, 0.17395553, 0.75081229, 0.51827737, 0.03626264,
        0.76641636],
       [0.86442393, 0.74048178, 0.79970475, 0.76950089, 0.27231746,
        0.32799858],
       [0.73072189, 0.27538729, 0.92703481, 0.62162044, 0.95816298,
        0.51958794]]), array([[0.00251684, 0.1976663 , 0.26788145, 0.52210734, 0.88448976,
        0.81061997]]), array([[0.31649059, 0.09248522, 0.37111142, 0.87554432, 0.15716334,
        0.69525423],
       [0.57209412, 0.19515421, 0.88169039, 0.10241761, 0.69852839,
        0.56407885],
       [0.04374462, 0.10070084, 0.1418074 , 0.24401032, 0.70569921,
        0.73031889],
       [0.04460454, 0.27038962, 0.24259187, 0.36177571, 0.88050421,
        0.30501136],
       [0.10031388, 0.66311242, 0.68554053, 0.57597226, 0.04933911,
        0.09972729],
       [0.45146149, 0.90721271, 0.36028149, 0.43397818, 0.24408435,
        0.91557807]]), array([[0.05425774, 0.48643382, 0.05086344, 0.76203332, 0.96277019,
        0.91897673],
       [0.95153287, 0.13996554, 0.36819655, 0.77825468, 0.42900154,
        0.2656312 ],
       [0.78403761, 0.85993306, 0.89081124, 0.44780966, 0.03852736,
        0.62184234],
       [0.23318474, 0.99742667, 0.67168596, 0.78922693, 0.38844991,
        0.80446067],
       [0.87058765, 0.91453456, 0.63758717, 0.06034532, 0.90005601,
        0.98080432],
       [0.66558242, 0.98044139, 0.83735386, 0.89656592, 0.30031866,
        0.67107611]]), array([[0.47668683, 0.0189806 , 0.20546479, 0.587156  , 0.77584321,
        0.72566188]]), array([[0.09321902, 0.65262417, 0.68565986, 0.32830522, 0.07751876,
        0.58865673],
       [0.2332182 , 0.59442278, 0.23011291, 0.35807709, 0.88728497,
        0.54691826],
       [0.70205863, 0.45519216, 0.93332049, 0.804212  , 0.90822213,
        0.55163103],
       [0.26203664, 0.7915106 , 0.76084013, 0.47903711, 0.81499463,
        0.17277072],
       [0.17843107, 0.11738693, 0.18081924, 0.96213691, 0.29695934,
        0.26721035],
       [0.30345916, 0.21448703, 0.01700731, 0.46943559, 0.22257694,
        0.68605571]]), array([[0.51621378, 0.04370269, 0.99167894, 0.72205408, 0.76109659,
        0.68931737],
       [0.3975606 , 0.45431755, 0.10896887, 0.23536507, 0.60731378,
        0.36978253],
       [0.3319351 , 0.26374101, 0.49795203, 0.82154555, 0.18896032,
        0.57014544],
       [0.69403443, 0.07705245, 0.78388258, 0.76027689, 0.05551504,
        0.92447963],
       [0.54978605, 0.12454284, 0.11753866, 0.60331739, 0.30521535,
        0.70411468],
       [0.53267896, 0.88875184, 0.19512411, 0.34704464, 0.20212774,
        0.70466754]]), array([[0.47928175, 0.16782943, 0.22455159, 0.11644843, 0.50687039,
        0.98095195]]), array([[0.9184555 , 0.85553032, 0.30470301, 0.86938521, 0.30953908,
        0.16414031],
       [0.80597352, 0.97736421, 0.42029614, 0.83552229, 0.66760511,
        0.47023248],
       [0.53086065, 0.59432155, 0.34814067, 0.56505002, 0.47891689,
        0.21822169],
       [0.11962712, 0.32869517, 0.29682369, 0.72842627, 0.36050635,
        0.98875883],
       [0.09239777, 0.59799936, 0.19259631, 0.84601079, 0.64355227,
        0.92511077],
       [0.10348308, 0.73786711, 0.76948773, 0.73848309, 0.61070057,
        0.15303387]]), array([[0.69563058, 0.5217298 , 0.65283561, 0.6931307 , 0.07115248,
        0.95310296],
       [0.63795601, 0.70881625, 0.93146485, 0.93362821, 0.48801977,
        0.83657861],
       [0.64994731, 0.90915858, 0.69953854, 0.80103453, 0.21151248,
        0.96240651],
       [0.06208359, 0.10281645, 0.17048398, 0.03507088, 0.10738107,
        0.46149824],
       [0.88147579, 0.17857508, 0.62475071, 0.18699468, 0.38008042,
        0.83481861],
       [0.84923145, 0.57141574, 0.76430359, 0.04638337, 0.54150797,
        0.45620502]]), array([[0.21008544, 0.19257698, 0.65350389, 0.68746715, 0.29174794,
        0.9639271 ]]), array([[0.55452724, 0.55677513, 0.11086584, 0.26128724, 0.85800894,
        0.89165702],
       [0.96114911, 0.87163943, 0.04528436, 0.52541349, 0.40929083,
        0.20399256],
       [0.03855721, 0.75136463, 0.00163845, 0.7451534 , 0.94389164,
        0.8560528 ],
       [0.59967581, 0.7334913 , 0.60546483, 0.30966781, 0.42836486,
        0.95218955],
       [0.11514478, 0.16943404, 0.05512015, 0.71608031, 0.84278042,
        0.06523505],
       [0.89137206, 0.1423535 , 0.71065313, 0.62951942, 0.92844217,
        0.09801865]]), array([[0.85552532, 0.68972043, 0.47341718, 0.22541209, 0.81444192,
        0.35343801],
       [0.33737942, 0.9198518 , 0.24282749, 0.98215658, 0.17453563,
        0.98006788],
       [0.31405533, 0.64261122, 0.65315414, 0.08392784, 0.81457968,
        0.39885012],
       [0.57318941, 0.78279035, 0.58434123, 0.72859927, 0.56519255,
        0.40435517],
       [0.71536046, 0.08529032, 0.14480603, 0.11147776, 0.2567654 ,
        0.44373181],
       [0.7272607 , 0.63489041, 0.21489168, 0.19113933, 0.74848002,
        0.27715196]]), array([[0.54417334, 0.92800537, 0.19441397, 0.44515578, 0.40137486,
        0.01520201]]), array([[0.07748619, 0.02618147, 0.40885224, 0.41232976, 0.18088168,
        0.3697026 ],
       [0.94736736, 0.55099627, 0.08163708, 0.80451373, 0.43223151,
        0.2867335 ],
       [0.24125329, 0.43530721, 0.39090904, 0.76830149, 0.93936679,
        0.5589667 ],
       [0.90526019, 0.88448469, 0.47564908, 0.90858252, 0.17447523,
        0.94377508],
       [0.52520979, 0.3926937 , 0.83591743, 0.67352477, 0.77914963,
        0.28591474],
       [0.64135688, 0.48206301, 0.42221401, 0.5711888 , 0.90763402,
        0.87595611]]), array([[0.31955863, 0.32952309, 0.6426591 , 0.82175198, 0.45330295,
        0.38312756],
       [0.61774933, 0.72783823, 0.24579973, 0.96676793, 0.93819336,
        0.03829297],
       [0.69907993, 0.94445311, 0.89947509, 0.06869473, 0.52649873,
        0.18895441],
       [0.90053623, 0.47920004, 0.80484591, 0.15199917, 0.41297263,
        0.68834163],
       [0.85505586, 0.26679191, 0.38243712, 0.60879622, 0.64137024,
        0.37889082],
       [0.07723443, 0.46796753, 0.65240862, 0.74317169, 0.17488521,
        0.66714128]]), array([[0.29617784, 0.01116653, 0.41976656, 0.17271706, 0.81241728,
        0.63088677]])] 
 0.5, 
 1e-09, 
 1000