error: 0.0014065604953585205 
 weigths: [array([[-1.39117194, -7.87587156,  1.77674821,  0.38927231,  5.53195365,
        -6.96370355],
       [ 0.43442935,  4.2312287 , -2.3422443 , -0.24621247,  1.93845989,
        -2.28586127],
       [-0.06675306,  3.7571813 , -2.57236919,  0.32727444,  2.97588514,
        -1.92060618],
       [ 0.60952114,  4.60677231, -2.31689135, -0.43888085,  1.09587802,
        -2.14003961],
       [ 0.43542772,  4.32071366, -2.52153121, -0.34829193,  2.96093069,
        -2.58486312],
       [-0.71543539,  3.68793999, -2.1268607 , -0.11709622,  4.52545114,
        -2.52452115]]), array([[-4.44515550e-01, -1.87525654e-01, -1.20139654e+00,
         9.72162864e-02,  2.84575873e-01,  7.67024148e-01],
       [ 1.49691567e-01, -3.54491294e-01, -2.73535180e-01,
        -1.32726761e-02,  7.51063193e-01,  4.29510438e-02],
       [ 8.51870891e+00,  2.49347375e+00,  1.47704244e+00,
         3.04622839e+00,  2.85239347e+00,  1.59688384e+00],
       [-3.05447179e-01,  1.94223452e-01, -9.01025900e-01,
         3.80745753e-01, -1.47162912e-01,  4.24718801e-01],
       [-3.55002610e-01, -2.16609439e-01, -1.32431992e+00,
         5.54310138e-03,  9.84720917e-01,  3.99508699e-01],
       [ 4.44570158e+00,  4.11063357e-01,  1.07691561e+00,
         2.84113653e-02,  2.44671438e-01,  1.50097875e+00]]), array([[-0.1738497 ,  0.06956109,  1.23484159, -0.16445887, -0.16086713,
        -1.37844169]]), array([[0.58940068, 0.66790276, 0.32239378, 0.38694272, 0.03599613,
        0.11895233],
       [0.35612552, 0.57867063, 0.29688117, 0.48458884, 0.47911413,
        0.28668102],
       [0.45205913, 0.89544269, 0.70837972, 0.96991161, 0.27916804,
        0.45516977],
       [0.29048496, 0.88450799, 0.60982301, 0.44426832, 0.38248119,
        0.55782277],
       [0.0283582 , 0.76295274, 0.05249587, 0.44543642, 0.16200513,
        0.04628002],
       [0.21597749, 0.87782364, 0.40862259, 0.01196734, 0.42314076,
        0.00206689]]), array([[0.72471322, 0.55013796, 0.55878399, 0.95614986, 0.43555804,
        0.68488208],
       [0.05589348, 0.7326436 , 0.14367446, 0.92662684, 0.89336577,
        0.33064845],
       [0.04962524, 0.27288034, 0.53457467, 0.32349511, 0.28289209,
        0.7919545 ],
       [0.47286275, 0.17395553, 0.75081229, 0.51827737, 0.03626264,
        0.76641636],
       [0.86442393, 0.74048178, 0.79970475, 0.76950089, 0.27231746,
        0.32799858],
       [0.73072189, 0.27538729, 0.92703481, 0.62162044, 0.95816298,
        0.51958794]]), array([[0.00251684, 0.1976663 , 0.26788145, 0.52210734, 0.88448976,
        0.81061997]])] 
 0.5, 
 1e-09, 
 1000