error: 0.009113818282921167 
 weigths: [array([[  2.15573801,  -9.16744073,  -0.82490841,   1.36851504,
          7.94089512,  -6.81877788],
       [  1.1316403 ,   6.49723135,  -1.87313511,   0.57605169,
          2.39392572,  -4.92377634],
       [  5.89620772,   4.27770692,  -4.16933596,   6.4588371 ,
          1.10975393, -10.28470911],
       [ -0.26666059,   7.77233397,  -3.99313733,  -0.51034304,
         -0.65532885,  -4.3135933 ],
       [  2.4819716 ,   5.0932031 ,  -5.65489838,  -0.37068999,
          2.68343811,  -2.67219558],
       [ -2.53719908,   6.1948973 ,  -4.59595699,   2.07203814,
          4.41878867,  -0.03920122]]), array([[ 0.29126068, -0.75789917,  0.63885092, -0.98251233, -0.08577297,
         0.50789612],
       [-1.74895824, -0.28173634, -2.53253207, -2.0743108 ,  1.32596165,
        -2.71649324],
       [ 5.88120467,  3.60532548,  2.71829313,  4.29533367,  4.97306307,
         4.35359416],
       [ 0.02354573,  0.01553647, -0.01718737, -0.07595193, -0.03197418,
         0.14270057],
       [-5.11979022, -2.83538591, -3.91523068, -0.74573216,  0.07340037,
        -2.83031347],
       [ 5.5809288 , -0.08856974,  3.37536768, -0.02836972,  0.52508542,
        -0.15001797]]), array([[-0.38498612,  1.03307008, -0.34724428, -0.07168382, -1.50371906,
        -0.47781561]]), array([[0.58940068, 0.66790276, 0.32239378, 0.38694272, 0.03599613,
        0.11895233],
       [0.35612552, 0.57867063, 0.29688117, 0.48458884, 0.47911413,
        0.28668102],
       [0.45205913, 0.89544269, 0.70837972, 0.96991161, 0.27916804,
        0.45516977],
       [0.29048496, 0.88450799, 0.60982301, 0.44426832, 0.38248119,
        0.55782277],
       [0.0283582 , 0.76295274, 0.05249587, 0.44543642, 0.16200513,
        0.04628002],
       [0.21597749, 0.87782364, 0.40862259, 0.01196734, 0.42314076,
        0.00206689]]), array([[0.72471322, 0.55013796, 0.55878399, 0.95614986, 0.43555804,
        0.68488208],
       [0.05589348, 0.7326436 , 0.14367446, 0.92662684, 0.89336577,
        0.33064845],
       [0.04962524, 0.27288034, 0.53457467, 0.32349511, 0.28289209,
        0.7919545 ],
       [0.47286275, 0.17395553, 0.75081229, 0.51827737, 0.03626264,
        0.76641636],
       [0.86442393, 0.74048178, 0.79970475, 0.76950089, 0.27231746,
        0.32799858],
       [0.73072189, 0.27538729, 0.92703481, 0.62162044, 0.95816298,
        0.51958794]]), array([[0.00251684, 0.1976663 , 0.26788145, 0.52210734, 0.88448976,
        0.81061997]]), array([[0.31649059, 0.09248522, 0.37111142, 0.87554432, 0.15716334,
        0.69525423],
       [0.57209412, 0.19515421, 0.88169039, 0.10241761, 0.69852839,
        0.56407885],
       [0.04374462, 0.10070084, 0.1418074 , 0.24401032, 0.70569921,
        0.73031889],
       [0.04460454, 0.27038962, 0.24259187, 0.36177571, 0.88050421,
        0.30501136],
       [0.10031388, 0.66311242, 0.68554053, 0.57597226, 0.04933911,
        0.09972729],
       [0.45146149, 0.90721271, 0.36028149, 0.43397818, 0.24408435,
        0.91557807]]), array([[0.05425774, 0.48643382, 0.05086344, 0.76203332, 0.96277019,
        0.91897673],
       [0.95153287, 0.13996554, 0.36819655, 0.77825468, 0.42900154,
        0.2656312 ],
       [0.78403761, 0.85993306, 0.89081124, 0.44780966, 0.03852736,
        0.62184234],
       [0.23318474, 0.99742667, 0.67168596, 0.78922693, 0.38844991,
        0.80446067],
       [0.87058765, 0.91453456, 0.63758717, 0.06034532, 0.90005601,
        0.98080432],
       [0.66558242, 0.98044139, 0.83735386, 0.89656592, 0.30031866,
        0.67107611]]), array([[0.47668683, 0.0189806 , 0.20546479, 0.587156  , 0.77584321,
        0.72566188]])] 
 0.5, 
 1e-09, 
 1000