error: 1.9483329433333136e-10 
 weigths: [array([[  2.29078669,  -8.97621923,  -0.54007299,   2.06430684,
          8.35874575,  -7.64005376],
       [  1.2005846 ,   6.67875025,  -2.03501178,   0.07425336,
          2.24140837,  -5.18920003],
       [  5.99688508,   4.93277153,  -4.89065983,   7.3457727 ,
          0.91845772, -10.63071388],
       [ -1.1246052 ,   7.25276549,  -2.52508581,   0.84430565,
         -0.81328833,  -6.64483454],
       [  1.95449183,   3.80744669,  -6.37366476,  -1.23226172,
          4.40664977,  -3.8619897 ],
       [ -2.915818  ,   6.51679683,  -5.46468481,   3.12934116,
          5.60797508,  -0.17962202]]), array([[ 1.11636051e-01,  1.42676155e-01, -1.68998189e-01,
         1.78798953e-01, -3.75676469e-01,  4.25482237e-02],
       [-3.98350102e+00, -5.59660086e-02, -2.51023543e+00,
        -3.60985641e+00,  1.34494367e+00, -4.47763630e+00],
       [ 6.74872225e+00,  3.63908949e+00,  2.65202277e+00,
         4.04705155e+00,  4.59690735e+00,  3.91456673e+00],
       [ 5.20541086e-03, -6.77527976e-02,  8.75862420e-02,
        -2.90245665e-02, -2.71479514e-02, -6.67497184e-02],
       [-5.68144156e+00, -3.21893274e+00, -4.39964256e+00,
        -7.28256278e-01, -5.31443474e-01, -3.23949257e+00],
       [ 5.85587551e+00, -1.48166725e-01,  2.81720664e+00,
         5.90261845e-01,  9.78063626e-01,  1.35152409e-01]]), array([[ 0.08511382,  2.04233048,  1.29056793,  0.01960996, -1.90903654,
        -1.16273376]]), array([[0.58940068, 0.66790276, 0.32239378, 0.38694272, 0.03599613,
        0.11895233],
       [0.35612552, 0.57867063, 0.29688117, 0.48458884, 0.47911413,
        0.28668102],
       [0.45205913, 0.89544269, 0.70837972, 0.96991161, 0.27916804,
        0.45516977],
       [0.29048496, 0.88450799, 0.60982301, 0.44426832, 0.38248119,
        0.55782277],
       [0.0283582 , 0.76295274, 0.05249587, 0.44543642, 0.16200513,
        0.04628002],
       [0.21597749, 0.87782364, 0.40862259, 0.01196734, 0.42314076,
        0.00206689]]), array([[0.72471322, 0.55013796, 0.55878399, 0.95614986, 0.43555804,
        0.68488208],
       [0.05589348, 0.7326436 , 0.14367446, 0.92662684, 0.89336577,
        0.33064845],
       [0.04962524, 0.27288034, 0.53457467, 0.32349511, 0.28289209,
        0.7919545 ],
       [0.47286275, 0.17395553, 0.75081229, 0.51827737, 0.03626264,
        0.76641636],
       [0.86442393, 0.74048178, 0.79970475, 0.76950089, 0.27231746,
        0.32799858],
       [0.73072189, 0.27538729, 0.92703481, 0.62162044, 0.95816298,
        0.51958794]]), array([[0.00251684, 0.1976663 , 0.26788145, 0.52210734, 0.88448976,
        0.81061997]]), array([[0.31649059, 0.09248522, 0.37111142, 0.87554432, 0.15716334,
        0.69525423],
       [0.57209412, 0.19515421, 0.88169039, 0.10241761, 0.69852839,
        0.56407885],
       [0.04374462, 0.10070084, 0.1418074 , 0.24401032, 0.70569921,
        0.73031889],
       [0.04460454, 0.27038962, 0.24259187, 0.36177571, 0.88050421,
        0.30501136],
       [0.10031388, 0.66311242, 0.68554053, 0.57597226, 0.04933911,
        0.09972729],
       [0.45146149, 0.90721271, 0.36028149, 0.43397818, 0.24408435,
        0.91557807]]), array([[0.05425774, 0.48643382, 0.05086344, 0.76203332, 0.96277019,
        0.91897673],
       [0.95153287, 0.13996554, 0.36819655, 0.77825468, 0.42900154,
        0.2656312 ],
       [0.78403761, 0.85993306, 0.89081124, 0.44780966, 0.03852736,
        0.62184234],
       [0.23318474, 0.99742667, 0.67168596, 0.78922693, 0.38844991,
        0.80446067],
       [0.87058765, 0.91453456, 0.63758717, 0.06034532, 0.90005601,
        0.98080432],
       [0.66558242, 0.98044139, 0.83735386, 0.89656592, 0.30031866,
        0.67107611]]), array([[0.47668683, 0.0189806 , 0.20546479, 0.587156  , 0.77584321,
        0.72566188]]), array([[0.09321902, 0.65262417, 0.68565986, 0.32830522, 0.07751876,
        0.58865673],
       [0.2332182 , 0.59442278, 0.23011291, 0.35807709, 0.88728497,
        0.54691826],
       [0.70205863, 0.45519216, 0.93332049, 0.804212  , 0.90822213,
        0.55163103],
       [0.26203664, 0.7915106 , 0.76084013, 0.47903711, 0.81499463,
        0.17277072],
       [0.17843107, 0.11738693, 0.18081924, 0.96213691, 0.29695934,
        0.26721035],
       [0.30345916, 0.21448703, 0.01700731, 0.46943559, 0.22257694,
        0.68605571]]), array([[0.51621378, 0.04370269, 0.99167894, 0.72205408, 0.76109659,
        0.68931737],
       [0.3975606 , 0.45431755, 0.10896887, 0.23536507, 0.60731378,
        0.36978253],
       [0.3319351 , 0.26374101, 0.49795203, 0.82154555, 0.18896032,
        0.57014544],
       [0.69403443, 0.07705245, 0.78388258, 0.76027689, 0.05551504,
        0.92447963],
       [0.54978605, 0.12454284, 0.11753866, 0.60331739, 0.30521535,
        0.70411468],
       [0.53267896, 0.88875184, 0.19512411, 0.34704464, 0.20212774,
        0.70466754]]), array([[0.47928175, 0.16782943, 0.22455159, 0.11644843, 0.50687039,
        0.98095195]])] 
 0.5, 
 1e-09, 
 1000