error: 0.0011992097529625245 
 weigths: [array([[  2.42942379,  -9.02535226,  -0.69685475,   2.32973265,
          8.27911215,  -7.94431947],
       [  1.44221273,   6.74419373,  -1.90503932,  -0.28765815,
          2.1983099 ,  -5.39601817],
       [  6.65770683,   4.73614867,  -5.29781056,   7.31404103,
          0.70273194, -10.62114124],
       [ -1.2327698 ,   7.31483644,  -2.31895879,   1.05917378,
         -0.53660153,  -6.90626508],
       [  2.09451693,   3.71472157,  -6.42465762,  -1.18401432,
          4.59566844,  -4.03207217],
       [ -3.18948072,   6.64722495,  -5.58590768,   3.65055712,
          6.17962491,  -0.16196912]]), array([[-7.84173214e-02, -1.01493992e-01,  9.75182250e-02,
        -1.90984585e-02,  8.10268535e-02,  7.28083112e-03],
       [-4.50928332e+00, -1.24549995e-01, -2.78518811e+00,
        -4.12680467e+00,  9.19929655e-01, -5.16697113e+00],
       [ 7.41123029e+00,  3.45472670e+00,  2.43297404e+00,
         4.30995518e+00,  4.71528907e+00,  3.55456702e+00],
       [ 4.50780874e-02,  6.04857463e-02, -5.57230619e-02,
         2.09028539e-03, -3.50716863e-02, -2.02517061e-04],
       [-6.29537736e+00, -3.55483578e+00, -4.70492524e+00,
        -8.53869085e-01, -6.15569398e-01, -3.41659886e+00],
       [ 5.95917134e+00,  1.62658722e-01,  3.04451942e+00,
         7.06703606e-01,  1.44018255e+00,  7.43585804e-01]]), array([[-0.04852692,  2.7486331 ,  1.94211024,  0.02281912, -2.74454266,
        -1.89411574]]), array([[0.58940068, 0.66790276, 0.32239378, 0.38694272, 0.03599613,
        0.11895233],
       [0.35612552, 0.57867063, 0.29688117, 0.48458884, 0.47911413,
        0.28668102],
       [0.45205913, 0.89544269, 0.70837972, 0.96991161, 0.27916804,
        0.45516977],
       [0.29048496, 0.88450799, 0.60982301, 0.44426832, 0.38248119,
        0.55782277],
       [0.0283582 , 0.76295274, 0.05249587, 0.44543642, 0.16200513,
        0.04628002],
       [0.21597749, 0.87782364, 0.40862259, 0.01196734, 0.42314076,
        0.00206689]]), array([[0.72471322, 0.55013796, 0.55878399, 0.95614986, 0.43555804,
        0.68488208],
       [0.05589348, 0.7326436 , 0.14367446, 0.92662684, 0.89336577,
        0.33064845],
       [0.04962524, 0.27288034, 0.53457467, 0.32349511, 0.28289209,
        0.7919545 ],
       [0.47286275, 0.17395553, 0.75081229, 0.51827737, 0.03626264,
        0.76641636],
       [0.86442393, 0.74048178, 0.79970475, 0.76950089, 0.27231746,
        0.32799858],
       [0.73072189, 0.27538729, 0.92703481, 0.62162044, 0.95816298,
        0.51958794]]), array([[0.00251684, 0.1976663 , 0.26788145, 0.52210734, 0.88448976,
        0.81061997]]), array([[0.31649059, 0.09248522, 0.37111142, 0.87554432, 0.15716334,
        0.69525423],
       [0.57209412, 0.19515421, 0.88169039, 0.10241761, 0.69852839,
        0.56407885],
       [0.04374462, 0.10070084, 0.1418074 , 0.24401032, 0.70569921,
        0.73031889],
       [0.04460454, 0.27038962, 0.24259187, 0.36177571, 0.88050421,
        0.30501136],
       [0.10031388, 0.66311242, 0.68554053, 0.57597226, 0.04933911,
        0.09972729],
       [0.45146149, 0.90721271, 0.36028149, 0.43397818, 0.24408435,
        0.91557807]]), array([[0.05425774, 0.48643382, 0.05086344, 0.76203332, 0.96277019,
        0.91897673],
       [0.95153287, 0.13996554, 0.36819655, 0.77825468, 0.42900154,
        0.2656312 ],
       [0.78403761, 0.85993306, 0.89081124, 0.44780966, 0.03852736,
        0.62184234],
       [0.23318474, 0.99742667, 0.67168596, 0.78922693, 0.38844991,
        0.80446067],
       [0.87058765, 0.91453456, 0.63758717, 0.06034532, 0.90005601,
        0.98080432],
       [0.66558242, 0.98044139, 0.83735386, 0.89656592, 0.30031866,
        0.67107611]]), array([[0.47668683, 0.0189806 , 0.20546479, 0.587156  , 0.77584321,
        0.72566188]]), array([[0.09321902, 0.65262417, 0.68565986, 0.32830522, 0.07751876,
        0.58865673],
       [0.2332182 , 0.59442278, 0.23011291, 0.35807709, 0.88728497,
        0.54691826],
       [0.70205863, 0.45519216, 0.93332049, 0.804212  , 0.90822213,
        0.55163103],
       [0.26203664, 0.7915106 , 0.76084013, 0.47903711, 0.81499463,
        0.17277072],
       [0.17843107, 0.11738693, 0.18081924, 0.96213691, 0.29695934,
        0.26721035],
       [0.30345916, 0.21448703, 0.01700731, 0.46943559, 0.22257694,
        0.68605571]]), array([[0.51621378, 0.04370269, 0.99167894, 0.72205408, 0.76109659,
        0.68931737],
       [0.3975606 , 0.45431755, 0.10896887, 0.23536507, 0.60731378,
        0.36978253],
       [0.3319351 , 0.26374101, 0.49795203, 0.82154555, 0.18896032,
        0.57014544],
       [0.69403443, 0.07705245, 0.78388258, 0.76027689, 0.05551504,
        0.92447963],
       [0.54978605, 0.12454284, 0.11753866, 0.60331739, 0.30521535,
        0.70411468],
       [0.53267896, 0.88875184, 0.19512411, 0.34704464, 0.20212774,
        0.70466754]]), array([[0.47928175, 0.16782943, 0.22455159, 0.11644843, 0.50687039,
        0.98095195]]), array([[0.9184555 , 0.85553032, 0.30470301, 0.86938521, 0.30953908,
        0.16414031],
       [0.80597352, 0.97736421, 0.42029614, 0.83552229, 0.66760511,
        0.47023248],
       [0.53086065, 0.59432155, 0.34814067, 0.56505002, 0.47891689,
        0.21822169],
       [0.11962712, 0.32869517, 0.29682369, 0.72842627, 0.36050635,
        0.98875883],
       [0.09239777, 0.59799936, 0.19259631, 0.84601079, 0.64355227,
        0.92511077],
       [0.10348308, 0.73786711, 0.76948773, 0.73848309, 0.61070057,
        0.15303387]]), array([[0.69563058, 0.5217298 , 0.65283561, 0.6931307 , 0.07115248,
        0.95310296],
       [0.63795601, 0.70881625, 0.93146485, 0.93362821, 0.48801977,
        0.83657861],
       [0.64994731, 0.90915858, 0.69953854, 0.80103453, 0.21151248,
        0.96240651],
       [0.06208359, 0.10281645, 0.17048398, 0.03507088, 0.10738107,
        0.46149824],
       [0.88147579, 0.17857508, 0.62475071, 0.18699468, 0.38008042,
        0.83481861],
       [0.84923145, 0.57141574, 0.76430359, 0.04638337, 0.54150797,
        0.45620502]]), array([[0.21008544, 0.19257698, 0.65350389, 0.68746715, 0.29174794,
        0.9639271 ]]), array([[0.55452724, 0.55677513, 0.11086584, 0.26128724, 0.85800894,
        0.89165702],
       [0.96114911, 0.87163943, 0.04528436, 0.52541349, 0.40929083,
        0.20399256],
       [0.03855721, 0.75136463, 0.00163845, 0.7451534 , 0.94389164,
        0.8560528 ],
       [0.59967581, 0.7334913 , 0.60546483, 0.30966781, 0.42836486,
        0.95218955],
       [0.11514478, 0.16943404, 0.05512015, 0.71608031, 0.84278042,
        0.06523505],
       [0.89137206, 0.1423535 , 0.71065313, 0.62951942, 0.92844217,
        0.09801865]]), array([[0.85552532, 0.68972043, 0.47341718, 0.22541209, 0.81444192,
        0.35343801],
       [0.33737942, 0.9198518 , 0.24282749, 0.98215658, 0.17453563,
        0.98006788],
       [0.31405533, 0.64261122, 0.65315414, 0.08392784, 0.81457968,
        0.39885012],
       [0.57318941, 0.78279035, 0.58434123, 0.72859927, 0.56519255,
        0.40435517],
       [0.71536046, 0.08529032, 0.14480603, 0.11147776, 0.2567654 ,
        0.44373181],
       [0.7272607 , 0.63489041, 0.21489168, 0.19113933, 0.74848002,
        0.27715196]]), array([[0.54417334, 0.92800537, 0.19441397, 0.44515578, 0.40137486,
        0.01520201]]), array([[0.07748619, 0.02618147, 0.40885224, 0.41232976, 0.18088168,
        0.3697026 ],
       [0.94736736, 0.55099627, 0.08163708, 0.80451373, 0.43223151,
        0.2867335 ],
       [0.24125329, 0.43530721, 0.39090904, 0.76830149, 0.93936679,
        0.5589667 ],
       [0.90526019, 0.88448469, 0.47564908, 0.90858252, 0.17447523,
        0.94377508],
       [0.52520979, 0.3926937 , 0.83591743, 0.67352477, 0.77914963,
        0.28591474],
       [0.64135688, 0.48206301, 0.42221401, 0.5711888 , 0.90763402,
        0.87595611]]), array([[0.31955863, 0.32952309, 0.6426591 , 0.82175198, 0.45330295,
        0.38312756],
       [0.61774933, 0.72783823, 0.24579973, 0.96676793, 0.93819336,
        0.03829297],
       [0.69907993, 0.94445311, 0.89947509, 0.06869473, 0.52649873,
        0.18895441],
       [0.90053623, 0.47920004, 0.80484591, 0.15199917, 0.41297263,
        0.68834163],
       [0.85505586, 0.26679191, 0.38243712, 0.60879622, 0.64137024,
        0.37889082],
       [0.07723443, 0.46796753, 0.65240862, 0.74317169, 0.17488521,
        0.66714128]]), array([[0.29617784, 0.01116653, 0.41976656, 0.17271706, 0.81241728,
        0.63088677]]), array([[0.99081614, 0.4945333 , 0.07571763, 0.76324623, 0.31754485,
        0.22111462],
       [0.66357923, 0.29753071, 0.87510389, 0.63406024, 0.25867632,
        0.19022387],
       [0.79574506, 0.8373142 , 0.46646585, 0.59537907, 0.10547153,
        0.87601861],
       [0.53037953, 0.94185854, 0.35423774, 0.26755043, 0.55499329,
        0.0538359 ],
       [0.79331712, 0.33197518, 0.21982071, 0.15058415, 0.55142212,
        0.80550159],
       [0.61423312, 0.19679811, 0.57427905, 0.53270991, 0.4088531 ,
        0.70138722]]), array([[0.95280651, 0.64979919, 0.2614209 , 0.26645901, 0.9340057 ,
        0.50207172],
       [0.58295288, 0.70398786, 0.41305561, 0.32294033, 0.35790313,
        0.14777669],
       [0.41167178, 0.847227  , 0.28890799, 0.96900539, 0.12415287,
        0.02505704],
       [0.5950247 , 0.98082258, 0.13042521, 0.25447894, 0.09845802,
        0.27999436],
       [0.57185059, 0.69480273, 0.27101273, 0.40117387, 0.47554801,
        0.83370449],
       [0.55741896, 0.74510039, 0.59140251, 0.15301321, 0.75645447,
        0.34063984]]), array([[0.65602699, 0.8825174 , 0.93155565, 0.4777844 , 0.32673757,
        0.68452689]]), array([[0.72401963, 0.25736929, 0.62970255, 0.85751017, 0.91563735,
        0.40005299],
       [0.67962062, 0.03344242, 0.26829741, 0.18997925, 0.97959264,
        0.31219047],
       [0.5228367 , 0.60616718, 0.0936618 , 0.11421405, 0.40023083,
        0.9829436 ],
       [0.7989443 , 0.98596921, 0.50124272, 0.4792556 , 0.20155313,
        0.44712367],
       [0.05710451, 0.45230211, 0.74043433, 0.02060483, 0.36534682,
        0.91045872],
       [0.70699093, 0.7666927 , 0.40937397, 0.50491821, 0.52607084,
        0.64655661]]), array([[0.01053358, 0.25204688, 0.43373278, 0.50511934, 0.34257764,
        0.12000396],
       [0.12684862, 0.76331605, 0.00441461, 0.58279029, 0.75340258,
        0.98148297],
       [0.0403587 , 0.92147471, 0.81999934, 0.04568751, 0.47916167,
        0.94204332],
       [0.42298454, 0.41915389, 0.26373012, 0.93585463, 0.45911797,
        0.72617231],
       [0.92980001, 0.02304356, 0.71240065, 0.47627147, 0.85106411,
        0.5480771 ],
       [0.07028193, 0.6281388 , 0.35647688, 0.6599278 , 0.10532027,
        0.04558689]]), array([[0.63875868, 0.54119411, 0.64621537, 0.34997718, 0.18018146,
        0.18814284]]), array([[6.63984665e-01, 1.54036826e-01, 6.37667547e-02, 4.85858158e-01,
        9.83990490e-01, 4.31740742e-01],
       [8.16533255e-01, 6.08421242e-01, 4.51558781e-01, 3.59651571e-01,
        4.34843217e-01, 7.34693680e-01],
       [3.01957942e-01, 8.42934996e-01, 9.21986513e-01, 3.40217518e-04,
        4.39004432e-01, 8.92451794e-01],
       [6.28317500e-01, 2.19439551e-02, 6.85541570e-01, 4.97011414e-01,
        5.03080143e-01, 8.61441151e-02],
       [1.81244054e-01, 9.74923936e-01, 3.13213860e-01, 4.02771591e-01,
        7.64237997e-02, 2.28466795e-02],
       [2.18485782e-01, 5.94331350e-01, 6.39489502e-02, 5.30264137e-01,
        6.65561690e-03, 9.19302164e-01]]), array([[0.32533051, 0.59671196, 0.91600593, 0.21989047, 0.72116021,
        0.68560352],
       [0.80970813, 0.74096022, 0.41482141, 0.6473732 , 0.64539962,
        0.04918578],
       [0.37216364, 0.95980177, 0.75602199, 0.99744115, 0.95501403,
        0.71967442],
       [0.66329354, 0.33421541, 0.4823656 , 0.7431741 , 0.35168947,
        0.76418188],
       [0.7010511 , 0.13380343, 0.21190062, 0.47134007, 0.33815182,
        0.40691989],
       [0.66720606, 0.87078054, 0.01036977, 0.72819983, 0.55939787,
        0.98103004]]), array([[0.90841407, 0.63869072, 0.955687  , 0.12779509, 0.53756623,
        0.22434342]]), array([[0.39295144, 0.01172213, 0.32930474, 0.68861158, 0.85966383,
        0.29324572],
       [0.56262611, 0.98831936, 0.06883966, 0.96100962, 0.8814252 ,
        0.9458239 ],
       [0.74035429, 0.86960108, 0.88154229, 0.78233599, 0.19701672,
        0.57339483],
       [0.27815644, 0.1372087 , 0.14990453, 0.77996053, 0.74843293,
        0.53792159],
       [0.29457771, 0.85081488, 0.29003424, 0.40311983, 0.30851001,
        0.8250368 ],
       [0.72012173, 0.88821485, 0.90093648, 0.69476214, 0.78910525,
        0.21852447]]), array([[0.2917913 , 0.03657232, 0.50104001, 0.64492787, 0.18748853,
        0.6059124 ],
       [0.69678384, 0.97977674, 0.54193658, 0.02158639, 0.48968456,
        0.17464098],
       [0.39554818, 0.75229561, 0.24623371, 0.71410119, 0.93346484,
        0.62532335],
       [0.95754653, 0.84370866, 0.11924334, 0.86817809, 0.45273656,
        0.10543091],
       [0.88757133, 0.36247105, 0.52449827, 0.28863061, 0.54331512,
        0.85050251],
       [0.24868492, 0.56787591, 0.84920411, 0.30174979, 0.34013691,
        0.42496763]]), array([[0.88500209, 0.72802198, 0.45640287, 0.91565734, 0.35793183,
        0.30056366]]), array([[0.44989217, 0.42296917, 0.60149765, 0.73587115, 0.08534089,
        0.33301175],
       [0.15678016, 0.74748177, 0.92186714, 0.94336162, 0.22717153,
        0.18913864],
       [0.31646454, 0.54331401, 0.49160956, 0.82003952, 0.47125786,
        0.41600958],
       [0.59646195, 0.71178445, 0.08923826, 0.69904146, 0.5121527 ,
        0.51374044],
       [0.22553776, 0.1544362 , 0.79509194, 0.22991612, 0.01860376,
        0.55192877],
       [0.58725323, 0.95553773, 0.79352135, 0.73727366, 0.04655465,
        0.3589111 ]]), array([[0.73366109, 0.01402486, 0.14317274, 0.02290728, 0.23616085,
        0.83032931],
       [0.53411522, 0.78094317, 0.14588729, 0.34961151, 0.13137021,
        0.94175659],
       [0.20750502, 0.21335176, 0.38974345, 0.64979944, 0.46762548,
        0.89033522],
       [0.46453505, 0.68360703, 0.84981395, 0.22017099, 0.63686265,
        0.5622281 ],
       [0.61564905, 0.1611406 , 0.94972748, 0.34658757, 0.94294509,
        0.03046373],
       [0.58600508, 0.57807359, 0.07382921, 0.76819742, 0.8846486 ,
        0.59918028]]), array([[0.26365291, 0.65398269, 0.11387273, 0.9845125 , 0.77409748,
        0.54498666]])] 
 0.5, 
 1e-09, 
 1000