weigths: [array([[ 2.38958297,  5.37679886, -4.11890923,  3.02498991,  3.24537181,
        -7.30556303],
       [ 0.77938869,  5.84414513, -3.43831128,  0.71103896,  0.9045785 ,
        -2.87216001],
       [ 0.6243726 ,  1.5792362 ,  0.91330966,  0.07731891, -0.14462792,
        -6.37046324],
       [-0.48983006,  5.93959537, -0.11132906,  7.13184728, -4.86624112,
         3.06247121],
       [ 1.33635671,  5.69631307, -2.69120466, -0.34213627,  1.64352549,
        -3.00377   ],
       [ 1.73843119,  3.79079253, -2.03523585,  1.10232483,  1.72372665,
        -3.59446156]]), array([[ 4.01018065,  2.33401821,  0.12148911, -4.89327737,  2.86247888,
         2.66239729],
       [ 0.92219496,  1.70733726,  0.26472252, -3.11571479,  1.31981468,
         1.46805243],
       [-0.71402805,  1.75731908,  1.3440161 ,  3.67841134,  0.12071472,
         0.391291  ],
       [ 1.40673916,  2.44504188,  0.19837072, -5.10264968,  2.02999446,
         1.224018  ],
       [ 1.98423919,  1.77781476,  5.27336751,  0.51960748,  0.41639631,
         0.14418558],
       [ 1.93932904,  0.66501527,  3.32415249, -4.44488869,  1.23264075,
         1.30295951]]), array([[ 0.09651166, -0.28197196,  0.05072043, -0.08574962,  0.0975756 ,
         0.01908474],
       [-0.17862932,  0.68244284, -0.32993468,  1.64002664, -2.48455387,
         2.01677365],
       [-0.04285037,  0.1347494 ,  0.27418054, -0.10591497, -0.24547526,
         0.49035259],
       [ 0.70832896,  0.02695076,  3.10242689, -0.11753696, -0.73041726,
        -0.64349686],
       [ 3.05741753,  0.64015139, -1.50832886,  1.24133789, -3.99141492,
         2.14712313],
       [ 0.05780203, -0.18920782, -0.16961002,  0.20915067,  0.17401016,
        -0.32087331]]), array([[ 9.42245498e-02,  4.31864756e-01, -6.37665430e-02,
         2.21241402e+00,  1.81067106e+00, -5.16704235e-04]])] 
 0.5, 
 1e-19, 
 10000