weigths: [array([[0.55243609, 0.0786334 , 0.74739953, 0.04268847, 0.70449515,
        0.58608227],
       [0.7409124 , 0.20326559, 0.76535613, 0.68503805, 0.01254543,
        0.25880868],
       [0.52466965, 0.02122964, 0.75478875, 0.80740307, 0.19219268,
        0.9366596 ],
       [0.228786  , 0.60934508, 0.8973349 , 0.15417261, 0.04451505,
        0.68476748],
       [0.32275775, 0.09055339, 0.26891721, 0.19651441, 0.47317095,
        0.65867958],
       [0.9584695 , 0.90851819, 0.84728993, 0.89292641, 0.68857605,
        0.09864912],
       [0.12605666, 0.12890034, 0.21294075, 0.03647268, 0.34817673,
        0.16196736],
       [0.244699  , 0.07137694, 0.88106744, 0.73166616, 0.96103175,
        0.11989279],
       [0.2389256 , 0.66789245, 0.28500147, 0.2155607 , 0.08283325,
        0.59280729],
       [0.88408066, 0.73726421, 0.13125835, 0.9533759 , 0.00555726,
        0.95153592],
       [0.5354903 , 0.91098401, 0.70794008, 0.50927742, 0.81666628,
        0.29089356],
       [0.6516344 , 0.22808466, 0.99544188, 0.14600232, 0.50845465,
        0.24202658]]), array([[0.75649669, 0.05707427, 0.15791063, 0.77066357, 0.46816827,
        0.29939835, 0.57736316, 0.41638745, 0.32476348, 0.25225871,
        0.53036276, 0.12041025],
       [0.86581673, 0.37430101, 0.00244119, 0.82300456, 0.70009157,
        0.55290526, 0.58834754, 0.7887391 , 0.38806744, 0.29602579,
        0.58942653, 0.68284871],
       [0.81352052, 0.1019654 , 0.01706656, 0.13989409, 0.29372804,
        0.39481107, 0.45291977, 0.9897087 , 0.65443407, 0.45643682,
        0.09018191, 0.08421738],
       [0.34100552, 0.34986507, 0.87786558, 0.45586969, 0.55453009,
        0.59774376, 0.49433804, 0.76628337, 0.5877236 , 0.67233231,
        0.26984018, 0.52048434],
       [0.38195545, 0.58635568, 0.41128454, 0.05690978, 0.95197781,
        0.74335558, 0.68004762, 0.14183165, 0.69573884, 0.41825386,
        0.2188442 , 0.89943871],
       [0.73781236, 0.83135023, 0.37858748, 0.67728519, 0.1774255 ,
        0.79745967, 0.61160739, 0.15126596, 0.02901869, 0.88406316,
        0.81835483, 0.86466176],
       [0.77162685, 0.21108721, 0.94163277, 0.84382555, 0.51034447,
        0.05956981, 0.93315086, 0.77260069, 0.949148  , 0.7679838 ,
        0.69531035, 0.74800153],
       [0.39588012, 0.79163407, 0.68880624, 0.24100306, 0.94968766,
        0.37522071, 0.52791794, 0.98592368, 0.2197362 , 0.15374923,
        0.87892458, 0.2863314 ],
       [0.92617443, 0.27683308, 0.83836238, 0.74768292, 0.53083201,
        0.55957965, 0.03895957, 0.99324153, 0.49464789, 0.22922631,
        0.10481845, 0.96205829],
       [0.56062738, 0.81785481, 0.67452783, 0.13298455, 0.21677876,
        0.79780216, 0.76811208, 0.14291918, 0.95905816, 0.80485554,
        0.97699454, 0.20081443],
       [0.82087836, 0.87634735, 0.49178405, 0.44001929, 0.28318015,
        0.01449231, 0.82504948, 0.06820763, 0.09365014, 0.70924855,
        0.58847242, 0.34015186],
       [0.08785911, 0.37508513, 0.72951159, 0.95891202, 0.4879444 ,
        0.83757755, 0.13459973, 0.94001142, 0.64563691, 0.57936556,
        0.58442407, 0.64422663]]), array([[0.28806586, 0.6801046 , 0.35578139, 0.60963253, 0.71501218,
        0.57810945, 0.32478211, 0.17252315, 0.00191966, 0.71199781,
        0.55680197, 0.13374887],
       [0.15196425, 0.71995174, 0.98357831, 0.01664015, 0.56050942,
        0.88982582, 0.8841172 , 0.48892776, 0.95135665, 0.27215812,
        0.27173097, 0.51459553],
       [0.89477135, 0.6278553 , 0.86001028, 0.84717937, 0.45679291,
        0.09540768, 0.28598595, 0.17939594, 0.74319804, 0.14098067,
        0.51382574, 0.13359022],
       [0.22369787, 0.52496115, 0.91687814, 0.10472396, 0.70178911,
        0.82019857, 0.53077585, 0.64061926, 0.91835744, 0.78233286,
        0.16327245, 0.16671237],
       [0.35288785, 0.64852517, 0.29122956, 0.75124156, 0.97827467,
        0.06163094, 0.99701875, 0.40942616, 0.20011915, 0.7303719 ,
        0.58861478, 0.55624282],
       [0.92714789, 0.88806513, 0.05060006, 0.06918701, 0.99914549,
        0.96282393, 0.29659037, 0.82081566, 0.2259505 , 0.79111067,
        0.58336197, 0.47947304],
       [0.18746542, 0.98719811, 0.68646522, 0.83060952, 0.02110744,
        0.76072958, 0.21334202, 0.21531426, 0.40214689, 0.07038413,
        0.12681045, 0.57681351],
       [0.09701773, 0.26735673, 0.93507793, 0.91626436, 0.42907154,
        0.54715444, 0.59312065, 0.62898114, 0.92108683, 0.72374833,
        0.09256253, 0.82932125],
       [0.12507903, 0.69589377, 0.96593046, 0.96277958, 0.99757189,
        0.0973932 , 0.01182752, 0.84763865, 0.08386642, 0.60653676,
        0.34563642, 0.58612682],
       [0.65194996, 0.60914031, 0.30813838, 0.42490851, 0.90649995,
        0.76132505, 0.62570735, 0.70768283, 0.87879504, 0.20421221,
        0.75639666, 0.36524411],
       [0.95262124, 0.05327733, 0.15965127, 0.52766888, 0.34494548,
        0.64063689, 0.61164412, 0.63551829, 0.67971158, 0.64584521,
        0.32907282, 0.74915294],
       [0.46026825, 0.94566325, 0.73509833, 0.66504377, 0.73731731,
        0.94929845, 0.65588693, 0.85103169, 0.66856582, 0.92305734,
        0.09399748, 0.50647834]]), array([[0.60782428, 0.96657768, 0.30386375, 0.70651565, 0.08799355,
        0.01851714, 0.39499416, 0.83441864, 0.24415094, 0.62260268,
        0.77403101, 0.06288032],
       [0.01896312, 0.83669518, 0.92965985, 0.74403364, 0.03600208,
        0.64381488, 0.69571247, 0.84663916, 0.73449252, 0.94544114,
        0.01374341, 0.87102114],
       [0.04103711, 0.37087696, 0.40254883, 0.05502987, 0.99554231,
        0.5780187 , 0.79894579, 0.70772339, 0.24279372, 0.83136594,
        0.45445421, 0.18534933],
       [0.31590684, 0.85683601, 0.21176957, 0.27009116, 0.28272681,
        0.43946454, 0.05498011, 0.78047521, 0.7654344 , 0.05318532,
        0.53607425, 0.50966222],
       [0.18846463, 0.98410189, 0.89002537, 0.68700165, 0.56182926,
        0.72496242, 0.84178398, 0.77099085, 0.3715372 , 0.95143802,
        0.88439376, 0.04131239],
       [0.78779287, 0.76926135, 0.61898617, 0.76472877, 0.60261277,
        0.37408526, 0.32798109, 0.74628821, 0.94135686, 0.20418022,
        0.76275857, 0.11277939],
       [0.37000225, 0.68782402, 0.0744683 , 0.76480181, 0.18776186,
        0.96702106, 0.57415228, 0.68010149, 0.78287858, 0.62120782,
        0.21830213, 0.82016077],
       [0.36801472, 0.54554906, 0.32695992, 0.77293515, 0.75978317,
        0.14046221, 0.162075  , 0.94994771, 0.12590016, 0.60138469,
        0.44355518, 0.18409118],
       [0.88838716, 0.64025814, 0.86746102, 0.40212584, 0.78144603,
        0.01014245, 0.28252503, 0.58138319, 0.89715197, 0.66126508,
        0.64365844, 0.23014031],
       [0.20769477, 0.33569991, 0.20237533, 0.20338848, 0.47828818,
        0.17628806, 0.80070531, 0.96388582, 0.73264726, 0.49295803,
        0.56195118, 0.89140538],
       [0.1613543 , 0.37411533, 0.27840397, 0.93995842, 0.57181142,
        0.77203833, 0.82469423, 0.47716275, 0.94274194, 0.67050856,
        0.47081551, 0.58584762],
       [0.89004225, 0.31836109, 0.76477842, 0.75752091, 0.91755032,
        0.85840393, 0.61678313, 0.8245435 , 0.76186205, 0.58668036,
        0.45869029, 0.07691331]]), array([[0.66436335, 0.34922819, 0.37093888, 0.97287705, 0.20278233,
        0.17070682, 0.97504249, 0.46967556, 0.62389803, 0.42691157,
        0.01055915, 0.0948764 ],
       [0.13121737, 0.27972188, 0.46131711, 0.36986886, 0.33757822,
        0.45866556, 0.6330903 , 0.26179104, 0.26642161, 0.14174069,
        0.83469922, 0.71350215],
       [0.62987377, 0.89978912, 0.28705682, 0.14144229, 0.90302608,
        0.8199217 , 0.3498835 , 0.21721126, 0.71688935, 0.03001185,
        0.81459743, 0.30503338],
       [0.60939918, 0.37261358, 0.62917141, 0.81117439, 0.82577596,
        0.34944052, 0.73676449, 0.98577855, 0.90984159, 0.1518002 ,
        0.12383477, 0.92967365],
       [0.94663538, 0.01259415, 0.62821516, 0.68934348, 0.20367863,
        0.58525785, 0.96637489, 0.279558  , 0.16443291, 0.45234285,
        0.54666747, 0.38413888],
       [0.21772952, 0.20574959, 0.68506608, 0.55767629, 0.89920689,
        0.29611784, 0.26975836, 0.929602  , 0.09915861, 0.16679633,
        0.10187168, 0.03081591],
       [0.1862732 , 0.12391121, 0.16202115, 0.61834682, 0.62342375,
        0.26561951, 0.06722619, 0.47419286, 0.78859391, 0.67444077,
        0.32520372, 0.47800693],
       [0.4864731 , 0.8616736 , 0.10303306, 0.99723467, 0.67637335,
        0.85650644, 0.60883414, 0.27352219, 0.19026145, 0.21544249,
        0.76547339, 0.6180876 ],
       [0.10356106, 0.75670256, 0.11061665, 0.90321015, 0.35113533,
        0.06506268, 0.76780519, 0.4451973 , 0.34964874, 0.98414792,
        0.41752803, 0.32940292],
       [0.67201615, 0.98648529, 0.6273794 , 0.02429773, 0.49185487,
        0.97568572, 0.52612189, 0.9404887 , 0.89521417, 0.30948427,
        0.78301015, 0.55277553],
       [0.14129473, 0.6829651 , 0.37755011, 0.7494477 , 0.12098294,
        0.04201809, 0.32645898, 0.55342201, 0.68510875, 0.59138854,
        0.90555083, 0.1617473 ],
       [0.38310572, 0.61670381, 0.35295268, 0.04160478, 0.71132786,
        0.9071056 , 0.16606668, 0.35602381, 0.16302396, 0.42311231,
        0.60118478, 0.10602421]]), array([[6.94838676e-01, 3.10969672e-01, 5.32286944e-01, 7.32778714e-01,
        4.79393174e-01, 6.59914999e-01, 8.70590335e-01, 8.09762555e-02,
        5.44058507e-01, 5.28778532e-01, 8.05025843e-01, 6.52589735e-01],
       [4.96431880e-01, 6.32330981e-01, 8.13092611e-01, 8.47406221e-01,
        6.73391243e-01, 9.04518775e-01, 4.84266718e-01, 1.40162472e-01,
        6.28454314e-01, 7.19899149e-01, 5.34211391e-01, 9.97632920e-01],
       [3.96527778e-01, 1.17746277e-01, 1.01910936e-01, 1.65968917e-01,
        8.98348769e-01, 5.35809692e-01, 5.36842895e-01, 2.80005432e-01,
        9.04629689e-01, 5.90525929e-01, 4.84153325e-01, 4.12930065e-01],
       [6.70546506e-01, 7.75792325e-02, 7.02058789e-01, 9.16425407e-02,
        3.36378310e-01, 3.66854501e-01, 9.07083879e-01, 4.11241931e-01,
        1.07701426e-02, 8.13207440e-01, 8.78602891e-01, 2.01994773e-02],
       [3.52575166e-02, 7.01095918e-01, 6.77268675e-01, 5.42118858e-01,
        7.13260790e-01, 7.24931123e-01, 6.78438671e-01, 9.03728228e-01,
        6.70723034e-01, 7.29532713e-02, 5.52351652e-01, 2.71401412e-01],
       [8.65869656e-01, 1.05915540e-01, 9.55594981e-01, 7.46656428e-01,
        8.41128648e-02, 8.34417321e-01, 5.18486859e-01, 6.43715693e-01,
        8.81601945e-01, 7.51634614e-02, 7.47940812e-01, 6.61257046e-01],
       [8.59505530e-02, 3.83440396e-02, 6.95097858e-01, 6.71099931e-01,
        1.36404392e-01, 5.40027968e-01, 8.07555868e-01, 8.15763015e-01,
        6.85374293e-01, 1.48024756e-01, 5.99669120e-01, 7.29751406e-01],
       [2.92056762e-01, 2.28220059e-02, 6.64036056e-01, 7.71596667e-01,
        7.75565774e-01, 9.89396144e-01, 6.23371237e-01, 9.41983079e-01,
        2.21352321e-02, 8.38354686e-01, 8.05373406e-01, 1.28467986e-01],
       [2.33986062e-01, 3.80305743e-02, 5.16589234e-01, 2.06317705e-01,
        5.61257313e-01, 7.70722240e-01, 2.13806048e-01, 2.48521749e-01,
        8.52644940e-02, 1.89157988e-02, 3.36277052e-01, 7.99587064e-01],
       [7.60693597e-01, 3.13418266e-02, 7.43026881e-01, 9.91252943e-01,
        2.22588895e-01, 3.04145063e-01, 5.36522918e-01, 3.90676418e-01,
        2.42727824e-01, 8.82962780e-01, 4.28049377e-01, 9.52125714e-01],
       [9.72066384e-01, 2.11001051e-01, 6.01236517e-01, 9.57231684e-01,
        3.40213626e-02, 1.48785879e-01, 4.24798654e-01, 6.57183002e-01,
        2.54357433e-01, 3.22081338e-04, 7.53796472e-01, 8.54504710e-02],
       [7.42383131e-01, 2.59878163e-01, 7.64871306e-01, 3.68349770e-01,
        1.27948854e-01, 4.36420785e-01, 4.96220353e-02, 1.24728655e-01,
        5.55378647e-01, 2.80232885e-01, 7.29714148e-01, 9.31443669e-01]]), array([[0.16347008, 0.04905673, 0.8420009 , 0.86590968, 0.39685628,
        0.08659269, 0.27124853, 0.81451578, 0.02428544, 0.55252697,
        0.44556069, 0.41233936],
       [0.36501326, 0.34672327, 0.23079074, 0.43971865, 0.49142646,
        0.04349324, 0.81755231, 0.88494389, 0.53371698, 0.77831146,
        0.92248908, 0.51396373],
       [0.65135184, 0.41239166, 0.73269777, 0.3323203 , 0.90420836,
        0.93770776, 0.71651064, 0.98265589, 0.47185425, 0.01108132,
        0.22896686, 0.84224698],
       [0.28589413, 0.12525977, 0.85631568, 0.55224417, 0.10540659,
        0.13655585, 0.48186958, 0.20669186, 0.94482597, 0.0824189 ,
        0.99892476, 0.46221623],
       [0.80998719, 0.34172624, 0.08392863, 0.56233647, 0.05833595,
        0.17569288, 0.70541172, 0.2018375 , 0.34433752, 0.6073935 ,
        0.55107422, 0.02860511],
       [0.87879781, 0.0272848 , 0.26128452, 0.01027746, 0.29957637,
        0.40962907, 0.68061548, 0.30842413, 0.97997539, 0.39252865,
        0.88319961, 0.72927444],
       [0.76917416, 0.05308025, 0.10276739, 0.56808876, 0.23467795,
        0.14771376, 0.95186084, 0.80378122, 0.0155543 , 0.68887151,
        0.31892513, 0.43270994],
       [0.2804114 , 0.06445919, 0.61847212, 0.47668915, 0.45036188,
        0.75492069, 0.14015048, 0.7065923 , 0.01062399, 0.53718105,
        0.68965769, 0.59517174],
       [0.70059011, 0.33157199, 0.01792508, 0.62617675, 0.34406133,
        0.27329776, 0.82810231, 0.40565209, 0.49454224, 0.56916198,
        0.60710877, 0.18072828],
       [0.29765761, 0.59251252, 0.65905187, 0.46396849, 0.38494581,
        0.89883201, 0.17850941, 0.9920844 , 0.41841301, 0.97645233,
        0.56823773, 0.95569618],
       [0.34146496, 0.8892603 , 0.7213247 , 0.83199113, 0.70059636,
        0.8289962 , 0.96739465, 0.42287901, 0.29528052, 0.90827146,
        0.81996036, 0.26844234],
       [0.35703916, 0.59644676, 0.23278807, 0.31503837, 0.92753392,
        0.68991489, 0.60186141, 0.71281918, 0.611841  , 0.35599992,
        0.19185275, 0.83952329]]), array([[0.73291749, 0.12968739, 0.03981358, 0.26805607, 0.42924624,
        0.62884282, 0.8109877 , 0.3102657 , 0.37362296, 0.12291055,
        0.94319356, 0.08432112],
       [0.63148398, 0.88656556, 0.58211639, 0.16720874, 0.26324355,
        0.6573779 , 0.23085119, 0.02470679, 0.78930041, 0.74028604,
        0.95092528, 0.20415957],
       [0.01500032, 0.16862553, 0.55211666, 0.70903729, 0.4115341 ,
        0.8681519 , 0.87181856, 0.23995304, 0.4246793 , 0.54272031,
        0.61349018, 0.44052314],
       [0.73888911, 0.54326062, 0.1800801 , 0.75253261, 0.64680982,
        0.71398185, 0.61988715, 0.86071027, 0.88983931, 0.32368179,
        0.8424965 , 0.1917113 ],
       [0.01906872, 0.36555098, 0.47595454, 0.41297044, 0.38135224,
        0.21876733, 0.81103495, 0.90547392, 0.1338243 , 0.10203698,
        0.67434199, 0.01194532],
       [0.67020632, 0.83844612, 0.21761949, 0.1456688 , 0.53952603,
        0.9181961 , 0.28452483, 0.03215698, 0.29568209, 0.20163021,
        0.13584655, 0.16280691],
       [0.68697672, 0.45933889, 0.09766258, 0.21123429, 0.05554205,
        0.6889691 , 0.73529949, 0.24312768, 0.3560759 , 0.39903177,
        0.06687525, 0.2140563 ],
       [0.14393249, 0.33920725, 0.79459735, 0.34718954, 0.78189822,
        0.96567741, 0.29050696, 0.93333535, 0.99608245, 0.38612925,
        0.50141097, 0.57845599],
       [0.9232475 , 0.40020568, 0.91106832, 0.0459766 , 0.97637821,
        0.70863827, 0.72738326, 0.47626589, 0.79479549, 0.70861516,
        0.07410443, 0.87015269],
       [0.96729384, 0.67608588, 0.17547524, 0.60999408, 0.66356282,
        0.26486471, 0.04680783, 0.75308163, 0.66727084, 0.99342341,
        0.6086379 , 0.30008715],
       [0.17996362, 0.24048561, 0.97020428, 0.51839088, 0.21289386,
        0.16534693, 0.5145551 , 0.29292358, 0.78328388, 0.51848889,
        0.72317427, 0.24066791],
       [0.2980278 , 0.38169695, 0.17964044, 0.52683101, 0.73406247,
        0.33161642, 0.70588062, 0.50982398, 0.43060463, 0.37209904,
        0.72441839, 0.71260062]]), array([[0.11946221, 0.17425401, 0.67396235, 0.15062239, 0.73512642,
        0.78406115, 0.35190589, 0.04854955, 0.00982635, 0.39066793,
        0.22525816, 0.24776787],
       [0.93918413, 0.49950031, 0.58382839, 0.38276758, 0.53205067,
        0.94648671, 0.86419846, 0.66484995, 0.38142536, 0.16540206,
        0.9658642 , 0.71806487],
       [0.74397712, 0.76133728, 0.84806275, 0.67178127, 0.82734957,
        0.28211935, 0.60960721, 0.91873555, 0.45189069, 0.6365812 ,
        0.17897574, 0.34646383],
       [0.51136188, 0.234589  , 0.39323447, 0.61883379, 0.10019055,
        0.0207745 , 0.85954253, 0.11210687, 0.55874107, 0.30554959,
        0.91557575, 0.95054699],
       [0.12192992, 0.95424085, 0.30001047, 0.86052068, 0.90297359,
        0.10320083, 0.17094301, 0.70852068, 0.01555592, 0.13081349,
        0.08996337, 0.9084333 ],
       [0.78256084, 0.85093011, 0.36686339, 0.18828206, 0.2308878 ,
        0.03114716, 0.2155838 , 0.3699394 , 0.26192475, 0.74299624,
        0.76323705, 0.45464201],
       [0.51550349, 0.82489743, 0.1115073 , 0.86729807, 0.7147805 ,
        0.52149438, 0.68390722, 0.17565744, 0.21612365, 0.10268163,
        0.1132077 , 0.87111818],
       [0.75386036, 0.96616377, 0.3448606 , 0.12577928, 0.27420597,
        0.59393448, 0.77794041, 0.68487401, 0.90554398, 0.37077981,
        0.85050501, 0.93521303],
       [0.63271191, 0.51506375, 0.55893232, 0.73148732, 0.04941324,
        0.92875213, 0.58475164, 0.07832948, 0.76516496, 0.72010055,
        0.95142006, 0.31039951],
       [0.71298502, 0.96071627, 0.4527571 , 0.91905805, 0.70117927,
        0.55770359, 0.91676706, 0.78605195, 0.98035638, 0.98389707,
        0.4420379 , 0.80350832],
       [0.50894277, 0.96819456, 0.36610791, 0.69510165, 0.47018845,
        0.57639453, 0.155732  , 0.78708352, 0.4571536 , 0.89037575,
        0.88193499, 0.82945892],
       [0.77888413, 0.52592103, 0.1502573 , 0.9519894 , 0.20245684,
        0.29814726, 0.820397  , 0.58279064, 0.64140586, 0.45505325,
        0.51584023, 0.14177533]]), array([[0.05809788, 0.23058695, 0.56021518, 0.18744675, 0.51547391,
        0.70678469, 0.99971137, 0.52750901, 0.7303043 , 0.57027774,
        0.56276172, 0.7935482 ],
       [0.3508488 , 0.06518261, 0.67725448, 0.30274355, 0.7757601 ,
        0.20221821, 0.42048568, 0.87763689, 0.56096051, 0.79789793,
        0.0221914 , 0.96582176],
       [0.85102118, 0.62055855, 0.38686478, 0.33193878, 0.02809381,
        0.09457096, 0.52040661, 0.60062803, 0.98842916, 0.09989302,
        0.71965012, 0.56725934],
       [0.12453739, 0.32534247, 0.75484896, 0.06336901, 0.10864222,
        0.62405146, 0.13805169, 0.65420627, 0.2227814 , 0.99725244,
        0.10761938, 0.36721879],
       [0.80639714, 0.02533815, 0.10679901, 0.93627137, 0.46183231,
        0.02218397, 0.21686545, 0.38446325, 0.81457514, 0.54708856,
        0.92676799, 0.36586171],
       [0.88665538, 0.8858894 , 0.67147404, 0.39731444, 0.48599785,
        0.54668995, 0.23606001, 0.76666037, 0.12007992, 0.13021595,
        0.43222837, 0.97802397],
       [0.61633169, 0.5389814 , 0.64308732, 0.77592587, 0.69050365,
        0.72768783, 0.15402055, 0.18137933, 0.2365423 , 0.47385851,
        0.98605041, 0.35708218],
       [0.09472502, 0.15145709, 0.5909873 , 0.61947728, 0.61460815,
        0.55148865, 0.83602187, 0.69779411, 0.77744224, 0.0113151 ,
        0.15923383, 0.44064868],
       [0.34021881, 0.69256329, 0.8831319 , 0.83237798, 0.66762084,
        0.4249685 , 0.34352592, 0.6931959 , 0.26767736, 0.30939354,
        0.17205852, 0.40055542],
       [0.9668727 , 0.6282847 , 0.34173346, 0.54294798, 0.84700492,
        0.07987072, 0.31621241, 0.07516741, 0.36780431, 0.34434645,
        0.72861053, 0.76133167],
       [0.04406347, 0.93891301, 0.53892733, 0.09751267, 0.83329909,
        0.85900145, 0.88693374, 0.06185498, 0.06735773, 0.32550804,
        0.03887286, 0.95234205],
       [0.08798512, 0.51097261, 0.56829485, 0.32767696, 0.93252176,
        0.12587722, 0.12306631, 0.70553071, 0.73540278, 0.79528854,
        0.53452729, 0.92982259]]), array([[0.11164074, 0.24224773, 0.75311247, 0.55858942, 0.26605825,
        0.2711692 , 0.93377279, 0.58157918, 0.10788592, 0.23173617,
        0.15043819, 0.07988179],
       [0.51467431, 0.66199592, 0.81271839, 0.43157015, 0.92325663,
        0.10727079, 0.17491861, 0.29239994, 0.71007351, 0.3507591 ,
        0.64326437, 0.40059139],
       [0.47543268, 0.62918179, 0.7308267 , 0.77230146, 0.95086207,
        0.76295374, 0.91376403, 0.4738038 , 0.61915667, 0.15335334,
        0.33786985, 0.46907685],
       [0.0430691 , 0.66535727, 0.89592964, 0.37243386, 0.1208896 ,
        0.92746874, 0.30501466, 0.26726947, 0.9925582 , 0.50494004,
        0.72675197, 0.68235038],
       [0.30278672, 0.4875884 , 0.35408687, 0.7892327 , 0.61630277,
        0.22931112, 0.35005453, 0.29099872, 0.61007418, 0.60554035,
        0.48997378, 0.89372452],
       [0.86526325, 0.22336951, 0.32286923, 0.17535087, 0.46396227,
        0.98974612, 0.43230963, 0.22147604, 0.75997767, 0.77619131,
        0.72272368, 0.2892216 ],
       [0.53479274, 0.0073536 , 0.94460408, 0.42610182, 0.09739914,
        0.45151312, 0.2159204 , 0.4547458 , 0.38208742, 0.80283054,
        0.54191414, 0.65285664],
       [0.33074394, 0.90684311, 0.87799982, 0.92352235, 0.75366679,
        0.67669242, 0.0410235 , 0.79613812, 0.62776375, 0.55554345,
        0.83858142, 0.90100857],
       [0.1044519 , 0.99662515, 0.59128145, 0.82402238, 0.88413907,
        0.97300192, 0.43285157, 0.76535366, 0.45634431, 0.89470919,
        0.08076531, 0.26301276],
       [0.96592735, 0.50512179, 0.91282987, 0.55923184, 0.70101562,
        0.90757433, 0.2596906 , 0.67610656, 0.44461856, 0.75808403,
        0.02396102, 0.11916847],
       [0.21009755, 0.60471705, 0.14070863, 0.62525981, 0.06107176,
        0.31663739, 0.73694382, 0.42450081, 0.29682632, 0.02818323,
        0.36767364, 0.17291999],
       [0.53962832, 0.5618394 , 0.55558015, 0.9497697 , 0.4074776 ,
        0.07759026, 0.60460938, 0.25842926, 0.79061003, 0.19140128,
        0.02434014, 0.35822659]]), array([[ 0.65039103,  0.58262672,  0.0886658 ,  0.36175929,  0.38514356,
         0.76968934,  0.72400891,  0.57546869,  0.92334669,  0.87573367,
         0.56263413,  0.36281602],
       [ 0.98251485,  0.70081127,  0.87461522,  0.06056495,  0.0969015 ,
         0.70413735,  0.76010091,  0.2301436 ,  0.03487628,  0.76860774,
         0.47913444,  0.20540371],
       [ 0.43609506,  0.45570965,  0.64445164,  0.03009853,  0.0491839 ,
         0.68756488,  0.8251222 ,  0.42297867,  0.52111659,  0.06353888,
         0.70939238,  0.58748706],
       [-0.35313542, -0.0445351 ,  0.05875395,  0.36756153, -0.01400858,
        -0.32069842, -0.27473813,  0.20892295, -0.27928585,  0.54213508,
         0.33134717, -0.22224353],
       [-0.10889802,  0.06592111, -0.29414781, -0.21308717,  0.06672906,
         0.26565352, -0.26488933,  0.14061293, -0.10943406,  0.59682889,
        -0.22051978,  0.07503589],
       [ 0.34129087,  0.78528693,  0.17628575,  0.82576674,  0.52327317,
         0.59958369,  0.83967726,  0.16832798,  0.93529339,  0.42133282,
         0.6501951 ,  0.61335527],
       [ 0.69511923,  0.61034418,  0.89961326,  0.10783593,  0.44890648,
         0.98047361,  0.78301117,  0.4433108 ,  0.41965368,  0.85083347,
         0.5761662 ,  0.06950202],
       [ 0.25111863,  0.77915962,  0.72541143,  0.41777388,  0.13000689,
         0.99559749,  0.29751278,  0.34675374,  0.98456091,  0.08692481,
         0.65597282,  0.90086376],
       [ 0.45529499,  0.08102162,  0.88274937,  0.94620623,  0.65088751,
         0.32032747,  0.5782431 ,  0.69724254,  0.80734386,  0.94135683,
         0.41402299,  0.72284535],
       [-0.18611931,  0.18191963,  0.49466449,  0.16190699, -0.1624373 ,
         0.00111609, -0.09568519, -0.07199909, -0.08874352, -0.25379698,
        -0.04193529,  0.06101085],
       [ 0.28365256,  0.0597676 ,  0.04564363,  0.38100416,  0.68546277,
         0.79431054,  0.55554532,  0.26090703,  0.00976001,  0.59181569,
         0.14814309,  0.76886597],
       [ 0.89624553,  0.96153687,  0.49157828,  0.60182671,  0.24927263,
         0.60364684,  0.96904408,  0.73147097,  0.78215569,  0.90615486,
         0.07216278,  0.24566152]]), array([[ 2.18134411e-01,  9.10761719e-01,  7.40333224e-01,
        -3.01304268e-11,  3.57815531e-11,  3.07477307e-01,
         3.60446453e-01,  1.17814168e+00,  3.09698214e-01,
         1.42079553e-11,  1.86412917e-01,  6.13062885e-01]])] 
 0.5, 
 1e-19, 
 10000