error: 9.953080632134004e-10 
 weigths: [array([[-1.61610916, -1.8204727 , -0.30744651, -0.43951755, -2.02894542,
         0.5556726 ],
       [-1.53757927, -2.01256079, -0.28564378, -1.03970369, -1.71693386,
         0.46812822],
       [ 0.83899386,  1.50517432, -0.13875605,  1.18733574,  1.70986404,
        -0.95766111],
       [ 0.18018698,  0.79424242,  0.05854996,  0.68706491,  0.59121395,
         0.06648488],
       [ 0.03124232,  0.58835619, -0.1543732 ,  0.77718767,  0.15251145,
         0.25876174],
       [ 0.67249329,  1.24850364,  0.04484018,  0.58188012,  0.80537588,
        -0.23574089]]), array([[ 7.48934703,  7.32873832, -1.77508489, -0.21449313, -0.27726696,
        -0.79054173],
       [-3.07700607, -2.36773387,  0.48498824,  0.45034017, -0.22298775,
         0.68149521],
       [-0.43251501,  0.01159136,  0.08411674, -0.11245669, -0.03639549,
         0.86305175],
       [-5.20314725, -4.99515213,  1.35691786,  0.37627062, -0.07079501,
         0.46089113],
       [ 1.43001882,  1.75637397,  1.98121218,  1.93290848,  1.5002679 ,
         1.39642927],
       [-2.73335874, -2.0417171 ,  0.54441921,  0.39997972,  0.20169363,
         0.16239267]]), array([[-9.60674889,  3.5127094 ,  0.67578989,  6.07593841, -4.76355363,
         3.01375317]])] 
 0.5, 
 1e-09, 
 1000