error: 1.377589667204434e-08 
 weigths: [array([[ 0.4998574 ,  0.96665543,  0.23526355,  1.49629565,  1.53902393,
        -0.70302212],
       [ 0.45982684,  1.08226884,  0.23586836,  1.21581644,  1.07091483,
        -0.41728771],
       [-2.25322255, -4.84673703, -0.00955121, -0.67601095, -1.76582029,
         0.75008031],
       [-1.05977843,  0.97986373, -1.62826474,  0.15255767, -2.35401452,
        -0.53757143],
       [-0.23660617,  0.79955982, -0.24307919,  1.43897335, -0.15756791,
        -0.28899069],
       [-1.1122507 ,  0.74186102, -1.58620356, -0.13993423, -2.25818892,
        -0.49589757]]), array([[ 0.32138054,  0.65882558, -5.02811045, -1.60001381, -0.36784586,
        -1.22701074],
       [ 1.1210959 ,  0.15960339, -5.88174181, -1.96532234, -0.0922864 ,
        -2.02312251],
       [ 1.28838329,  1.32765212, -9.39813916, -2.77130808,  0.21871741,
        -3.48532719],
       [ 1.1080473 ,  1.04924974, -8.78113266, -3.12438893,  0.5521052 ,
        -2.87009531],
       [ 1.49566575,  1.95127192,  1.40121161,  2.04854408,  1.98269438,
         2.20749403],
       [ 0.56798416,  0.33547867, -5.37684857, -1.41798994, -0.05793715,
        -1.78718142]]), array([[  2.63048494,   3.45291831,   6.06666352,   5.59613557,
        -11.49870356,   2.92091443]])] 
 0.5, 
 1e-09, 
 1000