error: 9.913428541838319e-10 
 weigths: [array([[-1.13694032, -0.58525146, -0.72499912, -0.2857822 , -1.07130428,
        -0.10981421],
       [ 0.20630216,  0.95734332, -0.34532743,  1.7301611 ,  1.13702753,
        -0.74099337],
       [ 0.85085225,  2.91339017, -0.97122962,  3.02727206,  1.46130866,
        -1.56449969],
       [-0.81796223, -0.58999017, -0.89866483, -0.23816293, -0.61073062,
        -0.70014563],
       [-1.92457182, -3.9127553 ,  1.08403309, -0.27005216, -3.20655375,
         2.18703088],
       [ 0.29046054,  1.15920904, -0.2314863 ,  1.23191686,  0.83171922,
        -0.6839595 ]]), array([[ 1.98069528,  1.41501859,  1.7439336 ,  1.93846849,  1.67390268,
         2.02165419],
       [-1.69887972,  0.61772721,  1.44491637, -1.16784492, -6.29027946,
         0.10471864],
       [-1.17155101,  0.09821096,  1.56479986, -1.47005735, -6.47882365,
         0.47025635],
       [-1.67592555,  0.33868941,  1.38082087, -0.75918757, -7.22423071,
         0.49320344],
       [-1.10530958,  0.6216887 ,  1.27513468, -1.427954  , -5.9624595 ,
         0.12294582],
       [ 1.96231226,  1.96817048,  2.00565216,  1.10485065,  1.85232449,
         1.63015268]]), array([[-6.93586162,  5.21908877,  5.23395912,  5.84978228,  4.89991164,
        -6.32582525]])] 
 0.5, 
 1e-09, 
 1000