error: 1.761765207066425e-09 
 weigths: [array([[-1.34637051, -0.11166384, -1.0717934 ,  0.1703969 , -3.78612614,
        -0.0101773 ],
       [-0.8913088 ,  0.21422467, -0.32186641, -0.26812144, -0.82537992,
         0.21042402],
       [-1.63129572, -1.41659137, -1.75559038, -0.82582704, -1.34455425,
        -0.72756753],
       [-1.25206173, -0.28993083, -1.79332896, -0.8511288 , -1.52405923,
        -0.70499792],
       [ 0.89676005,  1.02821005,  0.96676818,  0.48614099,  0.63051474,
         0.40960995],
       [ 0.90388852,  1.21245395,  1.20764118,  0.8224182 ,  0.04727408,
         0.7180921 ]]), array([[ 1.65758826, -0.24348383,  1.20737265,  0.44587472, -0.82415596,
        -0.71056809],
       [ 3.78661485, -0.12087197,  3.42121132,  1.93451747, -1.16364209,
        -1.37132907],
       [ 3.38109061,  0.48994444,  2.99690432,  2.10800744, -1.27103797,
        -1.31268938],
       [ 2.16240348,  1.00386662,  2.38632781,  1.74678191,  0.01452613,
         0.51860666],
       [-4.97548797, -0.44835287, -4.29699374, -2.60516358,  0.64886689,
         0.28289348],
       [-7.4664597 , -0.09802508, -6.95593122, -4.16171313,  1.78818376,
         1.97876076]]), array([[-2.32215352, -4.60695658, -4.20516882, -4.49949972,  3.9043851 ,
         6.77901673]])] 
 0.5, 
 1e-09, 
 1000