error: 3.197834734734527e-08 
 weigths: [array([[-1.58966569, -1.24071634, -1.8783862 , -1.00770332, -0.98172151,
        -0.81055748],
       [ 0.70282028,  0.83094578,  0.90824092,  1.11877274,  0.31168096,
         0.25647531],
       [-0.8766738 ,  0.74010109, -1.42989373,  0.20135829, -2.7983105 ,
        -0.33682987],
       [-0.76041753,  1.03663776, -1.38667558, -0.11007387, -2.83764507,
        -0.18014475],
       [ 0.49267923,  1.15976437,  0.27113574,  0.68479241,  0.52947936,
        -0.12478577],
       [-2.12775027, -3.0842418 , -0.74376819, -0.56449091, -2.41873444,
         0.20169372]]), array([[-4.8239852 ,  1.97035362, -2.50997671, -2.27770322,  1.79288775,
        -8.47348399],
       [-2.78383077,  0.14907669, -2.11721088, -1.27751507,  0.62804664,
        -4.90910693],
       [ 1.99777067,  0.12045211,  2.39310399,  2.35679965,  0.8286025 ,
         1.38687107],
       [-3.40119407,  1.11939629, -2.51302012, -1.90065753,  0.50439469,
        -6.53950596],
       [-0.67502486,  0.02994752, -0.25236504, -0.02975223, -0.58697865,
        -1.19902803],
       [ 2.16110775, -0.91147208,  1.03990258,  1.45693404, -0.66082966,
         2.12814054]]), array([[ 6.55982208,  3.4344791 , -7.89279799,  4.67104191,  0.06839832,
        -3.28751276]])] 
 0.5, 
 1e-09, 
 1000