error: 9.963563091159662e-10 
 weigths: [array([[ 0.72459689,  2.07738452, -0.00995614,  1.17321108,  0.80510396,
        -0.30878684],
       [ 0.36390286,  1.46049726,  0.09630217,  0.86815418,  0.38631757,
        -0.07279535],
       [-2.08164557, -3.19618834,  0.48113316, -0.1399052 , -3.08558464,
         1.50047877],
       [ 0.58793192,  1.70867287,  0.04811872,  1.41185482,  0.91408478,
        -0.37869702],
       [-1.33095245,  0.07226941, -0.65065302,  0.12546089, -0.86776689,
        -0.38908066],
       [-1.16436926, -0.68367552, -1.3212265 , -1.34453233, -1.46135445,
        -0.32108075]]), array([[ 0.96996589,  1.72306126,  1.01119085,  1.77389048,  1.91470494,
         1.61599879],
       [ 1.83581239,  1.34483569,  1.91937383,  2.0183721 ,  1.90747373,
         1.71018727],
       [ 1.07725489,  0.69548131, -8.33486871,  0.9794879 , -1.40286291,
        -4.00989227],
       [ 0.39745357,  0.13716802, -3.18125524,  0.52900007, -0.79080354,
        -1.9329226 ],
       [ 0.57840754,  0.50973938, -6.02508542,  0.7591145 , -0.76253865,
        -3.09174766],
       [ 1.25141071,  0.4595955 , -8.43024589,  1.02424368, -0.95549455,
        -4.91026902]]), array([[-5.07984246, -7.55569547,  6.51905223,  2.44800272,  4.58263779,
         6.88636672]])] 
 0.5, 
 1e-09, 
 1000