lastErr:$1.7385573914954843e-05$Weights:$[array([[-3.91935633e-01, -1.12635013e+00,  2.50862624e-01,
         2.10600786e-03,  1.34573867e+00, -1.22355347e+00],
       [ 4.05258141e-01,  1.22181263e+00, -1.71604578e+00,
         1.58103870e+00,  7.95860233e-02, -1.26545285e+00],
       [-3.32870244e-01, -7.64894376e-01,  3.01091637e-01,
        -4.68160354e-01,  1.14319770e+00, -8.88880779e-01],
       [-1.01934345e-01,  3.53630396e+00, -2.42242136e+00,
        -1.03306817e+00,  5.02865066e+00, -5.91350646e+00],
       [ 2.49334397e-01,  1.08004335e+00, -1.50721567e+00,
         1.31373353e+00,  2.90798653e-01, -1.06243987e+00],
       [-1.58637848e-01, -8.47290241e-01,  5.17400091e-01,
        -6.08624215e-01,  6.17251331e-01,  5.80378418e-01]]), array([[-0.68091312,  0.21039932, -0.54054025,  0.56588341,  0.20780503,
        -0.01825107]]), array([[0.64051782, 0.80195854, 0.54463621, 0.43318235, 0.39901494,
        0.81912549],
       [0.7828774 , 0.51414158, 0.08335321, 0.08729699, 0.98874308,
        0.7862559 ],
       [0.14892926, 0.10282603, 0.44259634, 0.87574935, 0.49485683,
        0.70593556],
       [0.07342127, 0.44480396, 0.50371534, 0.99742397, 0.65924567,
        0.83792411],
       [0.17485348, 0.05274108, 0.72517616, 0.19729972, 0.19653272,
        0.65395604],
       [0.41569755, 0.21681021, 0.10905107, 0.43067004, 0.9416276 ,
        0.23272773]]), array([[0.75459611, 0.42690742, 0.32745184, 0.92672948, 0.71422341,
        0.4018715 ]])]$x:$[array([0.29007967, 0.14285714, 0.14438503, 0.15428571, 0.0729927 ,
       0.26583411]), array([-0.43392401, -0.04244317, -0.36888094, -0.84505488, -0.04961385,
        0.01309434]), array([0., 0., 0., 0., 0., 0.]), array([0., 0., 0., 0., 0., 0.])]$z:$[array([-0.43392401, -0.04244317, -0.36888094, -0.84505488, -0.04961385,
        0.01309434]), array([-0.00589671]), array([0., 0., 0., 0., 0., 0.]), array([0.])]$df:$[array([0.81170995, 0.99819858, 0.86392686, 0.28588225, 0.99753847,
       0.99982854]), array([0.99996523]), array([0., 0., 0., 0., 0., 0.]), array([0.])]