error: 1.1492049746642578e-09 
 weigths: [array([[-2.24433151, -2.74095766, -0.72182013, -0.1019245 , -2.74733682,
         0.06538648],
       [ 0.66461237,  2.20041245, -0.23765972,  1.77609391,  1.36617205,
        -1.18323407],
       [-1.04181304,  0.79599563, -1.65988449,  0.16137193, -2.22997284,
        -0.65995771],
       [-1.48601435, -1.28209069, -2.10090673, -1.33225687, -0.76816416,
        -0.9921118 ],
       [-1.10258882,  0.64331502, -1.55933289,  0.45462919, -2.37694583,
        -0.64103964],
       [ 0.71924157,  2.22920685, -0.36814955,  1.47751015,  1.70218657,
        -1.31406304]]), array([[-4.84881719,  0.68189293, -1.11717768, -2.86840496, -1.64212381,
         0.6375869 ],
       [-8.55933526,  1.60079568, -2.35031786, -4.86594131, -2.37461807,
         2.12723943],
       [ 1.15152566,  0.8942114 ,  2.16883347,  1.71103334,  1.80837815,
         0.98144424],
       [-5.95079791,  0.93626923, -1.97366339, -2.70811735, -2.06690071,
         1.07318825],
       [-4.02228035,  0.96496615, -1.60924169, -2.6666201 , -1.67257083,
         0.32868802],
       [ 1.88761353,  1.39153223,  1.95105629,  1.92206741,  1.55137109,
         1.35298367]]), array([[ 3.9571199 ,  7.44446218, -5.77168307,  4.88457766,  3.65544227,
        -7.56195777]])] 
 0.5, 
 1e-09, 
 1000