error: 9.974378403222134e-10 
 weigths: [array([[-1.29050305,  0.57201594, -1.28096506,  0.17148271, -2.2472635 ,
        -0.34908296],
       [-0.1489821 ,  1.24649697, -0.18811476,  0.96086406,  0.0153379 ,
        -0.51988564],
       [-2.17992396, -3.47513205,  0.07795928, -0.15680188, -2.63405007,
         0.92313666],
       [-1.39035367, -0.65577976, -1.35039374, -0.73680583, -1.67964002,
        -0.39987262],
       [ 0.79308392,  2.51031449,  0.07953945,  2.12162945,  1.24534025,
        -0.84631485],
       [ 0.52310147,  1.95875773, -0.03424607,  1.41223685,  0.35455197,
        -0.28836427]]), array([[-1.59371046, -0.28249825, -3.54668693, -2.29301962,  0.96730571,
         0.21065653],
       [-2.05857615, -0.1062475 , -5.69094191, -2.74620257,  0.93782034,
         0.88047712],
       [ 2.06216395,  1.84077039,  1.29501355,  1.92256374,  1.17378513,
         1.63489175],
       [-2.94706187,  0.59156805, -8.45752449, -4.2605907 ,  1.76445004,
         0.65303569],
       [-2.52675895,  0.23674645, -7.65076845, -4.07376939,  1.46757096,
         0.96816937],
       [ 1.41486334,  1.58258601,  1.75151209,  1.69079562,  1.62538244,
         1.65647761]]), array([[ 2.97751582,  4.3526051 , -6.76256726,  6.76707117,  6.12719543,
        -6.02473307]])] 
 0.5, 
 1e-09, 
 1000