lastErr:$4.286971873100764e-06$Weights:$[array([[-0.16029158, -0.56357831,  0.48148377, -0.5555561 ,  0.94673474,
        -0.53897185],
       [-0.40110156, -0.9812636 ,  0.91055121, -1.00235619,  0.464175  ,
         0.97658205],
       [-0.33362401, -0.89438765, -0.10325881,  0.23676785,  1.58004073,
        -1.65301529],
       [ 0.0503219 ,  3.41444951, -2.41088586, -0.80311078,  4.87060384,
        -5.76326738],
       [ 0.20297347,  1.11140112, -1.80105415,  1.52728037,  0.44696363,
        -1.25965048],
       [ 0.36066116,  1.17167892, -1.76164396,  1.37718441,  0.23747491,
        -1.33370994]]), array([[-0.31397592, -0.12845159, -0.99681323,  0.61444538,  0.24644775,
         0.18547159]]), array([[0.95317638, 0.86614085, 0.7918729 , 0.89773881, 0.71413648,
        0.8897533 ],
       [0.93685016, 0.51511154, 0.78015207, 0.55862252, 0.1809458 ,
        0.85161494],
       [0.2568445 , 0.24783418, 0.25796596, 0.0977922 , 0.23875068,
        0.62578995],
       [0.68583762, 0.08366547, 0.88339861, 0.42159243, 0.76468203,
        0.56651266],
       [0.38729807, 0.55962713, 0.23763839, 0.37972488, 0.82005358,
        0.91774491],
       [0.28159735, 0.2093943 , 0.59636999, 0.96368653, 0.56164122,
        0.8164168 ]]), array([[0.25942362, 0.83393049, 0.58615993, 0.12671147, 0.3212684 ,
        0.7892781 ]])]$x:$[array([0.29007967, 0.14285714, 0.14438503, 0.15428571, 0.0729927 ,
       0.26583411]), array([-0.2139217 ,  0.01382048, -0.48290889, -0.81650819, -0.1086405 ,
       -0.106736  ]), array([0., 0., 0., 0., 0., 0.]), array([0., 0., 0., 0., 0., 0.])]$z:$[array([-0.2139217 ,  0.01382048, -0.48290889, -0.81650819, -0.1086405 ,
       -0.106736  ]), array([-0.00292813]), array([0., 0., 0., 0., 0., 0.]), array([0.])]$df:$[array([0.95423751, 0.99980899, 0.766799  , 0.33331438, 0.98819724,
       0.98860743]), array([0.99999143]), array([0., 0., 0., 0., 0., 0.]), array([0.])]