error: 6.460940386364047e-09 
 weigths: [array([[-1.09496186,  0.75879212, -1.49974229,  0.0211414 , -2.14404916,
        -0.4615494 ],
       [-0.23664366,  1.05425139, -0.07789226,  0.62933851, -0.05097701,
        -0.11782924],
       [ 0.74654106,  2.07369347,  0.7755782 ,  2.26716737,  0.62857789,
        -0.15194293],
       [-1.09158679, -0.05737198, -2.1221615 , -1.75490554, -1.09842215,
        -0.90247595],
       [-2.3298583 , -3.05579959,  0.10806099,  0.56178115, -3.58420597,
         0.9694039 ],
       [ 0.36900047,  1.46851805,  0.17510207,  0.74753744,  0.34869986,
        -0.09560113]]), array([[ 1.06600423e-01, -3.00134992e-01, -1.70631220e-01,
         6.08506313e-01,  1.07436059e-01, -6.05118231e-01],
       [ 2.34425645e+00,  1.52167005e+00,  1.47656804e+00,
         1.64862281e+00,  2.10971894e+00,  1.53526309e+00],
       [-3.03626295e+00,  5.59050172e-01,  2.25715270e+00,
        -5.42132164e+00, -1.12153793e+01,  1.02872121e+00],
       [-1.84831709e+00, -2.31671638e-01,  9.24314593e-01,
        -3.33171722e+00, -5.84415383e+00,  5.03300329e-01],
       [-1.43716328e-01, -4.32165366e-01, -5.25280360e-01,
         6.27472273e-01,  4.26091119e-01, -9.44308438e-03],
       [-2.44985514e+00,  8.71378254e-02,  1.44732094e+00,
        -3.87575420e+00, -7.19527840e+00,  4.74721712e-01]]), array([[-1.04758981, -9.7420853 ,  7.87466277,  3.81945484, -1.14376892,
         4.85764376]])] 
 0.5, 
 1e-09, 
 1000