error: 1.0322236846513485e-08 
 weigths: [array([[-1.04067495,  0.62439932, -1.4969852 ,  0.81778099, -1.3022643 ,
        -0.78005142],
       [-1.23762822, -0.15099914, -1.54651413, -0.03200744, -2.53167382,
        -0.44831534],
       [-2.11061943, -2.54484561, -1.48933916, -0.56241709, -2.20745771,
        -0.37239518],
       [-1.5460995 , -0.88148674, -1.96959353, -0.9067135 , -1.81171112,
        -0.69895727],
       [-1.18460594,  0.72166559, -1.10301203,  0.88792846, -0.19554362,
        -0.93748494],
       [ 0.63041685,  1.87987516, -0.6136494 ,  1.27340261,  2.94195824,
        -1.86403403]]), array([[ 2.01836389e+00,  1.76749707e+00,  1.81513087e+00,
         1.55759591e+00,  1.76620282e+00,  1.28163457e+00],
       [-7.61965572e-01, -1.76881921e+00, -2.83763106e+00,
        -2.23610996e+00, -3.21305258e-01,  9.80737864e-01],
       [-2.79912811e-01, -3.31989456e+00, -6.43458619e+00,
        -4.78863198e+00, -3.89695211e-02,  2.11425736e+00],
       [-8.42573747e-01, -2.67271986e+00, -4.97707602e+00,
        -3.32994982e+00, -5.71776203e-02,  1.45546629e+00],
       [ 1.41824970e+00,  1.64257848e+00,  2.14139373e+00,
         1.61547828e+00,  6.73699245e-01,  5.20596831e-01],
       [-7.65435484e-01, -3.19100798e+00, -5.77793495e+00,
        -3.45229166e+00,  2.65911735e-03,  1.66174999e+00]]), array([[-7.71889697,  2.91928477,  6.20999146,  4.68822383, -4.47985157,
         5.29441529]])] 
 0.5, 
 1e-09, 
 1000