error: 9.895132488364545e-10 
 weigths: [array([[-1.20633489, -0.81826972, -1.00962201, -1.05700987, -1.25944191,
        -0.21809612],
       [ 0.68614532,  0.96263276,  0.24586169,  1.22462482,  1.09033914,
        -0.2827621 ],
       [ 0.85159435,  1.19577679,  0.13397797,  1.25918375,  0.70181051,
        -0.06342081],
       [-1.82643684, -3.40359346,  0.83481419, -0.65811418, -2.77238026,
         1.82960333],
       [-0.17800401, -0.10834409, -0.25159662,  0.19230577, -0.72469611,
         0.08558165],
       [ 0.34803867,  0.83798599,  0.20022994,  0.23424109,  0.22403732,
         0.59819397]]), array([[-3.13620755,  1.14835255,  0.86052226, -7.24433787, -0.44596451,
         0.32274872],
       [ 0.96346529,  1.38580459,  1.2382515 ,  1.20448096,  1.23652209,
         1.20333712],
       [ 0.98182428,  0.10411752,  1.0467194 ,  0.88929478,  0.83506991,
         0.95367909],
       [-3.32204993,  0.98200614,  1.18778442, -7.14272177, -0.53768244,
         0.21783097],
       [ 1.0051979 ,  0.60961387,  1.26235617,  0.93795505,  0.60658181,
         1.27050596],
       [ 3.29909919, -1.02083266, -1.09516158,  7.28034786,  0.48862944,
        -0.47443926]]), array([[ 6.34106749, -2.36355944, -1.34864222,  6.36437841, -1.64026759,
        -7.42430027]])] 
 0.5, 
 1e-09, 
 1000