lastErr:$5.66320526954922e-05$Weights:$[array([[ 0.17248812,  2.65864676, -2.17553756,  0.11587993,  3.54983962,
        -4.6863796 ],
       [-0.30209442, -1.05980739,  0.10394174,  0.17211732,  1.32079445,
        -1.24325879],
       [-0.15643231, -1.18081867,  1.04899847, -0.98115285,  0.39041301,
         1.45612904],
       [ 0.24900326,  1.20454502, -1.72072219,  1.27652727,  0.65892873,
        -1.42333757],
       [-0.20563331, -1.13274445,  0.98226812, -0.67061531,  0.83140742,
         0.07792502],
       [ 0.3200606 ,  1.86219003, -2.32874024,  1.10771582,  1.66791578,
        -2.66283526]]), array([[ 0.51092317, -0.96644191,  0.07171392,  0.26708714, -0.25518852,
         0.10080258]]), array([[0.40177241, 0.83855426, 0.8972277 , 0.80348962, 0.71546271,
        0.1029963 ],
       [0.80197663, 0.16273691, 0.04876212, 0.16871755, 0.04220882,
        0.35065509],
       [0.0534812 , 0.60244117, 0.41203125, 0.55207973, 0.50805192,
        0.07611682],
       [0.01477002, 0.07624429, 0.46698868, 0.43789338, 0.20875483,
        0.82410184],
       [0.35275338, 0.32531128, 0.24946927, 0.49053929, 0.0350246 ,
        0.83911005],
       [0.29521337, 0.64652553, 0.28882326, 0.57883654, 0.47061701,
        0.83803233]]), array([[0.20033007, 0.81780138, 0.08515448, 0.92678136, 0.26582387,
        0.43200685]])]$x:$[array([0.29007967, 0.14285714, 0.14438503, 0.15428571, 0.0729927 ,
       0.26583411]), array([-0.69251138, -0.40743334,  0.19899453, -0.13629591, -0.10166127,
       -0.37350068]), array([0., 0., 0., 0., 0., 0.]), array([0., 0., 0., 0., 0., 0.])]$z:$[array([-0.69251138, -0.40743334,  0.19899453, -0.13629591, -0.10166127,
       -0.37350068]), array([0.01064256]), array([0., 0., 0., 0., 0., 0.]), array([0.])]$df:$[array([0.52042799, 0.83399807, 0.96040118, 0.98142343, 0.98966499,
       0.86049724]), array([0.99988674]), array([0., 0., 0., 0., 0., 0.]), array([0.])]