weigths: [array([[0.67944539, 0.6049538 , 0.26914339, 0.21985039, 0.96259544,
        0.43051742],
       [0.45784435, 0.04018943, 0.23301742, 0.08186088, 0.33730096,
        0.09388111],
       [0.67017184, 0.00553211, 0.83102032, 0.8761038 , 0.99148188,
        0.21570696],
       [0.06517772, 0.18089218, 0.10641067, 0.7250446 , 0.22538606,
        0.30317497],
       [0.54514391, 0.04935507, 0.28054395, 0.70358458, 0.19352102,
        0.11179975],
       [0.8014873 , 0.17015976, 0.99593242, 0.68645792, 0.95754235,
        0.72100436]]), array([[0.5324088 , 0.15545701, 0.45405148, 0.48802266, 0.78411752,
        0.03459473],
       [0.0426942 , 0.29934956, 0.08206019, 0.88453342, 0.84189202,
        0.6593728 ],
       [0.70446353, 0.86132075, 0.99611782, 0.22858877, 0.55891627,
        0.15961649],
       [0.29538545, 0.74140413, 0.03529859, 0.98853535, 0.09760021,
        0.58429095],
       [0.05452487, 0.51956036, 0.86089262, 0.06996307, 0.47924494,
        0.95045976],
       [0.17732486, 0.69706048, 0.61440561, 0.04042734, 0.46607912,
        0.84172862]]), array([[0.62714163, 0.03404878, 0.63022545, 0.75410746, 0.52043465,
        0.4599202 ],
       [0.34472597, 0.02727609, 0.43452616, 0.43550847, 0.0494158 ,
        0.92163037],
       [0.29824961, 0.59378672, 0.32286483, 0.02351888, 0.32976297,
        0.0101763 ],
       [0.14732787, 0.57835255, 0.91007744, 0.47249177, 0.2118321 ,
        0.80345234],
       [0.59367788, 0.5831627 , 0.40505924, 0.45320227, 0.40627927,
        0.00696765],
       [0.07269501, 0.73200804, 0.0429879 , 0.01082515, 0.59179113,
        0.33977451]]), array([[0.03507897, 0.6054441 , 0.41558552, 0.70218932, 0.76021299,
        0.01681611],
       [0.36268771, 0.66681863, 0.38952678, 0.33299311, 0.4363876 ,
        0.78393016],
       [0.38950806, 0.37588045, 0.08425145, 0.72665679, 0.84099785,
        0.13318056],
       [0.258837  , 0.30814672, 0.31939753, 0.45501381, 0.65072676,
        0.58665897],
       [0.6090634 , 0.65800719, 0.06607045, 0.91796696, 0.68247892,
        0.14947318],
       [0.19881216, 0.36177974, 0.98259207, 0.50490029, 0.85549431,
        0.36953854]]), array([[0.20595072, 0.30122897, 0.45771879, 0.35842483, 0.25977899,
        0.47476869],
       [0.0546227 , 0.57689153, 0.70879061, 0.27755358, 0.46999917,
        0.97657237],
       [0.0876976 , 0.4911715 , 0.41962759, 0.17528083, 0.43731809,
        0.38065859],
       [0.33685325, 0.79125807, 0.68701311, 0.33438449, 0.42888518,
        0.88828547],
       [0.09149187, 0.28632785, 0.08539361, 0.86522566, 0.49939634,
        0.83405382],
       [0.59225922, 0.87257698, 0.50865462, 0.85937868, 0.84141637,
        0.78805691]]), array([[0.03475476, 0.92092053, 0.05426739, 0.90306869, 0.39151114,
        0.41621677],
       [0.10165566, 0.05212949, 0.9830824 , 0.37547777, 0.6362977 ,
        0.50714586],
       [0.74047566, 0.20675602, 0.18708745, 0.01995438, 0.14222416,
        0.30556982],
       [0.49324264, 0.79297912, 0.98121337, 0.22056491, 0.86879075,
        0.77575091],
       [0.08014126, 0.88793869, 0.91900194, 0.73257801, 0.05134639,
        0.75629051],
       [0.1307278 , 0.00864322, 0.96708792, 0.40585648, 0.13594949,
        0.6764141 ]]), array([[0.19417426, 0.09595585, 0.25827558, 0.56709158, 0.52556442,
        0.576303  ],
       [0.02058119, 0.31024168, 0.36087917, 0.37810932, 0.02497677,
        0.49357444],
       [0.63980892, 0.95553479, 0.28619578, 0.0535799 , 0.99048869,
        0.01870379],
       [0.77490081, 0.68157027, 0.72923394, 0.76337217, 0.3392432 ,
        0.35442903],
       [0.95219581, 0.63092056, 0.82203818, 0.56374228, 0.04131941,
        0.84093166],
       [0.79438178, 0.05498959, 0.26077717, 0.25556054, 0.08444693,
        0.91453444]]), array([[0.2532882 , 0.14979941, 0.34757571, 0.95928396, 0.31821832,
        0.90746696],
       [0.15529964, 0.3260866 , 0.16852515, 0.23679472, 0.99723194,
        0.67537386],
       [0.26997688, 0.1810289 , 0.24281747, 0.3497651 , 0.06214495,
        0.77028879],
       [0.63125979, 0.51664915, 0.20233314, 0.14674982, 0.77393768,
        0.59567026],
       [0.83277386, 0.11563089, 0.47739372, 0.80979174, 0.34080906,
        0.34387566],
       [0.56348192, 0.15048683, 0.58529153, 0.6291309 , 0.13283599,
        0.49657972]]), array([[0.89733866, 0.66620012, 0.34026015, 0.04273839, 0.07923436,
        0.23069482],
       [0.28228401, 0.03617626, 0.04499151, 0.87833253, 0.99795259,
        0.20344981],
       [0.23810666, 0.45558583, 0.81964582, 0.4779673 , 0.8884157 ,
        0.80746061],
       [0.72648061, 0.5492167 , 0.13076682, 0.65695755, 0.66812521,
        0.70956326],
       [0.46507191, 0.91794292, 0.23322648, 0.45072819, 0.78631021,
        0.70797531],
       [0.43504388, 0.63217652, 0.22589344, 0.9337433 , 0.34475437,
        0.6489763 ]]), array([[0.66092956, 0.42780065, 0.61943474, 0.76950636, 0.03655148,
        0.80819257],
       [0.60365768, 0.30519739, 0.90208033, 0.06152172, 0.0144657 ,
        0.90536163],
       [0.93507451, 0.05286397, 0.81729026, 0.71893   , 0.90920851,
        0.03939893],
       [0.82378416, 0.55820925, 0.23567493, 0.84363946, 0.87316438,
        0.3999164 ],
       [0.80057183, 0.23962016, 0.49510745, 0.60585459, 0.46274992,
        0.58311305],
       [0.21563665, 0.22350177, 0.18941317, 0.72096846, 0.16575638,
        0.30992414]]), array([[0.18826672, 0.92673658, 0.2075317 , 0.94038975, 0.68595207,
        0.6530294 ],
       [0.38900619, 0.70125203, 0.94794001, 0.61881788, 0.40947885,
        0.9300952 ],
       [0.01469921, 0.37133624, 0.94307466, 0.32503242, 0.53835213,
        0.46879108],
       [0.92866554, 0.02805616, 0.47537101, 0.45525212, 0.54935705,
        0.72687485],
       [0.77469518, 0.12867243, 0.13400789, 0.87532014, 0.36022541,
        0.08807101],
       [0.39186656, 0.63376068, 0.11569964, 0.47819982, 0.36832863,
        0.05259188]]), array([[0.62239462, 0.41901837, 0.98240785, 0.11142836, 0.31000919,
        0.69063104],
       [0.48823314, 0.1991455 , 0.54769301, 0.00902593, 0.39346697,
        0.34451036],
       [0.43049144, 0.88990746, 0.69876806, 0.24929826, 0.38149322,
        0.5562151 ],
       [0.94453066, 0.96362521, 0.91865831, 0.19948288, 0.72105441,
        0.02413107],
       [0.06218288, 0.19291743, 0.24198127, 0.5374989 , 0.8149311 ,
        0.73095023],
       [0.77463119, 0.29759938, 0.07133986, 0.06752669, 0.81494681,
        0.35510333]]), array([[0.82648056, 0.14422583, 0.00573896, 0.91648465, 0.07217077,
        0.21378442],
       [0.54884326, 0.48907891, 0.57330871, 0.29754019, 0.0869522 ,
        0.88161491],
       [0.42131088, 0.24174037, 0.84625194, 0.12989766, 0.193249  ,
        0.21904284],
       [0.79789288, 0.54192862, 0.44174523, 0.29191414, 0.28513139,
        0.16167502],
       [0.16919781, 0.2929516 , 0.33709788, 0.32621246, 0.12923769,
        0.67465962],
       [0.44095103, 0.93273993, 0.40008721, 0.51993231, 0.7754783 ,
        0.03815426]]), array([[0.38796621, 0.04858788, 0.70867055, 0.08752521, 0.14699511,
        0.99135345],
       [0.95781118, 0.32258378, 0.88746129, 0.73080385, 0.7994932 ,
        0.96628319],
       [0.37475778, 0.50710321, 0.2765601 , 0.01840121, 0.44834809,
        0.23282749],
       [0.6404316 , 0.77375293, 0.24903671, 0.91626674, 0.36205707,
        0.14367375],
       [0.29006053, 0.65983278, 0.2364009 , 0.03448777, 0.64456818,
        0.9166021 ],
       [0.02089761, 0.57337119, 0.87032079, 0.89826137, 0.17131959,
        0.5280739 ]]), array([[0.26937607, 0.43045251, 0.93612277, 0.13969935, 0.40298108,
        0.00569315],
       [0.51042567, 0.28129625, 0.35077428, 0.24790943, 0.00187069,
        0.81973277],
       [0.07705426, 0.45534747, 0.77603591, 0.89505988, 0.3522121 ,
        0.0932473 ],
       [0.48379134, 0.57970552, 0.04336148, 0.07453547, 0.03245108,
        0.72433629],
       [0.49638162, 0.89957276, 0.40085992, 0.18527375, 0.55834845,
        0.55716358],
       [0.8027267 , 0.71396841, 0.96967251, 0.40461067, 0.53256302,
        0.45512057]]), array([[0.66957351, 0.64414964, 0.57099373, 0.89717196, 0.1074362 ,
        0.39121794],
       [0.50842471, 0.33245384, 0.74468328, 0.40204376, 0.1239057 ,
        0.56861654],
       [0.00303706, 0.2085393 , 0.49076229, 0.71222918, 0.64091137,
        0.03502591],
       [0.64411352, 0.51909555, 0.51531509, 0.64895788, 0.28860762,
        0.91247111],
       [0.0985157 , 0.94794146, 0.23967999, 0.8986516 , 0.71082464,
        0.91363632],
       [0.00325256, 0.68637612, 0.60151973, 0.34289336, 0.84510912,
        0.16124466]]), array([[0.06721067, 0.12331838, 0.12691597, 0.21680927, 0.0176473 ,
        0.84806341],
       [0.58076632, 0.50392612, 0.16800905, 0.28309929, 0.76825209,
        0.54541608],
       [0.77055145, 0.25132627, 0.37326764, 0.10091123, 0.18067118,
        0.55714213],
       [0.50708032, 0.39540211, 0.85487865, 0.68679643, 0.61442058,
        0.11418719],
       [0.66077259, 0.65083724, 0.46255254, 0.00796226, 0.79657412,
        0.0504789 ],
       [0.65652626, 0.08203992, 0.25429414, 0.64317534, 0.62093988,
        0.57225705]]), array([[0.47904432, 0.99934548, 0.27129014, 0.68691761, 0.549046  ,
        0.26324899],
       [0.3498146 , 0.92255168, 0.85369618, 0.53607017, 0.14246043,
        0.37983624],
       [0.10353612, 0.62767734, 0.81996062, 0.4413781 , 0.2829138 ,
        0.17987981],
       [0.71721572, 0.15265562, 0.14416095, 0.53621655, 0.66093845,
        0.77522028],
       [0.93826731, 0.3554187 , 0.59488916, 0.40328427, 0.54868898,
        0.91146635],
       [0.0903429 , 0.64234558, 0.40595105, 0.25856521, 0.35873899,
        0.05580638]]), array([[0.82972375, 0.73079601, 0.65626617, 0.22792972, 0.59401575,
        0.01483174],
       [0.51766158, 0.24524365, 0.42447026, 0.29163329, 0.29569948,
        0.48799123],
       [0.57903765, 0.00885251, 0.62223724, 0.71576011, 0.77240255,
        0.90419747],
       [0.06792097, 0.95757917, 0.61355775, 0.93913714, 0.728309  ,
        0.23165713],
       [0.98021288, 0.7991876 , 0.07077071, 0.84485621, 0.9733491 ,
        0.10956744],
       [0.4471896 , 0.32160102, 0.64884027, 0.55113031, 0.71871144,
        0.00392185]]), array([[0.20921328, 0.07095886, 0.20075933, 0.69056548, 0.13119603,
        0.91331578],
       [0.29573465, 0.79179161, 0.89527974, 0.97481268, 0.07464707,
        0.20090535],
       [0.00361638, 0.25632527, 0.37562199, 0.7681781 , 0.32913795,
        0.68515778],
       [0.45001423, 0.30164413, 0.05629745, 0.77761781, 0.91773174,
        0.44988923],
       [0.88620838, 0.11110182, 0.30037193, 0.19830239, 0.32632638,
        0.93909964],
       [0.87592084, 0.19897067, 0.06065797, 0.341914  , 0.02687177,
        0.17633296]]), array([[0.47513774, 0.35588832, 0.74970743, 0.37171081, 0.62818671,
        0.98837145],
       [0.75433452, 0.87870505, 0.28813582, 0.04387148, 0.937662  ,
        0.27431835],
       [0.62994904, 0.26782076, 0.92551106, 0.19252446, 0.74620776,
        0.72204609],
       [0.09249335, 0.08665477, 0.70171098, 0.36226778, 0.52282696,
        0.71100797],
       [0.85043579, 0.52704936, 0.22951223, 0.13799578, 0.48238401,
        0.05510261],
       [0.78396203, 0.9468974 , 0.54925263, 0.39310744, 0.00175752,
        0.72442391]]), array([[0.93312293, 0.56723479, 0.94046872, 0.12508764, 0.49590438,
        0.35110949],
       [0.75260222, 0.29306963, 0.39791901, 0.93347096, 0.16747762,
        0.52794257],
       [0.9900533 , 0.44716811, 0.49795928, 0.72025985, 0.09474248,
        0.17612173],
       [0.06006536, 0.34944017, 0.25308834, 0.4045448 , 0.81891595,
        0.95509994],
       [0.17211245, 0.00249839, 0.58803534, 0.88977444, 0.14637777,
        0.54972502],
       [0.54580495, 0.09488448, 0.11455005, 0.82830093, 0.43940675,
        0.89463705]]), array([[0.63722605, 0.97445463, 0.32325975, 0.57783314, 0.74094303,
        0.77633822],
       [0.03462467, 0.69829176, 0.05024049, 0.73869342, 0.2217499 ,
        0.25287392],
       [0.47182488, 0.84110166, 0.36293359, 0.01793459, 0.20001994,
        0.70181798],
       [0.14275665, 0.56144361, 0.93557483, 0.50233753, 0.08739574,
        0.60766499],
       [0.71007827, 0.17767429, 0.70523984, 0.99653161, 0.3963396 ,
        0.54622339],
       [0.54689553, 0.16370184, 0.03955374, 0.51895437, 0.10641761,
        0.51199252]]), array([[0.733256  , 0.88863558, 0.19624077, 0.28717662, 0.37167578,
        0.6522676 ],
       [0.29092562, 0.26586044, 0.24239113, 0.15876706, 0.1919416 ,
        0.97060803],
       [0.49653282, 0.91864994, 0.62450281, 0.64058403, 0.1780808 ,
        0.12417265],
       [0.13949263, 0.7591346 , 0.98145839, 0.17594446, 0.66929493,
        0.19799756],
       [0.4252953 , 0.54128944, 0.69800733, 0.07436704, 0.18569816,
        0.60315323],
       [0.36499664, 0.77440008, 0.12678238, 0.06860059, 0.89542742,
        0.08511939]]), array([[0.32029341, 0.45435116, 0.16132184, 0.42962084, 0.53250295,
        0.26667823],
       [0.91332983, 0.18201731, 0.37275789, 0.40247895, 0.19582608,
        0.21586597],
       [0.29024222, 0.97035126, 0.31013423, 0.97652917, 0.56676626,
        0.0180314 ],
       [0.63990016, 0.60005914, 0.28454705, 0.65679008, 0.33210191,
        0.6573185 ],
       [0.52669451, 0.36517063, 0.8866519 , 0.53122378, 0.73058847,
        0.53539527],
       [0.92522013, 0.42306887, 0.5687488 , 0.35916428, 0.94428979,
        0.77031016]]), array([[0.09705918, 0.51670022, 0.50812335, 0.02567686, 0.68226065,
        0.88809571],
       [0.82332244, 0.36432085, 0.14587353, 0.71968209, 0.36788123,
        0.60610733],
       [0.81282396, 0.26178287, 0.37808098, 0.56324823, 0.7850705 ,
        0.73914033],
       [0.84704119, 0.91473294, 0.1299324 , 0.91634507, 0.22316361,
        0.84686741],
       [0.49261504, 0.27789401, 0.16518237, 0.07710113, 0.58735721,
        0.42951642],
       [0.03079011, 0.92868808, 0.50504264, 0.62593839, 0.41865697,
        0.56788491]]), array([[0.52782106, 0.89668516, 0.63114156, 0.39014607, 0.03240348,
        0.47400253],
       [0.98314087, 0.42128495, 0.17742667, 0.82640477, 0.22735554,
        0.27801147],
       [0.8899353 , 0.53774314, 0.35760337, 0.58681276, 0.16612228,
        0.69311917],
       [0.77871502, 0.12716669, 0.34939304, 0.21001259, 0.40799483,
        0.39235301],
       [0.75896999, 0.39184686, 0.96463168, 0.18599928, 0.07820008,
        0.58469373],
       [0.70871796, 0.71434941, 0.31501605, 0.35841616, 0.19619139,
        0.12239139]]), array([[0.03235889, 0.36555992, 0.25585931, 0.31539111, 0.63235301,
        0.8491222 ],
       [0.78925801, 0.34358432, 0.52045451, 0.72437361, 0.01330051,
        0.95668737],
       [0.79442963, 0.40072755, 0.81488422, 0.79308386, 0.33760318,
        0.51832499],
       [0.79960119, 0.62507511, 0.1142302 , 0.66763022, 0.71321215,
        0.56198871],
       [0.53627403, 0.37822067, 0.67442621, 0.38611304, 0.78527541,
        0.6737115 ],
       [0.18734499, 0.25878266, 0.83419204, 0.49587878, 0.55869966,
        0.1709023 ]]), array([[0.54893851, 0.67991995, 0.99824726, 0.28679517, 0.83410108,
        0.55976249],
       [0.86459185, 0.22786689, 0.787832  , 0.96478092, 0.59414835,
        0.60283568],
       [0.91602575, 0.73849252, 0.52696909, 0.72465317, 0.96639735,
        0.72658369],
       [0.78121534, 0.79000517, 0.54488203, 0.59943268, 0.09178469,
        0.8349841 ],
       [0.81147453, 0.0728988 , 0.37504226, 0.28952221, 0.95120045,
        0.88619141],
       [0.27818529, 0.06353298, 0.79962912, 0.05250616, 0.88515739,
        0.79294171]]), array([[0.98450286, 0.42192702, 0.44438865, 0.9661254 , 0.11484213,
        0.23396892],
       [0.14402489, 0.43711323, 0.69322183, 0.17750863, 0.17152121,
        0.03044246],
       [0.55553012, 0.51843489, 0.70575654, 0.24631658, 0.99790562,
        0.10237443],
       [0.03127976, 0.66562857, 0.49858869, 0.24210799, 0.00273662,
        0.44427245],
       [0.11517267, 0.58265075, 0.60966041, 0.60903869, 0.74752761,
        0.21662869],
       [0.54742229, 0.46019619, 0.34919848, 0.44002695, 0.57559825,
        0.44115451]]), array([[0.10914863, 0.18418856, 0.40195893, 0.11157329, 0.17265597,
        0.4201278 ],
       [0.05152054, 0.88675988, 0.06713127, 0.26169808, 0.16887587,
        0.65952878],
       [0.02565004, 0.28938288, 0.45237986, 0.07756297, 0.89354915,
        0.791773  ],
       [0.2017377 , 0.99650327, 0.80141578, 0.33127377, 0.10647155,
        0.7728144 ],
       [0.91381137, 0.45931391, 0.49737309, 0.26827743, 0.06615922,
        0.32098078],
       [0.97586109, 0.77230126, 0.84942486, 0.06401879, 0.89377066,
        0.05862432]]), array([[0.43895622, 0.0589082 , 0.71706823, 0.35579222, 0.39654638,
        0.10818712],
       [0.98688971, 0.48012539, 0.7767649 , 0.76959706, 0.58184006,
        0.89802961],
       [0.30382267, 0.2390257 , 0.61892571, 0.83650262, 0.75873927,
        0.94736927],
       [0.07174999, 0.04841054, 0.83342671, 0.54789338, 0.84129396,
        0.229606  ],
       [0.75026537, 0.52999127, 0.72058714, 0.75797433, 0.87436036,
        0.52818446],
       [0.06828254, 0.92069952, 0.59194897, 0.43467148, 0.48126903,
        0.58717427]]), array([[0.65163996, 0.86505405, 0.20529866, 0.2862562 , 0.62504526,
        0.37712114],
       [0.66953494, 0.04840152, 0.29195628, 0.43573428, 0.24172561,
        0.88380107],
       [0.41376857, 0.03673865, 0.2777826 , 0.8635005 , 0.88418536,
        0.23990139],
       [0.52008468, 0.14425979, 0.74073062, 0.14798693, 0.89182424,
        0.06535175],
       [0.39122565, 0.14863295, 0.30900369, 0.51621525, 0.78012555,
        0.69015092],
       [0.03789713, 0.06802593, 0.84315254, 0.90250302, 0.93011401,
        0.53151424]]), array([[0.41044374, 0.61716297, 0.71614538, 0.39040777, 0.20338924,
        0.86126781],
       [0.71791505, 0.03248499, 0.25917986, 0.3087128 , 0.47479417,
        0.09586003],
       [0.21013257, 0.49696437, 0.52394786, 0.55749315, 0.81074509,
        0.18894475],
       [0.6094019 , 0.4455269 , 0.47793783, 0.84644447, 0.89129202,
        0.20128836],
       [0.86105001, 0.16214623, 0.72366428, 0.97232241, 0.98694023,
        0.67750871],
       [0.63424566, 0.50155379, 0.46540148, 0.54657998, 0.66489221,
        0.86362957]]), array([[0.67859203, 0.78311933, 0.10806111, 0.33334697, 0.78410387,
        0.8082524 ],
       [0.70049787, 0.00396188, 0.7896465 , 0.76849777, 0.92790203,
        0.00700759],
       [0.73955747, 0.37589753, 0.86939999, 0.90152609, 0.54654404,
        0.45524752],
       [0.48653696, 0.28062068, 0.95552472, 0.76788017, 0.84573528,
        0.44909375],
       [0.75648166, 0.87191866, 0.85093477, 0.29148425, 0.02640006,
        0.18602522],
       [0.86442363, 0.29025878, 0.48225199, 0.79038271, 0.15581911,
        0.87636364]]), array([[0.15592211, 0.76091128, 0.57546549, 0.33173439, 0.1024083 ,
        0.91662555],
       [0.50046749, 0.06879887, 0.34200362, 0.53871399, 0.76615846,
        0.16076902],
       [0.37849788, 0.29310528, 0.04373773, 0.57016587, 0.14575826,
        0.74905667],
       [0.47398288, 0.85391451, 0.70529357, 0.55090837, 0.35314466,
        0.83169259],
       [0.73106322, 0.17866771, 0.21047663, 0.69937359, 0.41455746,
        0.53714525],
       [0.77061088, 0.40407661, 0.14577583, 0.02787402, 0.57093954,
        0.98542946]]), array([[0.38828684, 0.06702045, 0.17005728, 0.62525473, 0.72176732,
        0.39082666],
       [0.37299306, 0.38254697, 0.43047923, 0.58810283, 0.32676883,
        0.82316988],
       [0.11642339, 0.1622794 , 0.3885867 , 0.29753477, 0.55318915,
        0.48433967],
       [0.20175148, 0.39918965, 0.99992031, 0.89713697, 0.70935856,
        0.32112205],
       [0.15584309, 0.80532361, 0.89100804, 0.656753  , 0.28823183,
        0.28116679],
       [0.98582817, 0.44509582, 0.59297959, 0.8297285 , 0.71837002,
        0.38336225]]), array([[0.51452973, 0.28707647, 0.53973896, 0.02456018, 0.88942762,
        0.94999431],
       [0.95574868, 0.16587857, 0.82145459, 0.70759481, 0.18203812,
        0.08019765],
       [0.52882356, 0.81138604, 0.4764615 , 0.86676158, 0.33092649,
        0.14384698],
       [0.71307576, 0.10570747, 0.22552085, 0.10180896, 0.26583932,
        0.38497216],
       [0.29101396, 0.85026927, 0.71278536, 0.63401031, 0.40837403,
        0.90517236],
       [0.78195243, 0.91349238, 0.87938117, 0.22673868, 0.60481903,
        0.29995873]]), array([[0.74880466, 0.61091124, 0.71565095, 0.10515977, 0.61832879,
        0.02240094],
       [0.47464751, 0.53083884, 0.84941728, 0.80744326, 0.72598587,
        0.679106  ],
       [0.67955768, 0.33960459, 0.192436  , 0.63216094, 0.32494752,
        0.02080472],
       [0.08297684, 0.90745221, 0.871827  , 0.41724152, 0.07779192,
        0.53366874],
       [0.74796637, 0.17018253, 0.61016409, 0.01558002, 0.85245608,
        0.86077139],
       [0.01323015, 0.41163902, 0.66603207, 0.65234768, 0.4203207 ,
        0.21853542]]), array([[0.51662856, 0.10687423, 0.20302309, 0.77063464, 0.69456496,
        0.07923665],
       [0.80898702, 0.0125389 , 0.20416867, 0.19185864, 0.14013306,
        0.51008595],
       [0.38176167, 0.39105812, 0.34301999, 0.04094381, 0.35480342,
        0.17427279],
       [0.57300721, 0.0082276 , 0.72591336, 0.40107952, 0.73100959,
        0.99318224],
       [0.26325788, 0.07143121, 0.85429878, 0.87134691, 0.86365559,
        0.45334756],
       [0.28033791, 0.45749299, 0.87491297, 0.96829311, 0.94059204,
        0.41112651]]), array([[0.39366866, 0.06086742, 0.33988595, 0.22843989, 0.26575214,
        0.29465136],
       [0.61692152, 0.14065303, 0.98734972, 0.57588951, 0.53500732,
        0.71177848],
       [0.07069049, 0.69455298, 0.9681676 , 0.69402087, 0.60245809,
        0.77283137],
       [0.23707129, 0.34565304, 0.11808857, 0.1533831 , 0.20252231,
        0.65680798],
       [0.24201134, 0.19731605, 0.7079845 , 0.69307526, 0.32146278,
        0.52344468],
       [0.54248432, 0.58057312, 0.18693198, 0.88833542, 0.33273258,
        0.89003072]]), array([[0.41597825, 0.26356214, 0.68491564, 0.68269704, 0.42951254,
        0.94659217],
       [0.41661747, 0.86133234, 0.6533536 , 0.84307205, 0.0760378 ,
        0.61812313],
       [0.9162193 , 0.00354441, 0.83968853, 0.4775158 , 0.10948647,
        0.43801469],
       [0.38687847, 0.0354504 , 0.52461337, 0.31616425, 0.87249747,
        0.58903604],
       [0.89704814, 0.56848097, 0.57085513, 0.57412195, 0.36872374,
        0.71766368],
       [0.21354346, 0.08990295, 0.3332136 , 0.24632059, 0.0910787 ,
        0.49812887]]), array([[0.08268491, 0.64008898, 0.93404387, 0.48875169, 0.35168205,
        0.67636109],
       [0.34752797, 0.16358844, 0.68351319, 0.94087832, 0.27857801,
        0.15097771],
       [0.64961561, 0.42058212, 0.72858463, 0.55741949, 0.27481308,
        0.52202263],
       [0.32044223, 0.1807763 , 0.88767439, 0.42074002, 0.18264476,
        0.23019014],
       [0.90772049, 0.80210791, 0.35512846, 0.04078235, 0.57027452,
        0.85589068],
       [0.50592063, 0.11397404, 0.10257757, 0.35383931, 0.5867876 ,
        0.6933552 ]]), array([[0.60322372, 0.19443466, 0.01168788, 0.15870368, 0.99683432,
        0.07279418],
       [0.86368665, 0.42020702, 0.14003577, 0.36820141, 0.10107017,
        0.10415703],
       [0.40575499, 0.68450964, 0.94823547, 0.89971873, 0.41926033,
        0.11922217],
       [0.81119039, 0.71120024, 0.41153748, 0.92937225, 0.86754641,
        0.95351564],
       [0.74989486, 0.95624451, 0.4873188 , 0.27509119, 0.60970348,
        0.87246464],
       [0.47933733, 0.40105565, 0.96478683, 0.48348009, 0.29259662,
        0.89162026]]), array([[0.41641139, 0.07470819, 0.07358608, 0.31296039, 0.82211745,
        0.69603482],
       [0.15685756, 0.20936896, 0.42287723, 0.7394854 , 0.05733742,
        0.75541698],
       [0.54369171, 0.45826161, 0.94023645, 0.18389146, 0.71614648,
        0.15879164],
       [0.80987953, 0.47255671, 0.40691829, 0.28050536, 0.6695727 ,
        0.9350472 ],
       [0.17802926, 0.10674946, 0.26752938, 0.31190507, 0.41373149,
        0.15931385],
       [0.57912993, 0.76374389, 0.49518857, 0.04259697, 0.82622976,
        0.47979462]]), array([[0.07997937, 0.42483946, 0.93108126, 0.95183323, 0.23992456,
        0.29271428],
       [0.1661362 , 0.21726842, 0.6089468 , 0.91159727, 0.75260762,
        0.11321204],
       [0.29105009, 0.11164914, 0.57520379, 0.03835623, 0.03147443,
        0.57629515],
       [0.5797065 , 0.19338687, 0.97349612, 0.30198617, 0.47511495,
        0.83563775],
       [0.19447006, 0.46426919, 0.08729954, 0.16116972, 0.03179134,
        0.7092219 ],
       [0.74465413, 0.0703164 , 0.13108199, 0.70584172, 0.24566872,
        0.57617542]]), array([[0.23847799, 0.12971972, 0.08144128, 0.23389849, 0.33815475,
        0.24252533],
       [0.90961995, 0.56072871, 0.14211453, 0.70488579, 0.08639019,
        0.62071834],
       [0.16211432, 0.94713697, 0.37360797, 0.30659375, 0.10833149,
        0.1146031 ],
       [0.22985493, 0.55903404, 0.8093025 , 0.0283757 , 0.42133832,
        0.09946524],
       [0.92752773, 0.74151545, 0.98142778, 0.22513241, 0.08425021,
        0.39116873],
       [0.90075099, 0.8890264 , 0.19818841, 0.69671029, 0.5166424 ,
        0.13585652]]), array([[0.11513623, 0.81718291, 0.43742003, 0.10484095, 0.80270572,
        0.44651588],
       [0.06756748, 0.55295821, 0.5355691 , 0.39892696, 0.22298705,
        0.12360035],
       [0.03952512, 0.22811893, 0.64297688, 0.98594362, 0.23724744,
        0.95838014],
       [0.89835667, 0.8326531 , 0.68891829, 0.00412409, 0.46483819,
        0.01887745],
       [0.22230783, 0.83769004, 0.35856212, 0.90277668, 0.3769377 ,
        0.23383388],
       [0.33145126, 0.94881088, 0.58274531, 0.92280654, 0.70273415,
        0.49857046]]), array([[ 0.05681276,  0.34717025,  0.07004111,  0.58815324,  0.13811363,
        -0.07089335],
       [ 0.23587163,  0.87314347,  0.42500479,  0.25515021,  0.50841545,
         0.0102287 ],
       [ 0.12976603,  0.54457034,  0.27355764,  0.21349695,  0.19664784,
         0.80177633],
       [ 0.70541959,  0.45085898,  0.17755274,  0.14889529,  0.86654379,
         0.28243422],
       [ 0.85128191,  0.86787784,  0.02800195,  0.86423452,  0.48131029,
         0.26252061],
       [ 0.34427548,  0.92571955,  0.70926092,  0.20589971,  0.39411059,
         0.12044426]]), array([[ 0.56603199,  0.34881807,  0.18835266,  0.3154826 ,  0.8149585 ,
         0.06303284],
       [-0.03108379,  0.43404118,  0.12478588, -0.36947746,  0.46090051,
        -0.35983885],
       [-0.10502685,  0.13125078, -0.29090373, -0.17366226,  0.38022522,
         0.03242361],
       [ 0.51936959,  0.41839574,  0.12678887,  0.43212385, -0.24839215,
         0.11628832],
       [-0.12242344, -0.36404321,  0.1551809 , -0.04640186, -0.11247179,
         0.46736674],
       [ 0.19649998,  0.6970374 ,  0.64580742,  0.19264925,  0.33472286,
         0.5032374 ]]), array([[-0.19980881,  0.08726249,  0.00069662,  0.42027129,  0.00086277,
        -0.18584463]])] 
 0.5, 
 1e-19, 
 10000