weigths: [array([[  1.28051335,   7.26173208,  -7.09450761,  -0.66418711,
          3.03586491,  -5.05385178],
       [  4.21792149,   5.64539588,  -3.08728382,   0.20502664,
         -3.92846838,  -4.902909  ],
       [  5.47086075,  -3.93385343,   6.34420745,  -3.32023244,
         -3.09948218,  -4.70773012],
       [  2.04330274,  16.78010873,  -8.56438473,  -3.14190003,
          2.95843349, -20.34876933],
       [ -1.79732945,  -8.20134707,   6.32512353,  -1.26067128,
         -2.78066928,   2.78749408],
       [ -4.78430449,   5.74432363,  -0.98033958, -14.19234815,
          5.75712251, -10.54565993]]), array([[ 1.35588988,  0.42281969, -0.75209047,  2.32859206,  1.29946424,
        -3.76595668]])] 
 0.5, 
 1e-19, 
 10000