weigths: [array([[0.65165518, 0.5973953 , 0.76521024, 0.34821965, 0.13663263,
        0.64860938],
       [0.55848137, 0.84151508, 0.56343516, 0.65363826, 0.13246654,
        0.53270254],
       [0.80757327, 0.56086888, 0.00247033, 0.5549154 , 0.01000071,
        0.24136566],
       [0.84302473, 0.39433512, 0.33231322, 0.06884058, 0.55392799,
        0.15323676],
       [0.13412389, 0.37748661, 0.81900336, 0.22972226, 0.45049437,
        0.26951025],
       [0.6208396 , 0.98722924, 0.21375373, 0.87699456, 0.15614256,
        0.8238896 ],
       [0.59637933, 0.38420835, 0.83328542, 0.12341679, 0.35156114,
        0.73049768],
       [0.07262047, 0.3154696 , 0.00815239, 0.40554281, 0.71599559,
        0.1178377 ],
       [0.26051317, 0.96684978, 0.7221479 , 0.59958069, 0.18971406,
        0.46945047],
       [0.28293014, 0.99217456, 0.70057082, 0.7387868 , 0.74444446,
        0.94850821],
       [0.77142478, 0.59440016, 0.55495601, 0.51774825, 0.59907832,
        0.78486116],
       [0.91477516, 0.53727705, 0.8708768 , 0.60010993, 0.9292676 ,
        0.45883506]]), array([[1.67140664e-01, 6.88408705e-01, 4.85240988e-01, 9.74473848e-01,
        7.24730639e-01, 5.56829289e-01, 3.73723243e-01, 8.36683871e-01,
        4.65140097e-02, 2.75996589e-01, 6.98881247e-02, 3.64769219e-01],
       [3.24354764e-01, 8.31692164e-01, 8.28650823e-01, 4.14773076e-01,
        5.19862523e-04, 4.00314218e-01, 6.02183522e-01, 5.56891812e-01,
        8.64622121e-01, 9.56996641e-01, 9.69149743e-01, 8.60956147e-01],
       [2.83380987e-01, 9.88721854e-01, 9.79467392e-02, 8.70106005e-01,
        2.10670743e-02, 5.01154763e-01, 4.45818292e-02, 8.34205983e-01,
        5.40543689e-01, 3.63015729e-01, 6.02088626e-01, 5.92353052e-01],
       [6.74778577e-01, 5.21469449e-02, 9.21409477e-01, 1.94605028e-01,
        3.12486605e-02, 6.63395315e-01, 5.06020893e-01, 4.30098176e-01,
        2.22304977e-01, 3.31227392e-01, 2.20613265e-02, 7.71972938e-01],
       [7.87470611e-01, 9.07901836e-01, 1.13208002e-01, 6.59787665e-01,
        8.42651806e-01, 5.95334926e-01, 7.19789634e-02, 5.81473558e-01,
        4.47415867e-01, 4.98725664e-01, 1.74421342e-01, 9.18752813e-01],
       [4.26768920e-01, 6.93285435e-01, 1.85156777e-01, 9.47298690e-01,
        1.32782656e-01, 9.61241527e-01, 6.37525047e-01, 9.37444525e-01,
        7.54653367e-01, 1.45089944e-01, 4.88927267e-01, 4.91120509e-01],
       [9.69819036e-01, 9.32873211e-02, 5.01741864e-01, 2.75729440e-01,
        8.63255399e-01, 2.83273130e-01, 9.13845254e-01, 7.56146985e-02,
        7.40601097e-01, 7.17731075e-02, 9.51904065e-01, 2.55662934e-01],
       [8.77572017e-01, 1.68775376e-01, 4.21320268e-01, 8.66293715e-01,
        9.02783349e-01, 1.20144242e-01, 9.62833904e-01, 6.95206019e-01,
        8.68276192e-01, 9.85199844e-01, 5.97475956e-01, 1.35438851e-02],
       [5.06624417e-01, 1.91229055e-01, 4.10891739e-01, 8.02943554e-01,
        2.47611936e-01, 8.94057012e-01, 4.45111159e-01, 6.67499020e-01,
        3.33788766e-02, 9.64109315e-01, 5.42578219e-01, 1.58349046e-01],
       [6.49726521e-01, 4.83402747e-01, 6.87191368e-01, 2.62588811e-01,
        2.14055821e-01, 7.86670939e-01, 9.34566581e-01, 7.56663875e-01,
        4.05677182e-01, 1.53329745e-01, 5.83613718e-01, 2.59486641e-01],
       [2.78340188e-01, 3.51301305e-01, 9.88745789e-01, 1.45890302e-01,
        7.63775181e-01, 9.28615400e-02, 2.03602556e-01, 9.16738499e-01,
        4.08937161e-01, 3.94806665e-01, 3.68035405e-01, 9.78678312e-01],
       [3.34712308e-01, 2.27392178e-01, 5.00053756e-01, 6.49968755e-01,
        4.48312925e-01, 8.29972580e-01, 4.91446889e-01, 9.82094112e-01,
        5.05871837e-01, 1.24405720e-01, 2.61498176e-01, 6.46678372e-01]]), array([[-0.00171927,  0.3642195 ,  0.51784246,  0.11678564,  0.45511373,
         0.43414226,  0.6758552 ,  0.40094443,  0.96239543,  0.61119169,
         0.36845823,  0.81414781],
       [ 0.17776754,  0.87233492,  0.45636815,  0.30217128,  0.29329543,
         0.07703024,  0.19742078,  0.89720901,  0.00308385,  0.28858861,
         0.29682676,  0.66079643],
       [ 0.77517625,  0.54542743,  0.73686179,  0.46883794,  0.07708308,
         0.66731081,  0.11764734,  0.00783853,  0.36991989,  0.02355483,
         0.56406936,  0.96760111],
       [ 0.20604842,  0.42821131,  0.80552148,  0.70714914,  0.18509794,
         0.23594377,  0.70692248,  0.37044389,  0.50330978,  0.55756654,
         0.82913937,  0.74085412],
       [ 0.93871977,  0.73789662,  0.11384451,  0.64499925,  0.5364286 ,
         0.66796554,  0.79473896,  0.35088169,  0.41503683,  0.45438883,
         0.3089241 ,  0.78901314],
       [ 0.90553943,  0.3939088 ,  0.96731425,  0.54494528,  0.26223176,
         0.91216942,  0.58381512,  0.02609365,  0.47889472,  0.27124704,
         0.19400061,  0.86116707],
       [ 0.2603341 ,  0.01695214,  0.5456728 ,  0.4527281 ,  0.62857081,
         0.80925047,  0.49558502,  0.06554401,  0.42205797,  0.64317011,
         0.1329897 ,  0.41479062],
       [ 0.58886749,  0.23073223,  0.98392191,  0.78237747,  0.96571027,
         0.11017753,  0.13757492,  0.03633403,  0.01750726,  0.66706664,
         0.17486353,  0.010606  ],
       [ 0.52451998,  0.85932544,  0.1619039 ,  0.41629924,  0.15322337,
         0.49392269,  0.35919618,  0.47370163,  0.55725531,  0.3099093 ,
         0.30585187,  0.06369359],
       [ 0.59785643,  0.28441801,  0.01597662,  0.68365732,  0.76052416,
         0.67619584,  0.87616075,  0.87420921,  0.97792521,  0.18528866,
         0.5867152 ,  0.85006894],
       [ 0.28120029,  0.85280252,  0.967418  ,  0.28140641,  0.08292261,
         0.35776862,  0.74704773,  0.15717834,  0.75505692,  0.36243089,
         0.47069384,  0.87407874],
       [ 0.91296595,  0.6007309 ,  0.65660155,  0.61424393,  0.96167569,
         0.67998431,  0.86888962,  0.73245212,  0.63197662,  0.84155354,
         0.78153344,  0.91753295]]), array([[0.80816043, 0.07360812, 0.6186623 , 0.14584611, 0.84452733,
        0.16827216, 0.10842186, 1.01361416, 0.95096937, 0.91037996,
        0.091145  , 0.91259655]])] 
 0.5, 
 1e-19, 
 10000