weigths: [array([[0.71107285, 0.30143889, 0.35186103, 0.52895745, 0.47163733,
        0.38706935],
       [0.16195782, 0.2040683 , 0.13312631, 0.11624855, 0.82385203,
        0.74029977],
       [0.39484536, 0.00307383, 0.71723324, 0.97125423, 0.42331051,
        0.71932909],
       [0.09548618, 0.38782318, 0.11521029, 0.5940011 , 0.22743349,
        0.20191482],
       [0.71352647, 0.75510212, 0.22412668, 0.54592252, 0.11691118,
        0.55828887],
       [0.82715505, 0.45066513, 0.56940203, 0.46395039, 0.19144205,
        0.92626009],
       [0.27990733, 0.09109823, 0.12818397, 0.5999025 , 0.38012467,
        0.09186159],
       [0.70402421, 0.57387506, 0.8066553 , 0.02863558, 0.25838474,
        0.95997998],
       [0.93137423, 0.66446764, 0.1411967 , 0.76834733, 0.17112428,
        0.40666479],
       [0.22190524, 0.49526983, 0.92178824, 0.06126271, 0.23833726,
        0.70213834],
       [0.51860936, 0.47900538, 0.64582272, 0.17132631, 0.15853678,
        0.81673977],
       [0.28481313, 0.65640881, 0.46533039, 0.25949819, 0.18035142,
        0.1908846 ]]), array([[3.14857231e-01, 6.97437726e-01, 1.59788581e-01, 5.05053592e-01,
        1.26378491e-01, 3.90132473e-01, 2.90791834e-01, 5.96736736e-01,
        4.93264150e-01, 8.54328578e-01, 4.34262812e-01, 7.17767319e-01],
       [3.43065233e-01, 6.00963094e-03, 1.69612196e-01, 5.08264825e-02,
        4.14616445e-01, 4.84525225e-01, 5.37349279e-02, 6.73289763e-01,
        7.12183462e-01, 1.54059906e-01, 9.81267279e-01, 4.30305994e-01],
       [8.82764849e-01, 7.19195196e-02, 5.27048094e-01, 2.91502495e-01,
        9.92569154e-01, 9.44682091e-01, 4.02176555e-01, 6.38517536e-01,
        4.24663348e-01, 5.61061229e-01, 6.16789024e-01, 7.39007287e-01],
       [1.06418147e-02, 7.22633063e-01, 4.46258323e-01, 8.97047001e-01,
        5.97963209e-01, 4.56177269e-01, 2.87979618e-01, 4.54043927e-01,
        8.24383143e-01, 3.07117023e-01, 7.60632520e-01, 3.09125487e-01],
       [3.61021644e-01, 1.54629888e-01, 4.88846358e-01, 7.44152609e-02,
        3.73333693e-01, 3.09181774e-01, 2.91960600e-01, 6.64607214e-01,
        5.41810484e-01, 9.84703626e-01, 9.94114879e-01, 6.67961127e-01],
       [8.82550557e-01, 7.99407994e-01, 7.71331874e-02, 6.99196560e-01,
        8.94496623e-01, 3.24680970e-01, 9.70181969e-01, 3.55441355e-01,
        8.94668978e-01, 6.54616836e-01, 5.59379088e-01, 9.97514634e-02],
       [8.86677150e-01, 9.74407454e-01, 8.13238395e-01, 3.71586723e-01,
        6.15987010e-01, 4.46273697e-03, 9.00619339e-01, 5.95471394e-01,
        3.93415542e-01, 7.21082475e-01, 2.66635873e-01, 7.24580608e-01],
       [1.19270930e-04, 2.09442838e-01, 8.23798819e-01, 7.20203404e-01,
        9.76697513e-01, 5.11801292e-01, 7.19929694e-01, 7.01469840e-01,
        4.08893433e-01, 9.60965557e-01, 6.95674988e-01, 2.81048647e-01],
       [3.66312017e-01, 8.51009531e-01, 6.33328021e-01, 6.21782573e-01,
        1.38947204e-01, 7.25362200e-01, 5.90888981e-02, 1.61455682e-01,
        1.12300772e-01, 6.82889956e-01, 8.02792701e-01, 2.79590095e-01],
       [5.91287832e-02, 4.16288080e-01, 4.18778464e-01, 1.28728997e-01,
        3.81900178e-01, 8.70276263e-01, 5.83311702e-01, 9.83131797e-01,
        3.19209775e-01, 4.33987766e-01, 8.31027166e-01, 6.40333534e-02],
       [1.45100839e-01, 5.31816263e-01, 5.19836957e-01, 3.28987624e-01,
        4.68391561e-01, 3.00067489e-01, 1.86634329e-01, 8.41304040e-01,
        2.15852575e-01, 3.99226946e-01, 5.66404996e-02, 4.26388631e-01],
       [4.70572759e-01, 7.53496290e-01, 3.62486290e-01, 6.81276585e-01,
        5.01579608e-01, 4.85541255e-01, 6.22009536e-01, 6.39821272e-01,
        6.88064787e-01, 1.33379133e-01, 7.10406515e-01, 8.14471407e-01]]), array([[0.23848577, 0.59564386, 0.80688615, 0.22254098, 0.20738954,
        0.96700312, 0.33576927, 0.36993467, 0.52861788, 0.35197013,
        0.90359632, 0.82857247],
       [0.97268515, 0.82712429, 0.07315433, 0.67339948, 0.74939404,
        0.66726493, 0.53372309, 0.50503373, 0.18468349, 0.97362079,
        0.5149846 , 0.11562204],
       [0.14430648, 0.90132573, 0.51320521, 0.61249542, 0.12959586,
        0.26077625, 0.93157902, 0.14984013, 0.35562834, 0.37943215,
        0.2986374 , 0.92175726],
       [0.77112212, 0.88670614, 0.75008706, 0.40514249, 0.18603078,
        0.22290427, 0.45284954, 0.57860408, 0.26344313, 0.99811249,
        0.9093683 , 0.3193105 ],
       [0.51329808, 0.83420203, 0.58352304, 0.1934242 , 0.3399511 ,
        0.17572693, 0.96696616, 0.68790673, 0.67743928, 0.86958081,
        0.33455003, 0.6149359 ],
       [0.5121283 , 0.09699217, 0.98916621, 0.20251098, 0.98488023,
        0.45663647, 0.19277518, 0.79864922, 0.97251204, 0.61159575,
        0.405975  , 0.76789185],
       [0.9277911 , 0.80905655, 0.5842764 , 0.20400945, 0.774875  ,
        0.56771475, 0.46589132, 0.82022585, 0.06593239, 0.50170477,
        0.63926282, 0.69985045],
       [0.08476243, 0.24777259, 0.92930102, 0.38490726, 0.92744593,
        0.88631309, 0.988625  , 0.38043559, 0.13040253, 0.45549883,
        0.49183564, 0.56878516],
       [0.43358508, 0.14485324, 0.96802786, 0.74508357, 0.32810053,
        0.23953157, 0.06151874, 0.76902596, 0.50712949, 0.87886874,
        0.11970545, 0.38468525],
       [0.51761171, 0.59485663, 0.10571968, 0.32328392, 0.61126501,
        0.1663778 , 0.11444888, 0.19974265, 0.95622421, 0.76496316,
        0.82826059, 0.55762026],
       [0.59834371, 0.51976549, 0.12326214, 0.21818804, 0.38274797,
        0.08000277, 0.01353342, 0.91503664, 0.5786929 , 0.92345122,
        0.37693013, 0.43143386],
       [0.21092659, 0.49919985, 0.03294711, 0.30987456, 0.93148535,
        0.51559835, 0.49138974, 0.8324852 , 0.66609114, 0.1901429 ,
        0.23964026, 0.31813518]]), array([[0.66042249, 0.76435393, 0.44758823, 0.2983068 , 0.06405702,
        0.07936711, 0.86097215, 0.44714769, 0.02183423, 0.41576902,
        0.76137882, 0.85205943]])] 
 0.5, 
 1e-19, 
 10000