error: 0.001728930443539105 
 weigths: [array([[ 1.93919706,  4.18546919, -2.2388302 , -1.21665173,  3.11826745,
        -2.80503445],
       [-3.18074825,  1.23286893, -2.58142998, -2.8252966 , -0.43675345,
        -4.14479963],
       [-0.01597767,  1.55104589, -0.18131464,  1.05575968,  1.13605474,
        -1.4678646 ],
       [ 0.81945402,  3.62823571, -1.70867665,  0.29230945,  1.68019141,
        -2.34158028],
       [ 1.61077477,  3.96161043, -3.25563393,  1.26928388,  4.12629433,
        -4.64831122],
       [ 0.16186784,  1.76535459, -0.99287389,  0.47525043,  0.99454131,
        -1.02923526]]), array([[ 0.52575632, -2.0765938 ,  0.49381167,  0.45749405,  0.14715684,
         1.43216822],
       [ 1.1229753 ,  2.09186188,  0.53866475,  0.85330034,  0.96419837,
         0.65633213],
       [-2.25223566, -3.36735   , -0.53043828, -1.17350163, -2.14524726,
        -0.26729897],
       [-1.37197932, -0.62150175,  1.34143613, -0.04837372,  0.15060605,
        -0.59416839],
       [ 1.18602172,  3.42024699,  0.9958608 ,  0.93862284,  1.01443628,
         0.55433142],
       [ 0.10344371, -2.11565978, -1.56414843, -1.34260366, -0.86099519,
        -1.05167151]]), array([[-0.04133723,  0.22086518,  0.01899658, -0.31770944,  0.18150757,
        -0.16656989],
       [ 0.10892211, -0.36499459,  0.0793061 , -0.18906559,  0.03729832,
        -0.23957439],
       [ 1.42461931, -0.71508213,  1.07787666, -0.14698535, -1.17992189,
         0.35089154],
       [ 0.09112954, -0.70801292,  0.27233453, -0.30193975, -0.04414528,
        -0.74314763],
       [ 2.15029859, -0.19566802, -0.83095905, -0.97581874,  0.52651171,
         0.98561408],
       [ 0.09312503,  0.50501796,  0.05589943, -0.09430437,  0.18420349,
         0.56287824]]), array([[ 0.05797482, -0.01927968, -0.58323858,  0.02035212,  0.67194384,
        -0.05197946]]), array([[0.83985698, 0.80625993, 0.11925135, 0.29187305, 0.25026866,
        0.17836676],
       [0.68457829, 0.7616279 , 0.26309079, 0.40124165, 0.63465212,
        0.69325979],
       [0.84970137, 0.0118052 , 0.83803417, 0.90774713, 0.64043798,
        0.20109059],
       [0.34230973, 0.49232031, 0.65957294, 0.23539966, 0.74599551,
        0.88233273],
       [0.96231059, 0.6018649 , 0.92858033, 0.12166236, 0.91257443,
        0.09930625],
       [0.67668705, 0.38886368, 0.72568998, 0.67792852, 0.6228848 ,
        0.16406992]]), array([[0.41189728, 0.0343259 , 0.09683962, 0.55847134, 0.01664724,
        0.44484112],
       [0.0816534 , 0.70875744, 0.40342212, 0.19265713, 0.57536914,
        0.19205848],
       [0.62249367, 0.27643983, 0.71321664, 0.24994017, 0.10473136,
        0.15703499],
       [0.87026129, 0.39877954, 0.29722136, 0.34630509, 0.31106609,
        0.31048043],
       [0.14368296, 0.80895526, 0.3045861 , 0.99164255, 0.99599128,
        0.21264776],
       [0.38605575, 0.74102022, 0.53655476, 0.80492678, 0.39517388,
        0.65557893]]), array([[0.88846482, 0.35664363, 0.96388103, 0.75824509, 0.52766468,
        0.30090421],
       [0.61545814, 0.23671047, 0.58762881, 0.19430208, 0.87075212,
        0.34900977],
       [0.87078139, 0.26437205, 0.30731954, 0.46443656, 0.85086146,
        0.61454117],
       [0.23503466, 0.61002392, 0.25859471, 0.65905972, 0.50561863,
        0.92984294],
       [0.50592618, 0.58630284, 0.96159778, 0.00234597, 0.46812137,
        0.22315446],
       [0.85508218, 0.32885878, 0.87452162, 0.0570762 , 0.43279816,
        0.24414588]]), array([[0.47536706, 0.16302312, 0.31370561, 0.07000753, 0.67791273,
        0.03113994]]), array([[0.29194117, 0.56610205, 0.54102808, 0.27172853, 0.18527348,
        0.3204526 ],
       [0.39779141, 0.86144628, 0.40617616, 0.19185254, 0.6116771 ,
        0.8501248 ],
       [0.01192445, 0.98788099, 0.02518729, 0.19067024, 0.93321801,
        0.64823853],
       [0.42337609, 0.60064025, 0.06660347, 0.86327206, 0.65810881,
        0.8765733 ],
       [0.70200399, 0.3112383 , 0.40483932, 0.42184748, 0.55752326,
        0.01656464],
       [0.95478803, 0.21612848, 0.59003315, 0.61020094, 0.5532168 ,
        0.88814328]]), array([[0.00673322, 0.85277132, 0.51372885, 0.43523451, 0.82959262,
        0.74892503],
       [0.01224053, 0.20662901, 0.21843734, 0.34264224, 0.41651573,
        0.36739628],
       [0.39283269, 0.87224348, 0.21222239, 0.26644605, 0.17009518,
        0.47205549],
       [0.14039263, 0.07910507, 0.05347968, 0.80483817, 0.32807135,
        0.6469725 ],
       [0.08839548, 0.16927122, 0.93844297, 0.54160865, 0.70836461,
        0.13571234],
       [0.83014883, 0.63152968, 0.8526561 , 0.41874168, 0.10602654,
        0.92611495]]), array([[0.93995628, 0.89261371, 0.39203649, 0.40112976, 0.02020685,
        0.3710261 ],
       [0.58358732, 0.09151617, 0.38053908, 0.08897061, 0.71882971,
        0.96155223],
       [0.12550031, 0.07226677, 0.15917893, 0.85027983, 0.24342704,
        0.78447896],
       [0.73630427, 0.61834476, 0.70737738, 0.61491287, 0.95446071,
        0.64421682],
       [0.25753288, 0.45937728, 0.86746579, 0.38236867, 0.00326264,
        0.41665551],
       [0.83009366, 0.54277809, 0.84302169, 0.80034572, 0.80149623,
        0.13611229]]), array([[0.48744893, 0.68373801, 0.2322469 , 0.48397886, 0.28743082,
        0.05347552]]), array([[0.97275346, 0.74081068, 0.30937728, 0.60966036, 0.04400032,
        0.95834728],
       [0.55272212, 0.33159378, 0.28915157, 0.73217131, 0.24148823,
        0.57528885],
       [0.87332118, 0.39992112, 0.39618533, 0.00153792, 0.71804099,
        0.6072813 ],
       [0.01263099, 0.98260377, 0.76606005, 0.75989346, 0.43169017,
        0.31358194],
       [0.09290821, 0.54694019, 0.50026914, 0.81591154, 0.96465331,
        0.97269233],
       [0.24899159, 0.30486626, 0.7031256 , 0.08086252, 0.26873549,
        0.68640753]]), array([[0.0636698 , 0.03623138, 0.67418462, 0.85967861, 0.02010895,
        0.87443047],
       [0.86287082, 0.09945355, 0.45281842, 0.8805172 , 0.40785309,
        0.24731114],
       [0.01822675, 0.15055392, 0.88406493, 0.27247971, 0.57052701,
        0.58733291],
       [0.78432   , 0.48379775, 0.7426841 , 0.41528879, 0.79217379,
        0.33521396],
       [0.7344041 , 0.46720309, 0.73900346, 0.9414234 , 0.13336372,
        0.04991891],
       [0.20803103, 0.15463008, 0.48994423, 0.6900159 , 0.83270656,
        0.65026361]]), array([[2.60081904e-01, 1.64322723e-01, 7.99395235e-02, 8.51555193e-01,
        1.20076573e-01, 6.82422355e-01],
       [7.63884204e-02, 9.79983681e-01, 5.81703399e-01, 7.18060081e-02,
        4.89035752e-01, 9.92560649e-01],
       [7.60293031e-01, 4.67675847e-02, 3.18939028e-01, 2.01759943e-01,
        3.61241744e-01, 2.38301057e-01],
       [9.00153470e-01, 7.75816386e-01, 7.91818274e-01, 9.72732191e-01,
        2.16856214e-01, 7.70934986e-01],
       [5.16064824e-01, 9.21815605e-01, 3.79368207e-01, 9.72983481e-01,
        4.33571281e-04, 6.68603393e-01],
       [7.20306297e-02, 2.93802883e-01, 2.62444973e-01, 6.83878083e-01,
        5.75893958e-02, 5.31131803e-01]]), array([[0.50393635, 0.50965047, 0.56486838, 0.62228502, 0.62604912,
        0.5859754 ]])] 
 0.5, 
 1e-09, 
 1000