error: 8.453806788224238e-10 
 weigths: [array([[ 1.50506391,  7.50680268, -4.21527291, -1.46648284,  2.50110888,
        -3.71254679],
       [-4.24745772,  1.2593339 , -2.23621197, -3.10668398, -1.590036  ,
        -5.07897118],
       [ 0.33187231,  1.35966833, -0.47283418,  1.64946574,  2.1997673 ,
        -2.21389965],
       [ 1.34235859,  5.20306251, -2.89402432,  0.03562685,  2.87154116,
        -3.70053856],
       [ 3.65724132,  4.26674021, -4.43913339,  2.72160377,  4.55412246,
        -6.28548162],
       [ 1.80080769,  2.04527401, -1.75826428,  0.98793893,  3.54862831,
        -3.00855077]]), array([[ 1.09624288e-02, -2.54224547e+00, -2.55539316e-01,
        -1.72031882e-01,  2.07977293e-01,  1.19131742e+00],
       [ 1.05247609e+00,  2.65597057e+00,  7.15181793e-01,
         4.97626350e-01,  1.58817427e+00,  1.50758215e-01],
       [-2.74080446e+00, -5.02495483e+00,  7.24678454e-03,
        -1.57844174e+00, -1.98833955e+00,  6.09386524e-01],
       [-1.02504295e+00,  2.01740488e+00,  4.08455145e+00,
         7.74388616e-01, -1.72504738e+00,  1.79609486e-01],
       [ 2.31445857e+00,  6.74564851e+00,  1.34532902e+00,
         2.22913681e+00,  2.41524493e+00,  1.80125215e+00],
       [-1.74831723e+00, -7.32591583e+00, -3.52760999e+00,
        -3.24000114e+00,  3.15529567e-01, -3.60339699e+00]]), array([[-0.34029862, -0.14694337,  0.50870251,  0.05803857,  0.46371581,
         0.26822276],
       [ 0.35430434,  0.16156753, -0.59804762, -0.14229658, -0.38437559,
        -0.13483916],
       [ 0.38881399, -0.01529858,  1.16333988, -1.450168  , -1.23782502,
         0.79704343],
       [ 2.25386802, -0.01614472,  0.18635167, -0.87557982, -0.87283631,
        -2.00581755],
       [ 2.08769835,  0.61565532, -0.69708983, -0.77267014,  2.255791  ,
        -0.06170929],
       [-0.40739733, -0.1584842 ,  0.64923823,  0.14957477,  0.38325795,
         0.14257887]]), array([[ 0.01603183, -0.0045508 , -0.62625501,  0.64627184,  0.00570003,
         0.01190144]]), array([[0.83985698, 0.80625993, 0.11925135, 0.29187305, 0.25026866,
        0.17836676],
       [0.68457829, 0.7616279 , 0.26309079, 0.40124165, 0.63465212,
        0.69325979],
       [0.84970137, 0.0118052 , 0.83803417, 0.90774713, 0.64043798,
        0.20109059],
       [0.34230973, 0.49232031, 0.65957294, 0.23539966, 0.74599551,
        0.88233273],
       [0.96231059, 0.6018649 , 0.92858033, 0.12166236, 0.91257443,
        0.09930625],
       [0.67668705, 0.38886368, 0.72568998, 0.67792852, 0.6228848 ,
        0.16406992]]), array([[0.41189728, 0.0343259 , 0.09683962, 0.55847134, 0.01664724,
        0.44484112],
       [0.0816534 , 0.70875744, 0.40342212, 0.19265713, 0.57536914,
        0.19205848],
       [0.62249367, 0.27643983, 0.71321664, 0.24994017, 0.10473136,
        0.15703499],
       [0.87026129, 0.39877954, 0.29722136, 0.34630509, 0.31106609,
        0.31048043],
       [0.14368296, 0.80895526, 0.3045861 , 0.99164255, 0.99599128,
        0.21264776],
       [0.38605575, 0.74102022, 0.53655476, 0.80492678, 0.39517388,
        0.65557893]]), array([[0.88846482, 0.35664363, 0.96388103, 0.75824509, 0.52766468,
        0.30090421],
       [0.61545814, 0.23671047, 0.58762881, 0.19430208, 0.87075212,
        0.34900977],
       [0.87078139, 0.26437205, 0.30731954, 0.46443656, 0.85086146,
        0.61454117],
       [0.23503466, 0.61002392, 0.25859471, 0.65905972, 0.50561863,
        0.92984294],
       [0.50592618, 0.58630284, 0.96159778, 0.00234597, 0.46812137,
        0.22315446],
       [0.85508218, 0.32885878, 0.87452162, 0.0570762 , 0.43279816,
        0.24414588]]), array([[0.47536706, 0.16302312, 0.31370561, 0.07000753, 0.67791273,
        0.03113994]]), array([[0.29194117, 0.56610205, 0.54102808, 0.27172853, 0.18527348,
        0.3204526 ],
       [0.39779141, 0.86144628, 0.40617616, 0.19185254, 0.6116771 ,
        0.8501248 ],
       [0.01192445, 0.98788099, 0.02518729, 0.19067024, 0.93321801,
        0.64823853],
       [0.42337609, 0.60064025, 0.06660347, 0.86327206, 0.65810881,
        0.8765733 ],
       [0.70200399, 0.3112383 , 0.40483932, 0.42184748, 0.55752326,
        0.01656464],
       [0.95478803, 0.21612848, 0.59003315, 0.61020094, 0.5532168 ,
        0.88814328]]), array([[0.00673322, 0.85277132, 0.51372885, 0.43523451, 0.82959262,
        0.74892503],
       [0.01224053, 0.20662901, 0.21843734, 0.34264224, 0.41651573,
        0.36739628],
       [0.39283269, 0.87224348, 0.21222239, 0.26644605, 0.17009518,
        0.47205549],
       [0.14039263, 0.07910507, 0.05347968, 0.80483817, 0.32807135,
        0.6469725 ],
       [0.08839548, 0.16927122, 0.93844297, 0.54160865, 0.70836461,
        0.13571234],
       [0.83014883, 0.63152968, 0.8526561 , 0.41874168, 0.10602654,
        0.92611495]]), array([[0.93995628, 0.89261371, 0.39203649, 0.40112976, 0.02020685,
        0.3710261 ],
       [0.58358732, 0.09151617, 0.38053908, 0.08897061, 0.71882971,
        0.96155223],
       [0.12550031, 0.07226677, 0.15917893, 0.85027983, 0.24342704,
        0.78447896],
       [0.73630427, 0.61834476, 0.70737738, 0.61491287, 0.95446071,
        0.64421682],
       [0.25753288, 0.45937728, 0.86746579, 0.38236867, 0.00326264,
        0.41665551],
       [0.83009366, 0.54277809, 0.84302169, 0.80034572, 0.80149623,
        0.13611229]]), array([[0.48744893, 0.68373801, 0.2322469 , 0.48397886, 0.28743082,
        0.05347552]]), array([[0.97275346, 0.74081068, 0.30937728, 0.60966036, 0.04400032,
        0.95834728],
       [0.55272212, 0.33159378, 0.28915157, 0.73217131, 0.24148823,
        0.57528885],
       [0.87332118, 0.39992112, 0.39618533, 0.00153792, 0.71804099,
        0.6072813 ],
       [0.01263099, 0.98260377, 0.76606005, 0.75989346, 0.43169017,
        0.31358194],
       [0.09290821, 0.54694019, 0.50026914, 0.81591154, 0.96465331,
        0.97269233],
       [0.24899159, 0.30486626, 0.7031256 , 0.08086252, 0.26873549,
        0.68640753]]), array([[0.0636698 , 0.03623138, 0.67418462, 0.85967861, 0.02010895,
        0.87443047],
       [0.86287082, 0.09945355, 0.45281842, 0.8805172 , 0.40785309,
        0.24731114],
       [0.01822675, 0.15055392, 0.88406493, 0.27247971, 0.57052701,
        0.58733291],
       [0.78432   , 0.48379775, 0.7426841 , 0.41528879, 0.79217379,
        0.33521396],
       [0.7344041 , 0.46720309, 0.73900346, 0.9414234 , 0.13336372,
        0.04991891],
       [0.20803103, 0.15463008, 0.48994423, 0.6900159 , 0.83270656,
        0.65026361]]), array([[2.60081904e-01, 1.64322723e-01, 7.99395235e-02, 8.51555193e-01,
        1.20076573e-01, 6.82422355e-01],
       [7.63884204e-02, 9.79983681e-01, 5.81703399e-01, 7.18060081e-02,
        4.89035752e-01, 9.92560649e-01],
       [7.60293031e-01, 4.67675847e-02, 3.18939028e-01, 2.01759943e-01,
        3.61241744e-01, 2.38301057e-01],
       [9.00153470e-01, 7.75816386e-01, 7.91818274e-01, 9.72732191e-01,
        2.16856214e-01, 7.70934986e-01],
       [5.16064824e-01, 9.21815605e-01, 3.79368207e-01, 9.72983481e-01,
        4.33571281e-04, 6.68603393e-01],
       [7.20306297e-02, 2.93802883e-01, 2.62444973e-01, 6.83878083e-01,
        5.75893958e-02, 5.31131803e-01]]), array([[0.50393635, 0.50965047, 0.56486838, 0.62228502, 0.62604912,
        0.5859754 ]]), array([[0.28934246, 0.80882419, 0.77560459, 0.86449562, 0.75823359,
        0.34632498],
       [0.59976859, 0.14366613, 0.20609847, 0.25476946, 0.77041486,
        0.9063491 ],
       [0.57606536, 0.68438739, 0.17379635, 0.46646185, 0.0968829 ,
        0.90953688],
       [0.41269194, 0.31320299, 0.71421764, 0.4126389 , 0.88736825,
        0.53364197],
       [0.81089623, 0.03810846, 0.97395547, 0.39629162, 0.38730545,
        0.80187748],
       [0.53222376, 0.95460094, 0.3108745 , 0.44096998, 0.45500333,
        0.88062009]]), array([[0.33499242, 0.77256805, 0.69715875, 0.95096242, 0.86377677,
        0.17202601],
       [0.71218221, 0.36754767, 0.85236718, 0.11664021, 0.29481476,
        0.93751072],
       [0.04488134, 0.58425921, 0.91503508, 0.58385051, 0.15206827,
        0.34809791],
       [0.2684945 , 0.84485788, 0.04782825, 0.59879283, 0.74789782,
        0.21304666],
       [0.73777916, 0.74618492, 0.13124329, 0.27151536, 0.20212132,
        0.83122447],
       [0.10742451, 0.03578875, 0.79843325, 0.73382175, 0.73518879,
        0.49140375]]), array([[0.19780201, 0.48723861, 0.79387479, 0.00730448, 0.96522936,
        0.26409019],
       [0.49145931, 0.14845122, 0.67764504, 0.55818123, 0.45322614,
        0.30152476],
       [0.2684171 , 0.07559277, 0.15607379, 0.344091  , 0.27564898,
        0.3750999 ],
       [0.45293561, 0.61527416, 0.06106742, 0.93678781, 0.55929585,
        0.31548962],
       [0.8172557 , 0.82510997, 0.91006017, 0.65181805, 0.36603056,
        0.0852071 ],
       [0.58246132, 0.2403581 , 0.05493166, 0.94871576, 0.04018958,
        0.83353865]]), array([[0.82024748, 0.50167875, 0.97102395, 0.90895046, 0.40563106,
        0.09290232]]), array([[0.27802479, 0.39815416, 0.91086197, 0.65293034, 0.38666454,
        0.67913348],
       [0.41630378, 0.69708776, 0.71715504, 0.84214095, 0.39826427,
        0.18594329],
       [0.12929911, 0.72907369, 0.1464199 , 0.83323244, 0.28762306,
        0.92369228],
       [0.87638399, 0.03269183, 0.99382476, 0.03836457, 0.68875957,
        0.24378939],
       [0.24294408, 0.62203233, 0.61625628, 0.65221405, 0.45394695,
        0.35713594],
       [0.52623631, 0.64293959, 0.83015527, 0.05721918, 0.31480128,
        0.28047333]]), array([[0.87996414, 0.09530133, 0.19472205, 0.87763371, 0.39134777,
        0.91250875],
       [0.34363953, 0.28157629, 0.65380945, 0.663725  , 0.65806741,
        0.81023806],
       [0.90524722, 0.64970847, 0.86425757, 0.33321089, 0.12723766,
        0.88594873],
       [0.75745134, 0.04664849, 0.06926175, 0.25229776, 0.14971148,
        0.19944133],
       [0.01414423, 0.45048983, 0.50698796, 0.63228333, 0.92344221,
        0.14403821],
       [0.20953045, 0.05145593, 0.48914825, 0.21113701, 0.01498898,
        0.33385631]]), array([[0.26534917, 0.24714686, 0.64122428, 0.70904359, 0.41389178,
        0.08102872],
       [0.41047772, 0.15429452, 0.07403081, 0.63338735, 0.04729686,
        0.55456331],
       [0.55171255, 0.28867676, 0.35422162, 0.16676943, 0.9409697 ,
        0.07750894],
       [0.23123061, 0.38548748, 0.7077368 , 0.39230963, 0.12353658,
        0.29400612],
       [0.87212033, 0.57995775, 0.68300925, 0.11763899, 0.69660907,
        0.92026626],
       [0.32991073, 0.14999925, 0.36330174, 0.09006845, 0.45568634,
        0.49192884]]), array([[0.44381377, 0.21358092, 0.60948317, 0.40837271, 0.77406997,
        0.66795026]])] 
 0.5, 
 1e-09, 
 1000