error: 3.010281134662205e-10 
 weigths: [array([[ 0.8597727 ,  0.51410191,  0.70563009,  0.68091322,  0.81423322,
        -0.0174582 ],
       [ 0.93607996,  0.78649546,  0.50167896,  0.56486283,  0.65906525,
         0.25986057],
       [ 0.39348249,  0.90749712,  0.76101099,  0.84240873,  0.49298888,
         0.57564002],
       [ 0.280774  ,  0.23927143,  0.79461554,  0.75675252,  0.76267379,
         0.81186036],
       [ 0.63250949,  0.66153809,  0.84681248,  0.37652517,  0.59146862,
         0.54341168],
       [ 0.74326807,  0.34120014,  0.8758269 ,  0.42177171,  0.26687302,
         0.1510403 ]]), array([[ 0.3351159 ,  0.15649088,  0.84624337,  0.38534849,  0.54893865,
         0.85864205],
       [ 0.07424769,  0.60279621,  0.05078112,  0.03568551,  0.18001291,
         0.72513213],
       [ 0.16841165,  0.12507618,  0.74848788,  0.65269065,  0.44056909,
         0.3868219 ],
       [ 0.37120986,  0.58613436,  0.46029335,  0.59416065,  0.90789186,
         0.0643182 ],
       [ 0.23879196, -0.05079274,  0.28744971,  0.39487489,  0.72645703,
         0.64527201],
       [ 0.76646971,  0.10960701,  0.0687012 ,  0.76027563,  0.79935153,
         0.36746828]]), array([[ 0.76896679,  0.77477759,  0.24605018,  0.53107937,  0.73924093,
         0.78581196],
       [-0.33459016, -0.1590388 ,  0.0307767 , -0.09120992,  0.32771764,
         0.2231655 ],
       [ 0.52353693, -0.12046941, -0.02501426, -0.16397682, -0.3108104 ,
         0.07622394],
       [-0.41214747, -0.1488929 ,  0.38993042, -0.21652879,  0.3391786 ,
         0.04944256],
       [ 0.30002498, -0.08017991,  0.18641229,  0.33404733, -0.23107118,
        -0.41538001],
       [ 0.49296968,  0.85469761,  0.68278049,  0.60986753,  0.31486621,
         0.82586637]]), array([[-0.00786475,  0.00352469, -0.03188403,  0.01405848,  0.01207761,
         0.00789503]]), array([[0.83985698, 0.80625993, 0.11925135, 0.29187305, 0.25026866,
        0.17836676],
       [0.68457829, 0.7616279 , 0.26309079, 0.40124165, 0.63465212,
        0.69325979],
       [0.84970137, 0.0118052 , 0.83803417, 0.90774713, 0.64043798,
        0.20109059],
       [0.34230973, 0.49232031, 0.65957294, 0.23539966, 0.74599551,
        0.88233273],
       [0.96231059, 0.6018649 , 0.92858033, 0.12166236, 0.91257443,
        0.09930625],
       [0.67668705, 0.38886368, 0.72568998, 0.67792852, 0.6228848 ,
        0.16406992]]), array([[0.41189728, 0.0343259 , 0.09683962, 0.55847134, 0.01664724,
        0.44484112],
       [0.0816534 , 0.70875744, 0.40342212, 0.19265713, 0.57536914,
        0.19205848],
       [0.62249367, 0.27643983, 0.71321664, 0.24994017, 0.10473136,
        0.15703499],
       [0.87026129, 0.39877954, 0.29722136, 0.34630509, 0.31106609,
        0.31048043],
       [0.14368296, 0.80895526, 0.3045861 , 0.99164255, 0.99599128,
        0.21264776],
       [0.38605575, 0.74102022, 0.53655476, 0.80492678, 0.39517388,
        0.65557893]]), array([[0.88846482, 0.35664363, 0.96388103, 0.75824509, 0.52766468,
        0.30090421],
       [0.61545814, 0.23671047, 0.58762881, 0.19430208, 0.87075212,
        0.34900977],
       [0.87078139, 0.26437205, 0.30731954, 0.46443656, 0.85086146,
        0.61454117],
       [0.23503466, 0.61002392, 0.25859471, 0.65905972, 0.50561863,
        0.92984294],
       [0.50592618, 0.58630284, 0.96159778, 0.00234597, 0.46812137,
        0.22315446],
       [0.85508218, 0.32885878, 0.87452162, 0.0570762 , 0.43279816,
        0.24414588]]), array([[0.47536706, 0.16302312, 0.31370561, 0.07000753, 0.67791273,
        0.03113994]]), array([[0.29194117, 0.56610205, 0.54102808, 0.27172853, 0.18527348,
        0.3204526 ],
       [0.39779141, 0.86144628, 0.40617616, 0.19185254, 0.6116771 ,
        0.8501248 ],
       [0.01192445, 0.98788099, 0.02518729, 0.19067024, 0.93321801,
        0.64823853],
       [0.42337609, 0.60064025, 0.06660347, 0.86327206, 0.65810881,
        0.8765733 ],
       [0.70200399, 0.3112383 , 0.40483932, 0.42184748, 0.55752326,
        0.01656464],
       [0.95478803, 0.21612848, 0.59003315, 0.61020094, 0.5532168 ,
        0.88814328]]), array([[0.00673322, 0.85277132, 0.51372885, 0.43523451, 0.82959262,
        0.74892503],
       [0.01224053, 0.20662901, 0.21843734, 0.34264224, 0.41651573,
        0.36739628],
       [0.39283269, 0.87224348, 0.21222239, 0.26644605, 0.17009518,
        0.47205549],
       [0.14039263, 0.07910507, 0.05347968, 0.80483817, 0.32807135,
        0.6469725 ],
       [0.08839548, 0.16927122, 0.93844297, 0.54160865, 0.70836461,
        0.13571234],
       [0.83014883, 0.63152968, 0.8526561 , 0.41874168, 0.10602654,
        0.92611495]]), array([[0.93995628, 0.89261371, 0.39203649, 0.40112976, 0.02020685,
        0.3710261 ],
       [0.58358732, 0.09151617, 0.38053908, 0.08897061, 0.71882971,
        0.96155223],
       [0.12550031, 0.07226677, 0.15917893, 0.85027983, 0.24342704,
        0.78447896],
       [0.73630427, 0.61834476, 0.70737738, 0.61491287, 0.95446071,
        0.64421682],
       [0.25753288, 0.45937728, 0.86746579, 0.38236867, 0.00326264,
        0.41665551],
       [0.83009366, 0.54277809, 0.84302169, 0.80034572, 0.80149623,
        0.13611229]]), array([[0.48744893, 0.68373801, 0.2322469 , 0.48397886, 0.28743082,
        0.05347552]])] 
 0.5, 
 1e-09, 
 1000