error: 7.176038746309491e-10 
 weigths: [array([[ 0.86001633,  0.51425003,  0.70604452,  0.68099302,  0.81436751,
        -0.01747925],
       [ 0.93793635,  0.78790307,  0.50396598,  0.56558126,  0.66029799,
         0.26123539],
       [ 0.39739949,  0.91020352,  0.76519695,  0.84363   ,  0.49578761,
         0.57867572],
       [ 0.28299291,  0.24083795,  0.79732773,  0.75748192,  0.76417529,
         0.81337443],
       [ 0.63479066,  0.66314631,  0.84964068,  0.37735512,  0.59300186,
         0.54493501],
       [ 0.74520448,  0.34250522,  0.87810461,  0.42244556,  0.26822541,
         0.15230639]]), array([[ 0.33918902,  0.16075308,  0.85053938,  0.38944472,  0.5532821 ,
         0.86222392],
       [ 0.07612415,  0.60462763,  0.05264786,  0.0374009 ,  0.18188699,
         0.72682988],
       [ 0.17829601,  0.13535279,  0.7589396 ,  0.66257416,  0.45114805,
         0.39550409],
       [ 0.37916991,  0.59439113,  0.46873926,  0.60211365,  0.91641138,
         0.07138581],
       [ 0.2377168 , -0.05200264,  0.28625181,  0.39366283,  0.7252792 ,
         0.64435235],
       [ 0.75995924,  0.10274907,  0.0616668 ,  0.75360671,  0.79227203,
         0.3617363 ]]), array([[ 0.77241397,  0.77736963,  0.24931722,  0.53451929,  0.74232605,
         0.78918524],
       [-0.33387842, -0.15979914,  0.03112354, -0.09050971,  0.32772727,
         0.22372364],
       [ 0.51842404, -0.11430106, -0.02729987, -0.16898876, -0.31052205,
         0.07229977],
       [-0.41004332, -0.15156919,  0.39084153, -0.21446477,  0.33899717,
         0.05104549],
       [ 0.48312336,  0.04525076,  0.35729932,  0.51687678, -0.07295843,
        -0.237406  ],
       [ 0.49694657,  0.85767279,  0.68654521,  0.61383563,  0.31841768,
         0.82975609]]), array([[ 0.0106018 ,  0.00364505, -0.02586331,  0.01091573, -0.04639187,
         0.02597443]]), array([[0.83985698, 0.80625993, 0.11925135, 0.29187305, 0.25026866,
        0.17836676],
       [0.68457829, 0.7616279 , 0.26309079, 0.40124165, 0.63465212,
        0.69325979],
       [0.84970137, 0.0118052 , 0.83803417, 0.90774713, 0.64043798,
        0.20109059],
       [0.34230973, 0.49232031, 0.65957294, 0.23539966, 0.74599551,
        0.88233273],
       [0.96231059, 0.6018649 , 0.92858033, 0.12166236, 0.91257443,
        0.09930625],
       [0.67668705, 0.38886368, 0.72568998, 0.67792852, 0.6228848 ,
        0.16406992]]), array([[0.41189728, 0.0343259 , 0.09683962, 0.55847134, 0.01664724,
        0.44484112],
       [0.0816534 , 0.70875744, 0.40342212, 0.19265713, 0.57536914,
        0.19205848],
       [0.62249367, 0.27643983, 0.71321664, 0.24994017, 0.10473136,
        0.15703499],
       [0.87026129, 0.39877954, 0.29722136, 0.34630509, 0.31106609,
        0.31048043],
       [0.14368296, 0.80895526, 0.3045861 , 0.99164255, 0.99599128,
        0.21264776],
       [0.38605575, 0.74102022, 0.53655476, 0.80492678, 0.39517388,
        0.65557893]]), array([[0.88846482, 0.35664363, 0.96388103, 0.75824509, 0.52766468,
        0.30090421],
       [0.61545814, 0.23671047, 0.58762881, 0.19430208, 0.87075212,
        0.34900977],
       [0.87078139, 0.26437205, 0.30731954, 0.46443656, 0.85086146,
        0.61454117],
       [0.23503466, 0.61002392, 0.25859471, 0.65905972, 0.50561863,
        0.92984294],
       [0.50592618, 0.58630284, 0.96159778, 0.00234597, 0.46812137,
        0.22315446],
       [0.85508218, 0.32885878, 0.87452162, 0.0570762 , 0.43279816,
        0.24414588]]), array([[0.47536706, 0.16302312, 0.31370561, 0.07000753, 0.67791273,
        0.03113994]])] 
 0.5, 
 1e-09, 
 1000