error: 9.762750141119468e-10 
 weigths: [array([[ 1.73188467, 10.2826058 , -6.86067609, -1.05520096,  2.73013321,
        -5.42020513],
       [-4.91788186,  1.40214866, -2.17142707, -3.49177851, -2.38835975,
        -5.46959429],
       [ 1.92785101,  2.79109341, -0.98552559,  2.86730057,  2.8906131 ,
        -0.40582774],
       [ 1.27772587,  6.31252806, -4.68331093,  2.5187745 ,  4.26268433,
        -7.17491757],
       [ 9.99451005,  3.51746414, -7.12656127,  0.51959669,  2.45283451,
        -5.84521844],
       [ 2.05481826,  3.35003713, -3.11994659,  1.39466767,  3.69326485,
        -5.9070197 ]]), array([[  0.61802232,  -3.1791871 ,  -0.41133604,  -0.30488261,
         -0.12560761,   0.75416803],
       [  2.35047628,   4.53782496,   0.53698307,   1.67671185,
          2.24472223,   0.55904139],
       [ -4.55161586,  -6.16489621,  -0.72412225,  -2.72924028,
         -2.88105394,  -0.58658959],
       [ -0.39770849,   0.85303992,   7.01854261,   0.91508989,
         -0.21467074,   1.22465923],
       [  3.75214162,   7.62968548,   1.51577809,   2.6909628 ,
          4.0532678 ,   2.29317136],
       [ -4.04776145, -11.21269999,  -1.54095743,  -5.38659857,
          2.37308294,  -5.04860625]]), array([[ 0.22825316, -0.07787879,  0.26730471,  0.46552947,  0.26349208,
        -0.59726412],
       [-0.17999483,  0.05667118, -0.13092172, -0.30057681, -0.14440052,
         0.50031202],
       [-0.12344958,  1.46133022,  1.17105182, -0.41939779, -0.63499283,
         2.59925807],
       [ 3.48481815,  0.35277908, -0.57287543, -0.08901795, -0.42433661,
        -0.99335288],
       [ 1.1315937 , -1.68237022,  0.16579133, -3.23267251, -0.94403357,
         1.69233439],
       [ 0.75508816,  0.94510732,  0.34793424,  1.58415392, -0.28449343,
        -1.89062512]]), array([[ 0.06362587, -0.06099253, -0.63733216,  0.82996002, -0.17012524,
        -0.0544266 ]]), array([[0.83985698, 0.80625993, 0.11925135, 0.29187305, 0.25026866,
        0.17836676],
       [0.68457829, 0.7616279 , 0.26309079, 0.40124165, 0.63465212,
        0.69325979],
       [0.84970137, 0.0118052 , 0.83803417, 0.90774713, 0.64043798,
        0.20109059],
       [0.34230973, 0.49232031, 0.65957294, 0.23539966, 0.74599551,
        0.88233273],
       [0.96231059, 0.6018649 , 0.92858033, 0.12166236, 0.91257443,
        0.09930625],
       [0.67668705, 0.38886368, 0.72568998, 0.67792852, 0.6228848 ,
        0.16406992]]), array([[0.41189728, 0.0343259 , 0.09683962, 0.55847134, 0.01664724,
        0.44484112],
       [0.0816534 , 0.70875744, 0.40342212, 0.19265713, 0.57536914,
        0.19205848],
       [0.62249367, 0.27643983, 0.71321664, 0.24994017, 0.10473136,
        0.15703499],
       [0.87026129, 0.39877954, 0.29722136, 0.34630509, 0.31106609,
        0.31048043],
       [0.14368296, 0.80895526, 0.3045861 , 0.99164255, 0.99599128,
        0.21264776],
       [0.38605575, 0.74102022, 0.53655476, 0.80492678, 0.39517388,
        0.65557893]]), array([[0.88846482, 0.35664363, 0.96388103, 0.75824509, 0.52766468,
        0.30090421],
       [0.61545814, 0.23671047, 0.58762881, 0.19430208, 0.87075212,
        0.34900977],
       [0.87078139, 0.26437205, 0.30731954, 0.46443656, 0.85086146,
        0.61454117],
       [0.23503466, 0.61002392, 0.25859471, 0.65905972, 0.50561863,
        0.92984294],
       [0.50592618, 0.58630284, 0.96159778, 0.00234597, 0.46812137,
        0.22315446],
       [0.85508218, 0.32885878, 0.87452162, 0.0570762 , 0.43279816,
        0.24414588]]), array([[0.47536706, 0.16302312, 0.31370561, 0.07000753, 0.67791273,
        0.03113994]]), array([[0.29194117, 0.56610205, 0.54102808, 0.27172853, 0.18527348,
        0.3204526 ],
       [0.39779141, 0.86144628, 0.40617616, 0.19185254, 0.6116771 ,
        0.8501248 ],
       [0.01192445, 0.98788099, 0.02518729, 0.19067024, 0.93321801,
        0.64823853],
       [0.42337609, 0.60064025, 0.06660347, 0.86327206, 0.65810881,
        0.8765733 ],
       [0.70200399, 0.3112383 , 0.40483932, 0.42184748, 0.55752326,
        0.01656464],
       [0.95478803, 0.21612848, 0.59003315, 0.61020094, 0.5532168 ,
        0.88814328]]), array([[0.00673322, 0.85277132, 0.51372885, 0.43523451, 0.82959262,
        0.74892503],
       [0.01224053, 0.20662901, 0.21843734, 0.34264224, 0.41651573,
        0.36739628],
       [0.39283269, 0.87224348, 0.21222239, 0.26644605, 0.17009518,
        0.47205549],
       [0.14039263, 0.07910507, 0.05347968, 0.80483817, 0.32807135,
        0.6469725 ],
       [0.08839548, 0.16927122, 0.93844297, 0.54160865, 0.70836461,
        0.13571234],
       [0.83014883, 0.63152968, 0.8526561 , 0.41874168, 0.10602654,
        0.92611495]]), array([[0.93995628, 0.89261371, 0.39203649, 0.40112976, 0.02020685,
        0.3710261 ],
       [0.58358732, 0.09151617, 0.38053908, 0.08897061, 0.71882971,
        0.96155223],
       [0.12550031, 0.07226677, 0.15917893, 0.85027983, 0.24342704,
        0.78447896],
       [0.73630427, 0.61834476, 0.70737738, 0.61491287, 0.95446071,
        0.64421682],
       [0.25753288, 0.45937728, 0.86746579, 0.38236867, 0.00326264,
        0.41665551],
       [0.83009366, 0.54277809, 0.84302169, 0.80034572, 0.80149623,
        0.13611229]]), array([[0.48744893, 0.68373801, 0.2322469 , 0.48397886, 0.28743082,
        0.05347552]]), array([[0.97275346, 0.74081068, 0.30937728, 0.60966036, 0.04400032,
        0.95834728],
       [0.55272212, 0.33159378, 0.28915157, 0.73217131, 0.24148823,
        0.57528885],
       [0.87332118, 0.39992112, 0.39618533, 0.00153792, 0.71804099,
        0.6072813 ],
       [0.01263099, 0.98260377, 0.76606005, 0.75989346, 0.43169017,
        0.31358194],
       [0.09290821, 0.54694019, 0.50026914, 0.81591154, 0.96465331,
        0.97269233],
       [0.24899159, 0.30486626, 0.7031256 , 0.08086252, 0.26873549,
        0.68640753]]), array([[0.0636698 , 0.03623138, 0.67418462, 0.85967861, 0.02010895,
        0.87443047],
       [0.86287082, 0.09945355, 0.45281842, 0.8805172 , 0.40785309,
        0.24731114],
       [0.01822675, 0.15055392, 0.88406493, 0.27247971, 0.57052701,
        0.58733291],
       [0.78432   , 0.48379775, 0.7426841 , 0.41528879, 0.79217379,
        0.33521396],
       [0.7344041 , 0.46720309, 0.73900346, 0.9414234 , 0.13336372,
        0.04991891],
       [0.20803103, 0.15463008, 0.48994423, 0.6900159 , 0.83270656,
        0.65026361]]), array([[2.60081904e-01, 1.64322723e-01, 7.99395235e-02, 8.51555193e-01,
        1.20076573e-01, 6.82422355e-01],
       [7.63884204e-02, 9.79983681e-01, 5.81703399e-01, 7.18060081e-02,
        4.89035752e-01, 9.92560649e-01],
       [7.60293031e-01, 4.67675847e-02, 3.18939028e-01, 2.01759943e-01,
        3.61241744e-01, 2.38301057e-01],
       [9.00153470e-01, 7.75816386e-01, 7.91818274e-01, 9.72732191e-01,
        2.16856214e-01, 7.70934986e-01],
       [5.16064824e-01, 9.21815605e-01, 3.79368207e-01, 9.72983481e-01,
        4.33571281e-04, 6.68603393e-01],
       [7.20306297e-02, 2.93802883e-01, 2.62444973e-01, 6.83878083e-01,
        5.75893958e-02, 5.31131803e-01]]), array([[0.50393635, 0.50965047, 0.56486838, 0.62228502, 0.62604912,
        0.5859754 ]]), array([[0.28934246, 0.80882419, 0.77560459, 0.86449562, 0.75823359,
        0.34632498],
       [0.59976859, 0.14366613, 0.20609847, 0.25476946, 0.77041486,
        0.9063491 ],
       [0.57606536, 0.68438739, 0.17379635, 0.46646185, 0.0968829 ,
        0.90953688],
       [0.41269194, 0.31320299, 0.71421764, 0.4126389 , 0.88736825,
        0.53364197],
       [0.81089623, 0.03810846, 0.97395547, 0.39629162, 0.38730545,
        0.80187748],
       [0.53222376, 0.95460094, 0.3108745 , 0.44096998, 0.45500333,
        0.88062009]]), array([[0.33499242, 0.77256805, 0.69715875, 0.95096242, 0.86377677,
        0.17202601],
       [0.71218221, 0.36754767, 0.85236718, 0.11664021, 0.29481476,
        0.93751072],
       [0.04488134, 0.58425921, 0.91503508, 0.58385051, 0.15206827,
        0.34809791],
       [0.2684945 , 0.84485788, 0.04782825, 0.59879283, 0.74789782,
        0.21304666],
       [0.73777916, 0.74618492, 0.13124329, 0.27151536, 0.20212132,
        0.83122447],
       [0.10742451, 0.03578875, 0.79843325, 0.73382175, 0.73518879,
        0.49140375]]), array([[0.19780201, 0.48723861, 0.79387479, 0.00730448, 0.96522936,
        0.26409019],
       [0.49145931, 0.14845122, 0.67764504, 0.55818123, 0.45322614,
        0.30152476],
       [0.2684171 , 0.07559277, 0.15607379, 0.344091  , 0.27564898,
        0.3750999 ],
       [0.45293561, 0.61527416, 0.06106742, 0.93678781, 0.55929585,
        0.31548962],
       [0.8172557 , 0.82510997, 0.91006017, 0.65181805, 0.36603056,
        0.0852071 ],
       [0.58246132, 0.2403581 , 0.05493166, 0.94871576, 0.04018958,
        0.83353865]]), array([[0.82024748, 0.50167875, 0.97102395, 0.90895046, 0.40563106,
        0.09290232]]), array([[0.27802479, 0.39815416, 0.91086197, 0.65293034, 0.38666454,
        0.67913348],
       [0.41630378, 0.69708776, 0.71715504, 0.84214095, 0.39826427,
        0.18594329],
       [0.12929911, 0.72907369, 0.1464199 , 0.83323244, 0.28762306,
        0.92369228],
       [0.87638399, 0.03269183, 0.99382476, 0.03836457, 0.68875957,
        0.24378939],
       [0.24294408, 0.62203233, 0.61625628, 0.65221405, 0.45394695,
        0.35713594],
       [0.52623631, 0.64293959, 0.83015527, 0.05721918, 0.31480128,
        0.28047333]]), array([[0.87996414, 0.09530133, 0.19472205, 0.87763371, 0.39134777,
        0.91250875],
       [0.34363953, 0.28157629, 0.65380945, 0.663725  , 0.65806741,
        0.81023806],
       [0.90524722, 0.64970847, 0.86425757, 0.33321089, 0.12723766,
        0.88594873],
       [0.75745134, 0.04664849, 0.06926175, 0.25229776, 0.14971148,
        0.19944133],
       [0.01414423, 0.45048983, 0.50698796, 0.63228333, 0.92344221,
        0.14403821],
       [0.20953045, 0.05145593, 0.48914825, 0.21113701, 0.01498898,
        0.33385631]]), array([[0.26534917, 0.24714686, 0.64122428, 0.70904359, 0.41389178,
        0.08102872],
       [0.41047772, 0.15429452, 0.07403081, 0.63338735, 0.04729686,
        0.55456331],
       [0.55171255, 0.28867676, 0.35422162, 0.16676943, 0.9409697 ,
        0.07750894],
       [0.23123061, 0.38548748, 0.7077368 , 0.39230963, 0.12353658,
        0.29400612],
       [0.87212033, 0.57995775, 0.68300925, 0.11763899, 0.69660907,
        0.92026626],
       [0.32991073, 0.14999925, 0.36330174, 0.09006845, 0.45568634,
        0.49192884]]), array([[0.44381377, 0.21358092, 0.60948317, 0.40837271, 0.77406997,
        0.66795026]]), array([[0.07322395, 0.62022705, 0.891344  , 0.76805276, 0.81265539,
        0.97042375],
       [0.59722894, 0.29821329, 0.4692679 , 0.65843444, 0.58662921,
        0.52905388],
       [0.57382447, 0.98186701, 0.45949605, 0.67243118, 0.62394293,
        0.55622281],
       [0.34768793, 0.76079152, 0.61249169, 0.69621772, 0.68477117,
        0.36494061],
       [0.60577013, 0.41783111, 0.4276755 , 0.59097546, 0.37564884,
        0.82346311],
       [0.52097094, 0.00959818, 0.67555552, 0.17883719, 0.22529298,
        0.05113294]]), array([[3.75721189e-01, 6.76074637e-01, 1.49480079e-01, 7.12784961e-01,
        5.69931196e-01, 9.06536572e-02],
       [2.00179461e-01, 2.18086223e-01, 9.77634834e-01, 2.15831760e-01,
        7.57583450e-01, 1.27744219e-01],
       [6.29021074e-01, 6.51707751e-01, 4.54936943e-04, 6.58442960e-01,
        2.93211812e-01, 3.85199194e-01],
       [8.06241159e-01, 1.22877877e-01, 6.29846735e-01, 7.88940735e-01,
        9.81175936e-01, 7.08471644e-01],
       [5.20862154e-01, 7.01506834e-01, 9.94310323e-01, 7.09097887e-01,
        8.50341389e-01, 9.23040305e-01],
       [3.06753071e-01, 6.70579677e-01, 7.90102304e-01, 4.52474161e-01,
        1.19145669e-02, 5.22578958e-01]]), array([[0.33092149, 0.30088322, 0.15283896, 0.44839169, 0.62657024,
        0.68278523],
       [0.33558325, 0.15327232, 0.83835455, 0.65085655, 0.60970741,
        0.55850618],
       [0.1309046 , 0.41636376, 0.80083211, 0.85710918, 0.5285823 ,
        0.60684855],
       [0.88323949, 0.63035497, 0.10873431, 0.98455741, 0.82753773,
        0.33520931],
       [0.32230041, 0.16427992, 0.67135604, 0.6500023 , 0.11994172,
        0.86671834],
       [0.78976245, 0.58040577, 0.24937044, 0.13228984, 0.97813854,
        0.64528893]]), array([[0.73736197, 0.25700148, 0.87703259, 0.95993549, 0.91156672,
        0.9712717 ]]), array([[0.84182675, 0.74134037, 0.2247026 , 0.41157109, 0.28118654,
        0.97471198],
       [0.66450834, 0.87365498, 0.08781184, 0.55593221, 0.08084479,
        0.3744157 ],
       [0.55296935, 0.04909328, 0.19738774, 0.70261407, 0.38646929,
        0.69999105],
       [0.46567094, 0.1347239 , 0.26880149, 0.92355958, 0.42489313,
        0.12844066],
       [0.8394923 , 0.49193319, 0.02209907, 0.07837344, 0.80623687,
        0.05163735],
       [0.04743175, 0.3805423 , 0.25792908, 0.82563716, 0.52427872,
        0.1097737 ]]), array([[0.47216855, 0.41089678, 0.43454868, 0.1206121 , 0.2492249 ,
        0.26648299],
       [0.26127454, 0.89697603, 0.20054931, 0.36672747, 0.91011995,
        0.11177152],
       [0.08119634, 0.4236456 , 0.18584854, 0.11804292, 0.39375308,
        0.59515657],
       [0.46387051, 0.30029333, 0.71479749, 0.67272961, 0.61518324,
        0.11843987],
       [0.45827037, 0.28921179, 0.84040997, 0.08040523, 0.02375198,
        0.67865279],
       [0.86708757, 0.4621044 , 0.68075366, 0.36499131, 0.1441305 ,
        0.10849302]]), array([[0.855539  , 0.77951303, 0.4177675 , 0.72766563, 0.6349738 ,
        0.36585051],
       [0.63603195, 0.01926808, 0.31590358, 0.32882014, 0.72508214,
        0.31063647],
       [0.83958868, 0.37545911, 0.8330548 , 0.09805959, 0.31509321,
        0.37248471],
       [0.00847774, 0.25146844, 0.94314823, 0.25513183, 0.91095228,
        0.33972086],
       [0.91578664, 0.55182785, 0.05008825, 0.12202382, 0.75799761,
        0.17906145],
       [0.80809296, 0.31553787, 0.41102281, 0.85225642, 0.1279978 ,
        0.05607469]]), array([[0.88331779, 0.71810529, 0.4342103 , 0.23665712, 0.50434393,
        0.38167349]]), array([[0.68899735, 0.45555995, 0.37073676, 0.98732956, 0.76962196,
        0.22085816],
       [0.11494946, 0.25964499, 0.69408434, 0.33940999, 0.46356722,
        0.63132257],
       [0.96622665, 0.95407121, 0.83796955, 0.39853048, 0.10465247,
        0.86047394],
       [0.77942062, 0.9085886 , 0.20055407, 0.30604184, 0.39556829,
        0.72867792],
       [0.86274901, 0.33056397, 0.35491176, 0.51354436, 0.34860978,
        0.16333211],
       [0.6158679 , 0.04793471, 0.64988032, 0.89465342, 0.01654228,
        0.43496136]]), array([[0.63162798, 0.46960936, 0.85729542, 0.35432093, 0.22305895,
        0.56474733],
       [0.13661295, 0.89789756, 0.27393725, 0.73937742, 0.18106559,
        0.9098756 ],
       [0.70514308, 0.48667038, 0.89472527, 0.51894095, 0.46332606,
        0.26077114],
       [0.71118404, 0.40416426, 0.27641   , 0.75138016, 0.39845763,
        0.72364722],
       [0.95438759, 0.82849487, 0.33432642, 0.88973146, 0.52439595,
        0.61681822],
       [0.53442438, 0.13681181, 0.9356354 , 0.31872865, 0.46251949,
        0.89984677]]), array([[0.48715983, 0.63499336, 0.19945261, 0.63374535, 0.36979316,
        0.68651275],
       [0.91379475, 0.81817417, 0.26414965, 0.74870195, 0.64304071,
        0.17831939],
       [0.60626325, 0.79720092, 0.49615096, 0.87310484, 0.30730122,
        0.59724206],
       [0.57743031, 0.59817799, 0.29354056, 0.53823785, 0.8625261 ,
        0.42905586],
       [0.42970069, 0.59126373, 0.65823609, 0.27468299, 0.82231773,
        0.76739372],
       [0.61666565, 0.39832643, 0.58094173, 0.51734215, 0.88652767,
        0.32224859]]), array([[0.34643225, 0.85754513, 0.67040681, 0.95233705, 0.01315861,
        0.09912762]])] 
 0.5, 
 1e-09, 
 1000