error: 1.3022809195158435e-10 
 weigths: [array([[ 1.69387843,  5.29621095, -2.85318612, -1.16831232,  3.08794848,
        -3.6243377 ],
       [-3.70084603,  1.18530054, -2.39004156, -2.96384293, -0.98051886,
        -4.68238756],
       [ 0.39307086,  1.6127693 , -0.63864308,  1.45905036,  0.99770783,
        -1.32861681],
       [ 1.20611844,  4.52022439, -2.28071469, -0.527477  ,  1.51391208,
        -2.32850935],
       [ 2.22543265,  4.25625887, -3.52733587,  1.11904297,  4.40754574,
        -5.50990312],
       [ 0.52564256,  1.70267183, -1.44484795,  1.39175346,  1.65619149,
        -1.51177975]]), array([[ 3.18861168e-01, -2.54438273e+00,  2.57166947e-01,
         2.59397660e-01,  3.96645689e-02,  1.30652085e+00],
       [ 1.04725367e+00,  2.30642158e+00,  6.56792178e-01,
         5.86377278e-01,  1.47459844e+00,  6.62729092e-01],
       [-3.04404989e+00, -3.36918214e+00, -4.57690611e-02,
        -1.77136236e+00, -2.10541377e+00, -2.26439930e-03],
       [-6.66010505e-01,  1.39622211e+00,  2.75989201e+00,
         6.57670135e-01, -8.22872501e-01, -2.75373410e-01],
       [ 1.73572728e+00,  5.55638481e+00,  1.23735105e+00,
         1.56028777e+00,  2.08705609e+00,  1.54021312e+00],
       [-3.54448185e-01, -4.32102682e+00, -2.18813656e+00,
        -2.10321038e+00,  3.42393360e-01, -1.96708602e+00]]), array([[-0.42906088,  0.0840154 , -0.00355294, -0.12892837, -0.01169913,
         0.69599623],
       [ 0.42183706, -0.25011245, -0.07926681, -0.01402503, -0.01115182,
        -0.79659925],
       [ 0.35263226, -0.88645928,  0.67928288,  0.18326131, -1.7473367 ,
        -0.32731525],
       [ 0.469922  , -0.45761139, -0.14429546,  0.05529417,  0.07027759,
        -0.83948599],
       [ 2.39455582, -0.25716004, -0.68933721, -1.29797163,  1.40836479,
         0.74233332],
       [-0.49871213,  0.25801636,  0.05920825, -0.2375114 , -0.12296115,
         0.76043123]]), array([[-0.0159097 ,  0.00820613, -0.30591178,  0.04782685,  0.34590338,
        -0.04596805]]), array([[0.83985698, 0.80625993, 0.11925135, 0.29187305, 0.25026866,
        0.17836676],
       [0.68457829, 0.7616279 , 0.26309079, 0.40124165, 0.63465212,
        0.69325979],
       [0.84970137, 0.0118052 , 0.83803417, 0.90774713, 0.64043798,
        0.20109059],
       [0.34230973, 0.49232031, 0.65957294, 0.23539966, 0.74599551,
        0.88233273],
       [0.96231059, 0.6018649 , 0.92858033, 0.12166236, 0.91257443,
        0.09930625],
       [0.67668705, 0.38886368, 0.72568998, 0.67792852, 0.6228848 ,
        0.16406992]]), array([[0.41189728, 0.0343259 , 0.09683962, 0.55847134, 0.01664724,
        0.44484112],
       [0.0816534 , 0.70875744, 0.40342212, 0.19265713, 0.57536914,
        0.19205848],
       [0.62249367, 0.27643983, 0.71321664, 0.24994017, 0.10473136,
        0.15703499],
       [0.87026129, 0.39877954, 0.29722136, 0.34630509, 0.31106609,
        0.31048043],
       [0.14368296, 0.80895526, 0.3045861 , 0.99164255, 0.99599128,
        0.21264776],
       [0.38605575, 0.74102022, 0.53655476, 0.80492678, 0.39517388,
        0.65557893]]), array([[0.88846482, 0.35664363, 0.96388103, 0.75824509, 0.52766468,
        0.30090421],
       [0.61545814, 0.23671047, 0.58762881, 0.19430208, 0.87075212,
        0.34900977],
       [0.87078139, 0.26437205, 0.30731954, 0.46443656, 0.85086146,
        0.61454117],
       [0.23503466, 0.61002392, 0.25859471, 0.65905972, 0.50561863,
        0.92984294],
       [0.50592618, 0.58630284, 0.96159778, 0.00234597, 0.46812137,
        0.22315446],
       [0.85508218, 0.32885878, 0.87452162, 0.0570762 , 0.43279816,
        0.24414588]]), array([[0.47536706, 0.16302312, 0.31370561, 0.07000753, 0.67791273,
        0.03113994]]), array([[0.29194117, 0.56610205, 0.54102808, 0.27172853, 0.18527348,
        0.3204526 ],
       [0.39779141, 0.86144628, 0.40617616, 0.19185254, 0.6116771 ,
        0.8501248 ],
       [0.01192445, 0.98788099, 0.02518729, 0.19067024, 0.93321801,
        0.64823853],
       [0.42337609, 0.60064025, 0.06660347, 0.86327206, 0.65810881,
        0.8765733 ],
       [0.70200399, 0.3112383 , 0.40483932, 0.42184748, 0.55752326,
        0.01656464],
       [0.95478803, 0.21612848, 0.59003315, 0.61020094, 0.5532168 ,
        0.88814328]]), array([[0.00673322, 0.85277132, 0.51372885, 0.43523451, 0.82959262,
        0.74892503],
       [0.01224053, 0.20662901, 0.21843734, 0.34264224, 0.41651573,
        0.36739628],
       [0.39283269, 0.87224348, 0.21222239, 0.26644605, 0.17009518,
        0.47205549],
       [0.14039263, 0.07910507, 0.05347968, 0.80483817, 0.32807135,
        0.6469725 ],
       [0.08839548, 0.16927122, 0.93844297, 0.54160865, 0.70836461,
        0.13571234],
       [0.83014883, 0.63152968, 0.8526561 , 0.41874168, 0.10602654,
        0.92611495]]), array([[0.93995628, 0.89261371, 0.39203649, 0.40112976, 0.02020685,
        0.3710261 ],
       [0.58358732, 0.09151617, 0.38053908, 0.08897061, 0.71882971,
        0.96155223],
       [0.12550031, 0.07226677, 0.15917893, 0.85027983, 0.24342704,
        0.78447896],
       [0.73630427, 0.61834476, 0.70737738, 0.61491287, 0.95446071,
        0.64421682],
       [0.25753288, 0.45937728, 0.86746579, 0.38236867, 0.00326264,
        0.41665551],
       [0.83009366, 0.54277809, 0.84302169, 0.80034572, 0.80149623,
        0.13611229]]), array([[0.48744893, 0.68373801, 0.2322469 , 0.48397886, 0.28743082,
        0.05347552]]), array([[0.97275346, 0.74081068, 0.30937728, 0.60966036, 0.04400032,
        0.95834728],
       [0.55272212, 0.33159378, 0.28915157, 0.73217131, 0.24148823,
        0.57528885],
       [0.87332118, 0.39992112, 0.39618533, 0.00153792, 0.71804099,
        0.6072813 ],
       [0.01263099, 0.98260377, 0.76606005, 0.75989346, 0.43169017,
        0.31358194],
       [0.09290821, 0.54694019, 0.50026914, 0.81591154, 0.96465331,
        0.97269233],
       [0.24899159, 0.30486626, 0.7031256 , 0.08086252, 0.26873549,
        0.68640753]]), array([[0.0636698 , 0.03623138, 0.67418462, 0.85967861, 0.02010895,
        0.87443047],
       [0.86287082, 0.09945355, 0.45281842, 0.8805172 , 0.40785309,
        0.24731114],
       [0.01822675, 0.15055392, 0.88406493, 0.27247971, 0.57052701,
        0.58733291],
       [0.78432   , 0.48379775, 0.7426841 , 0.41528879, 0.79217379,
        0.33521396],
       [0.7344041 , 0.46720309, 0.73900346, 0.9414234 , 0.13336372,
        0.04991891],
       [0.20803103, 0.15463008, 0.48994423, 0.6900159 , 0.83270656,
        0.65026361]]), array([[2.60081904e-01, 1.64322723e-01, 7.99395235e-02, 8.51555193e-01,
        1.20076573e-01, 6.82422355e-01],
       [7.63884204e-02, 9.79983681e-01, 5.81703399e-01, 7.18060081e-02,
        4.89035752e-01, 9.92560649e-01],
       [7.60293031e-01, 4.67675847e-02, 3.18939028e-01, 2.01759943e-01,
        3.61241744e-01, 2.38301057e-01],
       [9.00153470e-01, 7.75816386e-01, 7.91818274e-01, 9.72732191e-01,
        2.16856214e-01, 7.70934986e-01],
       [5.16064824e-01, 9.21815605e-01, 3.79368207e-01, 9.72983481e-01,
        4.33571281e-04, 6.68603393e-01],
       [7.20306297e-02, 2.93802883e-01, 2.62444973e-01, 6.83878083e-01,
        5.75893958e-02, 5.31131803e-01]]), array([[0.50393635, 0.50965047, 0.56486838, 0.62228502, 0.62604912,
        0.5859754 ]]), array([[0.28934246, 0.80882419, 0.77560459, 0.86449562, 0.75823359,
        0.34632498],
       [0.59976859, 0.14366613, 0.20609847, 0.25476946, 0.77041486,
        0.9063491 ],
       [0.57606536, 0.68438739, 0.17379635, 0.46646185, 0.0968829 ,
        0.90953688],
       [0.41269194, 0.31320299, 0.71421764, 0.4126389 , 0.88736825,
        0.53364197],
       [0.81089623, 0.03810846, 0.97395547, 0.39629162, 0.38730545,
        0.80187748],
       [0.53222376, 0.95460094, 0.3108745 , 0.44096998, 0.45500333,
        0.88062009]]), array([[0.33499242, 0.77256805, 0.69715875, 0.95096242, 0.86377677,
        0.17202601],
       [0.71218221, 0.36754767, 0.85236718, 0.11664021, 0.29481476,
        0.93751072],
       [0.04488134, 0.58425921, 0.91503508, 0.58385051, 0.15206827,
        0.34809791],
       [0.2684945 , 0.84485788, 0.04782825, 0.59879283, 0.74789782,
        0.21304666],
       [0.73777916, 0.74618492, 0.13124329, 0.27151536, 0.20212132,
        0.83122447],
       [0.10742451, 0.03578875, 0.79843325, 0.73382175, 0.73518879,
        0.49140375]]), array([[0.19780201, 0.48723861, 0.79387479, 0.00730448, 0.96522936,
        0.26409019],
       [0.49145931, 0.14845122, 0.67764504, 0.55818123, 0.45322614,
        0.30152476],
       [0.2684171 , 0.07559277, 0.15607379, 0.344091  , 0.27564898,
        0.3750999 ],
       [0.45293561, 0.61527416, 0.06106742, 0.93678781, 0.55929585,
        0.31548962],
       [0.8172557 , 0.82510997, 0.91006017, 0.65181805, 0.36603056,
        0.0852071 ],
       [0.58246132, 0.2403581 , 0.05493166, 0.94871576, 0.04018958,
        0.83353865]]), array([[0.82024748, 0.50167875, 0.97102395, 0.90895046, 0.40563106,
        0.09290232]])] 
 0.5, 
 1e-09, 
 1000