weigths: [array([[0.43913575, 0.24324218, 0.54600048, 0.40752555, 0.43709516,
        0.98234025],
       [0.66955947, 0.96581289, 0.23111795, 0.43759751, 0.4501011 ,
        0.38206654],
       [0.76392686, 0.45414982, 0.87924544, 0.20928442, 0.81290549,
        0.72661622],
       [0.74017353, 0.38941898, 0.5103374 , 0.68959338, 0.96507138,
        0.31151854],
       [0.75165477, 0.82922474, 0.00506629, 0.14903502, 0.72772149,
        0.8711875 ],
       [0.75384141, 0.9479666 , 0.25728572, 0.94164909, 0.55736532,
        0.96678674],
       [0.52079741, 0.19952783, 0.52723798, 0.88536524, 0.03665511,
        0.39935519],
       [0.89838954, 0.74838806, 0.91483208, 0.45948703, 0.28355318,
        0.81297807],
       [0.19411908, 0.13259133, 0.91962137, 0.20925996, 0.49545652,
        0.8675721 ],
       [0.51943024, 0.1695757 , 0.64235784, 0.60751117, 0.03192521,
        0.39066871],
       [0.65787005, 0.71168968, 0.84324086, 0.91835231, 0.32187625,
        0.87728966],
       [0.89521357, 0.25594355, 0.90472674, 0.82294228, 0.73297568,
        0.79619017]]), array([[0.68413193, 0.66881953, 0.6099901 , 0.95407981, 0.62170214,
        0.57975554, 0.75761388, 0.4645621 , 0.76651662, 0.97894479,
        0.92089808, 0.11275228],
       [0.74610275, 0.36640993, 0.10402063, 0.46615349, 0.28054262,
        0.72913783, 0.82712138, 0.22606853, 0.82306297, 0.75517397,
        0.20193995, 0.54997297],
       [0.26685008, 0.53464373, 0.59284289, 0.65856844, 0.1604135 ,
        0.84441581, 0.65603953, 0.48117842, 0.97722386, 0.99892023,
        0.11792666, 0.1860117 ],
       [0.82583438, 0.41950043, 0.04001517, 0.96974219, 0.51160696,
        0.29113645, 0.86250796, 0.18474979, 0.21258742, 0.01484435,
        0.73108159, 0.78294528],
       [0.71606343, 0.16734286, 0.98618289, 0.10312174, 0.49556033,
        0.56533485, 0.80049764, 0.28013625, 0.59959954, 0.27459188,
        0.25371477, 0.78127207],
       [0.97379736, 0.69366845, 0.79490141, 0.89960023, 0.77743247,
        0.65554418, 0.17909143, 0.69260453, 0.08208417, 0.59045849,
        0.7210964 , 0.82517825],
       [0.06385958, 0.93004125, 0.32695054, 0.11531356, 0.51761756,
        0.19987825, 0.912645  , 0.15415381, 0.33282505, 0.13567949,
        0.17375893, 0.05729302],
       [0.68048245, 0.12853248, 0.55122212, 0.97648666, 0.02182821,
        0.97838183, 0.82084236, 0.12231532, 0.89777821, 0.25436937,
        0.99876395, 0.16912232],
       [0.42815194, 0.69567012, 0.63822652, 0.00602823, 0.65310791,
        0.66371661, 0.21612756, 0.57316894, 0.27212381, 0.69191777,
        0.6959366 , 0.42839163],
       [0.64234665, 0.01558616, 0.48030117, 0.42570924, 0.08744696,
        0.40422079, 0.77847808, 0.01912554, 0.09436431, 0.93646051,
        0.00955031, 0.84498426],
       [0.655819  , 0.40110039, 0.5390881 , 0.04990832, 0.73511088,
        0.17967105, 0.61047526, 0.10179445, 0.87335541, 0.51792674,
        0.31573786, 0.19637747],
       [0.44154536, 0.22742292, 0.81311046, 0.68071684, 0.20316522,
        0.14759463, 0.84022673, 0.32489116, 0.92750552, 0.40763199,
        0.95942002, 0.19117764]]), array([[7.49802717e-01, 8.91087296e-01, 4.05571614e-02, 4.28286851e-01,
        7.81874899e-01, 5.23647077e-01, 6.61814632e-01, 1.48129875e-01,
        6.63809797e-01, 3.54453578e-01, 8.88940534e-01, 1.21365067e-01],
       [8.96937289e-01, 1.02119641e-01, 5.77402708e-01, 8.16583917e-01,
        2.42010437e-01, 1.50798693e-01, 3.07102117e-01, 5.71810685e-01,
        8.41707250e-01, 1.07732092e-01, 1.88163387e-01, 9.82258231e-01],
       [6.07085065e-01, 7.80596976e-01, 1.62742385e-01, 9.40340853e-01,
        5.47107628e-01, 7.61235153e-01, 3.89748220e-01, 8.75090107e-01,
        3.57043186e-01, 5.67122328e-01, 6.93515245e-01, 3.40299903e-01],
       [6.63374363e-01, 4.73712775e-01, 8.87777970e-01, 8.04223673e-01,
        4.70315613e-02, 2.36701760e-01, 8.95881857e-02, 7.95911383e-01,
        3.34164797e-01, 2.12210593e-01, 4.94720429e-01, 2.52130550e-01],
       [5.75059983e-02, 6.46778398e-01, 5.17868412e-01, 2.99460525e-01,
        3.17016563e-01, 6.20755234e-01, 7.57186479e-01, 3.58506768e-01,
        2.60770081e-01, 2.89456235e-01, 2.47547388e-01, 1.50586799e-01],
       [9.62615530e-01, 8.29636324e-01, 8.55452337e-01, 4.99616992e-01,
        7.28554513e-02, 8.24429285e-01, 7.59032742e-01, 6.82674919e-01,
        7.14625435e-01, 1.38769525e-01, 2.24653383e-01, 2.35023172e-01],
       [9.52731332e-01, 2.30663442e-01, 8.86102794e-03, 3.59647893e-01,
        3.30259699e-01, 5.30651764e-01, 6.22034762e-02, 9.28157329e-01,
        3.78764535e-01, 9.86783125e-01, 9.13376879e-01, 6.78488868e-01],
       [9.38230143e-02, 2.78189496e-01, 8.61553173e-01, 9.38465270e-01,
        1.13821766e-01, 1.74398698e-01, 2.02313452e-01, 1.36418870e-01,
        3.31978724e-01, 7.91578903e-01, 9.45457565e-01, 5.73768429e-01],
       [8.64702597e-02, 9.45416729e-01, 8.75072233e-01, 3.66061755e-01,
        1.96035673e-01, 4.28870227e-01, 7.40237692e-01, 2.12980222e-01,
        9.36255637e-03, 8.25025999e-01, 1.09952011e-01, 9.39204880e-01],
       [8.64945668e-01, 3.16491519e-02, 9.31132103e-01, 2.63089517e-01,
        8.18239123e-01, 8.58346337e-01, 3.08953388e-01, 5.33910946e-01,
        1.33057062e-01, 3.41747204e-01, 3.96099446e-03, 6.52026793e-01],
       [2.29849779e-01, 9.47993588e-01, 6.82104016e-01, 8.52484082e-04,
        4.88420435e-01, 6.83801368e-01, 8.30275029e-01, 3.21027061e-01,
        9.96836453e-01, 3.38496223e-01, 2.79806026e-01, 8.55701524e-01],
       [5.85032429e-01, 9.72104891e-01, 8.08071529e-01, 6.24852796e-01,
        1.57188011e-01, 4.57406805e-01, 6.48701925e-01, 2.76756830e-02,
        7.44465670e-01, 2.71259685e-01, 9.05379792e-02, 1.86476996e-01]]), array([[0.09917465, 0.18925834, 0.77994623, 0.37148614, 0.06605269,
        0.59583434, 0.7761826 , 0.11001117, 0.69905495, 0.91771871,
        0.14415209, 0.17362885],
       [0.73673907, 0.66782787, 0.37282845, 0.5260291 , 0.27732013,
        0.6189792 , 0.40465469, 0.0383679 , 0.72853471, 0.06468647,
        0.18649437, 0.58746118],
       [0.99203323, 0.76018783, 0.93001396, 0.19785125, 0.25363285,
        0.9512272 , 0.74538646, 0.20060264, 0.37508132, 0.07514853,
        0.48363207, 0.89163546],
       [0.81243399, 0.52002572, 0.54879409, 0.3084438 , 0.55066886,
        0.6487337 , 0.34393198, 0.18506071, 0.94950314, 0.02204457,
        0.18666574, 0.38723593],
       [0.21288941, 0.77684814, 0.3697663 , 0.05114903, 0.42696551,
        0.02893737, 0.71875147, 0.55944209, 0.88851505, 0.1909967 ,
        0.31710601, 0.39482031],
       [0.21548499, 0.74943461, 0.81095713, 0.4753784 , 0.80826215,
        0.48099419, 0.38683779, 0.8216314 , 0.31395492, 0.66698811,
        0.29971156, 0.2709674 ],
       [0.5796527 , 0.80706272, 0.63092249, 0.5515902 , 0.68486157,
        0.72688942, 0.42944958, 0.02049222, 0.67918258, 0.51976115,
        0.12123232, 0.86732316],
       [0.74139521, 0.13068787, 0.60712861, 0.91335658, 0.61637687,
        0.0371622 , 0.10663936, 0.15186608, 0.73945462, 0.73588162,
        0.4438397 , 0.19003881],
       [0.56344073, 0.04714798, 0.88951436, 0.75907968, 0.95519223,
        0.52215359, 0.70622733, 0.36278733, 0.07540691, 0.07836746,
        0.59317602, 0.11474997],
       [0.72526662, 0.17349377, 0.20605734, 0.83425033, 0.73267448,
        0.23704335, 0.144695  , 0.40499208, 0.60296928, 0.52342751,
        0.43230539, 0.38309366],
       [0.67087967, 0.40993266, 0.15002461, 0.54034026, 0.90445264,
        0.70349374, 0.71072417, 0.32077584, 0.89600951, 0.07780863,
        0.94471498, 0.66897947],
       [0.43329605, 0.7436512 , 0.03348417, 0.18421747, 0.34616774,
        0.44073361, 0.03995969, 0.22058404, 0.46190857, 0.72614786,
        0.63828478, 0.7044884 ]]), array([[0.99530347, 0.76378133, 0.12254521, 0.04854398, 0.08072695,
        0.5261777 , 0.85432466, 0.46810296, 0.88786153, 0.73824452,
        0.82515065, 0.25334302],
       [0.94980575, 0.141626  , 0.39393687, 0.38749211, 0.22329481,
        0.97071563, 0.37362386, 0.56559729, 0.02368062, 0.0674226 ,
        0.93268104, 0.03156116],
       [0.20535302, 0.2328295 , 0.06945688, 0.28064433, 0.62043616,
        0.85841937, 0.2270636 , 0.04468229, 0.83793865, 0.16994413,
        0.15896141, 0.52496014],
       [0.76748961, 0.41869117, 0.90726794, 0.37944145, 0.28439445,
        0.61736227, 0.73552271, 0.27383291, 0.90673111, 0.74710493,
        0.83647615, 0.26150099],
       [0.71803552, 0.86860387, 0.20902299, 0.20003185, 0.69887806,
        0.30954045, 0.89381632, 0.1649677 , 0.22972611, 0.41517858,
        0.14647654, 0.01258056],
       [0.88149626, 0.55504853, 0.15344512, 0.17271401, 0.1015759 ,
        0.32816757, 0.54598268, 0.88794827, 0.59270835, 0.74647053,
        0.99763601, 0.98795989],
       [0.00594753, 0.93377333, 0.77611217, 0.65707624, 0.76859816,
        0.56055941, 0.14749987, 0.57501877, 0.10010051, 0.27659417,
        0.11980623, 0.95660674],
       [0.66332762, 0.12097683, 0.29482105, 0.60185502, 0.12509426,
        0.31261274, 0.42223762, 0.68948114, 0.63595243, 0.26523736,
        0.15701182, 0.42586394],
       [0.70460244, 0.79019074, 0.09201711, 0.15503042, 0.7508484 ,
        0.9624604 , 0.67505757, 0.79963382, 0.23915277, 0.70514515,
        0.31160086, 0.52351799],
       [0.89294239, 0.71548324, 0.71556957, 0.58211784, 0.69082705,
        0.85616589, 0.03225496, 0.70918242, 0.868638  , 0.45585873,
        0.57087578, 0.29504964],
       [0.30278958, 0.65769791, 0.6711192 , 0.562873  , 0.72635693,
        0.94447789, 0.67471635, 0.98577279, 0.52222924, 0.13543592,
        0.56336686, 0.04269132],
       [0.38107183, 0.08844041, 0.80530706, 0.89632052, 0.10813958,
        0.28045613, 0.98928827, 0.92206786, 0.11630862, 0.91479218,
        0.94480473, 0.55501002]]), array([[0.27010455, 0.47355285, 0.35274   , 0.61654889, 0.34981734,
        0.61267173, 0.72263405, 0.369844  , 0.71890067, 0.64992258,
        0.8220196 , 0.58995297],
       [0.6705125 , 0.15811164, 0.83474832, 0.59149336, 0.74043629,
        0.72967369, 0.98233117, 0.41332747, 0.27829057, 0.50827508,
        0.1292057 , 0.80703961],
       [0.82727607, 0.02150944, 0.36729104, 0.29684768, 0.49572991,
        0.39637208, 0.82266707, 0.12009022, 0.29852167, 0.94615651,
        0.27564247, 0.08158178],
       [0.04249918, 0.64727413, 0.13772145, 0.29042075, 0.43029349,
        0.52781549, 0.825831  , 0.73936723, 0.24102691, 0.46002975,
        0.84919322, 0.74395854],
       [0.50450545, 0.89314734, 0.14363756, 0.39552095, 0.41231801,
        0.59795683, 0.64048777, 0.4189309 , 0.60674739, 0.00947015,
        0.50426609, 0.63457091],
       [0.91147105, 0.81031668, 0.20244865, 0.27009121, 0.25203896,
        0.75925836, 0.12752379, 0.37522242, 0.89173436, 0.76480614,
        0.92144267, 0.33337767],
       [0.9635995 , 0.92961844, 0.28931931, 0.86379461, 0.30224751,
        0.03672092, 0.36825302, 0.6170388 , 0.39178683, 0.83508958,
        0.70611234, 0.4057563 ],
       [0.53467389, 0.97311699, 0.97781487, 0.67671248, 0.9073096 ,
        0.8917475 , 0.70128   , 0.30089634, 0.19241351, 0.33753948,
        0.24665453, 0.9665839 ],
       [0.78107184, 0.66499567, 0.10071148, 0.96590763, 0.79847594,
        0.47024621, 0.31995547, 0.72752806, 0.41536549, 0.36573178,
        0.35279423, 0.01678281],
       [0.69080433, 0.21972059, 0.51962536, 0.77951863, 0.64719238,
        0.58750338, 0.72143202, 0.60684506, 0.16713614, 0.72517327,
        0.58351343, 0.29220723],
       [0.2599191 , 0.39088997, 0.52902965, 0.49961327, 0.08749927,
        0.79911745, 0.06607832, 0.07145304, 0.13819626, 0.21760861,
        0.03771973, 0.5827102 ],
       [0.81912066, 0.99059104, 0.54483324, 0.21453817, 0.98741776,
        0.56170382, 0.19533667, 0.40893928, 0.48107367, 0.31140259,
        0.11766576, 0.75722882]]), array([[0.8349412 , 0.12740351, 0.80564621, 0.963463  , 0.31958029,
        0.38442806, 0.19673805, 0.57838118, 0.89298787, 0.76526542,
        0.30503641, 0.95836699],
       [0.27770463, 0.38359682, 0.50281096, 0.87941612, 0.97587322,
        0.03738051, 0.30976252, 0.35361419, 0.09425873, 0.20691563,
        0.96729039, 0.99202316],
       [0.11103818, 0.82531623, 0.66045123, 0.12819931, 0.47512531,
        0.15381285, 0.16638176, 0.97686102, 0.09757903, 0.60050998,
        0.72844133, 0.45941122],
       [0.50654492, 0.64516597, 0.17807408, 0.23182053, 0.19371034,
        0.21683729, 0.36767551, 0.34572705, 0.04743052, 0.05012398,
        0.14978353, 0.03890853],
       [0.01012119, 0.74735615, 0.8979257 , 0.59026632, 0.46616212,
        0.1848821 , 0.34219325, 0.20191836, 0.73792652, 0.44138547,
        0.89382223, 0.43290583],
       [0.38598119, 0.56774295, 0.73941071, 0.79887013, 0.9874071 ,
        0.36165   , 0.42665853, 0.46885292, 0.66111494, 0.13097599,
        0.36766973, 0.60978648],
       [0.10821587, 0.3198797 , 0.33645494, 0.22903169, 0.68694711,
        0.52101165, 0.73775107, 0.15471258, 0.86107064, 0.71909608,
        0.97404881, 0.15787706],
       [0.07663397, 0.58226792, 0.19986575, 0.23453358, 0.77960703,
        0.24155775, 0.8904816 , 0.7089184 , 0.66655147, 0.25124967,
        0.56054089, 0.49525762],
       [0.08423989, 0.33976546, 0.11562691, 0.07653029, 0.00179975,
        0.79374139, 0.49875746, 0.17044815, 0.79946849, 0.02303352,
        0.06217376, 0.9693514 ],
       [0.68437331, 0.40025618, 0.73163177, 0.06064664, 0.53182579,
        0.17406929, 0.33637279, 0.0981114 , 0.88940168, 0.78361894,
        0.65180925, 0.04763697],
       [0.44927012, 0.39897205, 0.25300086, 0.68265106, 0.73202942,
        0.18047318, 0.1640581 , 0.33239862, 0.14528221, 0.3232539 ,
        0.0907166 , 0.02213682],
       [0.60389032, 0.64269089, 0.17433969, 0.22707334, 0.85216867,
        0.29582336, 0.49576596, 0.35976189, 0.02539834, 0.97586276,
        0.73298588, 0.7681557 ]]), array([[0.86682496, 0.72650464, 0.73039274, 0.46279326, 0.82878873,
        0.28809598, 0.89693455, 0.20222757, 0.11504848, 0.49373494,
        0.37338674, 0.48808807],
       [0.39506753, 0.05078134, 0.34775239, 0.02319263, 0.32750402,
        0.52337902, 0.49507907, 0.30379432, 0.3302497 , 0.00161575,
        0.04491517, 0.01976293],
       [0.88998921, 0.1262615 , 0.26871268, 0.17772013, 0.66368057,
        0.79338277, 0.8687981 , 0.60910557, 0.49983996, 0.34543248,
        0.39040203, 0.68225768],
       [0.53052627, 0.56716358, 0.80299722, 0.06890861, 0.68727861,
        0.78120222, 0.09714119, 0.85498085, 0.29980467, 0.07198245,
        0.63963639, 0.22026953],
       [0.39334159, 0.42365098, 0.91437431, 0.82339993, 0.74606586,
        0.47181393, 0.53641109, 0.42572598, 0.57327754, 0.61333689,
        0.23526194, 0.42248487],
       [0.59200745, 0.40530204, 0.22717682, 0.27454338, 0.97877678,
        0.33776871, 0.7405126 , 0.91468633, 0.19236262, 0.33887618,
        0.01565716, 0.44554034],
       [0.21782784, 0.89393462, 0.96319627, 0.72823636, 0.48042776,
        0.46657156, 0.29405739, 0.22215162, 0.97929448, 0.0716215 ,
        0.96746649, 0.36625573],
       [0.55287521, 0.70221231, 0.61566303, 0.8008082 , 0.60166682,
        0.37543886, 0.47693186, 0.28645836, 0.24784821, 0.6133496 ,
        0.13581155, 0.93852843],
       [0.81632449, 0.55869141, 0.91990471, 0.88755306, 0.95381385,
        0.3021367 , 0.24486684, 0.12603635, 0.79909524, 0.44698127,
        0.77126077, 0.32142596],
       [0.541638  , 0.55122181, 0.15864003, 0.50808139, 0.37722754,
        0.2334252 , 0.94062907, 0.17705275, 0.89689925, 0.63354184,
        0.57212392, 0.02495959],
       [0.80793257, 0.9758059 , 0.96638687, 0.16304885, 0.86788267,
        0.16465988, 0.72764289, 0.55799812, 0.78305149, 0.81583804,
        0.58124472, 0.76045826],
       [0.23206301, 0.20642166, 0.31952348, 0.20688826, 0.27987256,
        0.1119822 , 0.28212208, 0.11516411, 0.49785916, 0.1553646 ,
        0.40639608, 0.52797681]]), array([[0.96529498, 0.82678058, 0.90370399, 0.503971  , 0.72498309,
        0.42796714, 0.75275456, 0.50805458, 0.73773584, 0.47065295,
        0.66008017, 0.94949818],
       [0.50867355, 0.19815332, 0.94334206, 0.07886094, 0.91861097,
        0.51693386, 0.02265802, 0.47997901, 0.83853996, 0.82348016,
        0.58310187, 0.61711175],
       [0.27486338, 0.62278093, 0.34768453, 0.75995317, 0.93086771,
        0.08996804, 0.69914856, 0.68395155, 0.94077846, 0.82664849,
        0.49685151, 0.75548542],
       [0.32733799, 0.52701091, 0.58125496, 0.94820405, 0.93312707,
        0.38810547, 0.69141378, 0.27597914, 0.37225112, 0.66540217,
        0.95657381, 0.2684458 ],
       [0.45355012, 0.55279381, 0.23934147, 0.88158775, 0.10160552,
        0.81965655, 0.6607768 , 0.99046355, 0.14303898, 0.93664233,
        0.04096294, 0.09734721],
       [0.47967942, 0.83032598, 0.87010385, 0.93749718, 0.67635748,
        0.11422162, 0.47903841, 0.52091379, 0.7269304 , 0.52594307,
        0.73273972, 0.32952667],
       [0.94902661, 0.03530599, 0.87975252, 0.48209887, 0.34515215,
        0.49300018, 0.86700526, 0.53092721, 0.48158443, 0.33159302,
        0.88483966, 0.86866347],
       [0.44476061, 0.88703534, 0.12476728, 0.19010452, 0.94816328,
        0.27451659, 0.55855133, 0.71516646, 0.90963897, 0.98512562,
        0.13939154, 0.63511161],
       [0.95879459, 0.84418038, 0.42612483, 0.39596951, 0.02576276,
        0.26110588, 0.25392664, 0.22028443, 0.17339597, 0.76240415,
        0.22209191, 0.665477  ],
       [0.98546049, 0.1088702 , 0.14681125, 0.13212126, 0.75297347,
        0.53472498, 0.44936192, 0.11149819, 0.28287363, 0.60903233,
        0.09078427, 0.06102897],
       [0.44094555, 0.62654839, 0.4844148 , 0.30438105, 0.36665082,
        0.399285  , 0.31815073, 0.90073776, 0.05054404, 0.7009227 ,
        0.31978549, 0.06263941],
       [0.32530957, 0.35767241, 0.99201084, 0.77668794, 0.97188177,
        0.0381561 , 0.97517687, 0.33248313, 0.80141701, 0.16467813,
        0.59143524, 0.72217539]]), array([[0.21363815, 0.62831794, 0.15693295, 0.12706848, 0.03908046,
        0.51953548, 0.01959489, 0.16050753, 0.87648039, 0.75164993,
        0.92631047, 0.27742791],
       [0.05322947, 0.15402285, 0.40642835, 0.24730313, 0.97234782,
        0.2079872 , 0.66311192, 0.94310492, 0.17172203, 0.68863628,
        0.92063504, 0.95533112],
       [0.99924957, 0.49829799, 0.71149164, 0.32891617, 0.52805701,
        0.95794422, 0.282409  , 0.14167086, 0.02263311, 0.37722817,
        0.55744608, 0.83994409],
       [0.49777116, 0.04635921, 0.67144562, 0.85640142, 0.65072767,
        0.51969482, 0.88271964, 0.06093069, 0.43998425, 0.52572931,
        0.73100453, 0.85372668],
       [0.24957038, 0.79601662, 0.53444417, 0.13434038, 0.19453235,
        0.20127088, 0.99317182, 0.47325001, 0.97394889, 0.19930077,
        0.64731924, 0.50340603],
       [0.7871731 , 0.46169355, 0.64346415, 0.41033599, 0.04054816,
        0.51210635, 0.73325602, 0.80475911, 0.08460795, 0.70070241,
        0.01312481, 0.32726003],
       [0.46642364, 0.64333271, 0.07176331, 0.99098307, 0.21182441,
        0.17348469, 0.21470795, 0.42331196, 0.79140085, 0.28633698,
        0.58225003, 0.97338669],
       [0.92781175, 0.70745284, 0.2142698 , 0.10805729, 0.52236506,
        0.31568082, 0.71262828, 0.07448636, 0.07601502, 0.0940339 ,
        0.3882574 , 0.41614571],
       [0.09022315, 0.06185342, 0.72912669, 0.308265  , 0.38692999,
        0.77271951, 0.43588311, 0.84254492, 0.31375077, 0.0359229 ,
        0.63605858, 0.26986867],
       [0.94943047, 0.49441422, 0.14010384, 0.26538152, 0.03536144,
        0.82760897, 0.74404666, 0.96988533, 0.78892855, 0.95147379,
        0.75338413, 0.29059796],
       [0.36560615, 0.11003075, 0.65908313, 0.76279621, 0.30931038,
        0.22515298, 0.52129051, 0.27092313, 0.96323686, 0.1919692 ,
        0.49409367, 0.25633959],
       [0.57054076, 0.66351799, 0.3404424 , 0.65494637, 0.55215837,
        0.62261014, 0.02300985, 0.0690599 , 0.53338751, 0.70153352,
        0.37061579, 0.89591408]]), array([[ 7.21675846e-02, -1.28873277e-01,  5.86332057e-01,
         2.58420400e-01,  1.62236240e-01,  7.03483237e-01,
         1.66434187e-01, -8.85579184e-02,  1.84800863e-01,
         6.49328395e-01,  4.13742741e-01, -8.47763802e-04],
       [ 7.67413451e-01,  8.85827571e-01,  5.12664582e-01,
         7.96014895e-01,  2.45495659e-02,  8.49654173e-01,
         2.88613916e-01,  2.72841187e-01,  1.42498204e-01,
         1.59772562e-01,  6.03017662e-01,  6.71577409e-01],
       [ 8.22978386e-01,  7.69090995e-02,  3.42583413e-02,
         4.34579405e-01,  2.71000589e-01,  1.48666459e-01,
         7.62155954e-01,  6.30571824e-01,  3.85686275e-01,
         2.30750811e-01,  1.53323967e-01,  2.68724391e-01],
       [ 3.55643950e-01,  7.42860627e-01,  4.36486243e-01,
         3.86792292e-01,  6.60871388e-01,  5.66807890e-01,
         9.62315479e-01,  5.10843513e-03,  5.38912663e-01,
         8.50128295e-01,  4.82907339e-01,  7.03632826e-01],
       [ 4.99520083e-02,  3.15368011e-01,  2.90283241e-01,
         4.73179796e-01,  4.49309988e-02,  1.94210247e-01,
         6.36327277e-01,  3.45052894e-01,  8.43471305e-01,
        -6.77049069e-02, -1.03567880e-01,  6.21473518e-01],
       [ 3.22762069e-01,  2.57481357e-01, -1.01911854e-01,
         2.53047198e-02,  6.59211281e-01, -1.06815495e-01,
         5.43204148e-01,  4.46721994e-01,  2.76417109e-01,
         8.29597518e-01, -7.35553362e-02, -1.55329982e-01],
       [ 2.26744843e-01,  5.41885794e-01,  4.40774172e-01,
         2.10741639e-01,  3.41017883e-01,  7.73493782e-01,
         7.77949449e-01, -1.87075095e-02, -6.09867798e-02,
         7.79094670e-01,  1.41141343e-01,  2.78417819e-01],
       [ 5.42837026e-01,  5.02349931e-01,  1.75111011e-01,
         6.67300780e-01,  5.07265212e-04,  4.02820164e-01,
         8.39038267e-03,  1.53725409e-01, -1.46895185e-01,
         5.09744520e-01, -1.68907070e-02,  2.29845372e-02],
       [ 1.27244046e-01,  8.27079009e-01,  7.66369092e-01,
         8.01374033e-01,  5.82135929e-01, -4.29489841e-02,
         8.46253754e-02, -2.18875114e-02,  6.12373354e-02,
         5.34896530e-01,  1.06135169e-02,  5.36534796e-01],
       [-9.88460683e-02, -4.02151226e-01, -4.67884495e-01,
        -4.50404769e-01, -3.47456362e-01, -4.66213250e-02,
        -1.92334488e-01, -6.71315510e-02, -3.63167876e-01,
         5.06349470e-01, -3.03216462e-01, -6.95110213e-03],
       [ 9.61169985e-01,  6.56418705e-01,  4.65741251e-01,
         3.66431420e-01,  6.51221594e-01,  9.04186153e-01,
         4.72196635e-01,  5.14045730e-01,  4.19114867e-01,
         1.54706433e-01,  8.19954265e-01,  5.38593948e-01],
       [ 9.77595782e-01,  2.13744620e-01,  3.01849868e-01,
         5.22559006e-01,  6.82660398e-01,  4.85482072e-01,
         9.08833988e-01,  2.94898046e-01,  5.89155201e-01,
         5.01922723e-01,  3.44577116e-01,  7.31713966e-01]]), array([[ 0.10043801, -0.58442003,  0.02497347, -0.69012415, -0.16564485,
        -0.28420682, -0.16197709, -0.20384445, -0.43686529,  0.20756755,
        -0.12502248, -0.53694387],
       [-0.37579051,  0.08827847, -0.4427823 , -0.41473039, -0.4645337 ,
        -0.3084981 , -0.42836449, -0.52603659, -0.45029212, -0.09631876,
         0.07990341,  0.16389142],
       [-0.47385852, -0.65395434, -0.48966454, -0.13864777,  0.14162263,
         0.15571672, -0.6938448 , -0.01798851, -0.1185037 , -0.19611576,
        -0.0775756 , -0.63762092],
       [ 0.17763566, -0.23104783, -0.43700684,  0.00822267, -0.13337479,
        -0.48184057, -0.63678578,  0.11588378, -0.34763638, -0.26356757,
        -0.55323165, -0.47631663],
       [-0.57159388, -0.4802037 , -0.01048063, -0.66471473, -0.56333125,
        -0.05747812, -0.15605887,  0.19562505,  0.1731698 , -0.42929428,
        -0.52778962, -0.31541636],
       [-0.2260505 , -0.0383244 , -0.29734881, -0.20141789, -0.4504108 ,
        -0.33490513, -0.18595415, -0.38949287, -0.54695041,  0.02293957,
        -0.33903871, -0.06707815],
       [-0.22866121, -0.55560478, -0.32700197, -0.17897616, -0.2493522 ,
        -0.10048563, -0.67397163, -0.25484188,  0.10397315,  0.08430184,
        -0.3994726 , -0.19993799],
       [ 0.11965027, -0.12949178, -0.68519506, -0.34758734,  0.1246418 ,
         0.09256782, -0.66516855, -0.23357856, -0.25313776,  0.05247153,
        -0.47211108, -0.57667997],
       [ 0.03604693, -0.18537581, -0.65910209, -0.64790851,  0.05291591,
        -0.51471726, -0.11459242, -0.01982571, -0.74066036,  0.2626332 ,
        -0.17534819, -0.11494302],
       [-0.3744587 , -0.71851768, -0.21573751, -0.02192939,  0.16426162,
        -0.12822727,  0.22713494, -0.56967145, -0.21730781, -0.18671538,
        -0.47747024, -0.70277595],
       [-0.727122  , -0.5056518 ,  0.01403967, -0.74127592,  0.03418237,
        -0.01683085,  0.04326184, -0.24307001, -0.60964736, -0.04606391,
        -0.08667422, -0.20278065],
       [-0.40984818, -0.40484272,  0.2014442 , -0.58343621, -0.74928556,
        -0.1365655 ,  0.02889838, -0.56659781, -0.15461652,  0.29427592,
        -0.34090847, -0.00096385]]), array([[-1.14068497, -1.11987748, -1.12151837, -1.11960913, -1.11245145,
        -1.12579784, -1.13649792, -1.13146402, -1.14426319, -1.11989744,
        -1.11322664, -1.13718661]])] 
 0.5, 
 1e-19, 
 10000