weigths: [array([[0.08570642, 0.68625244, 0.75747374, 0.99354163, 0.7708011 ,
        0.90891517],
       [0.75284519, 0.21548873, 0.92239992, 0.19012723, 0.60145776,
        0.48974748],
       [0.93003667, 0.27630291, 0.6502173 , 0.48967424, 0.19749151,
        0.98519705],
       [0.25343836, 0.22363168, 0.20785327, 0.61196829, 0.00685075,
        0.9381675 ],
       [0.83368028, 0.47622963, 0.76625761, 0.62967882, 0.30134008,
        0.37693602],
       [0.22261167, 0.34418177, 0.40581265, 0.29576777, 0.95871485,
        0.67996551]]), array([[0.03561709, 0.63118323, 0.30653196, 0.14732891, 0.3661249 ,
        0.20414091],
       [0.95997763, 0.97008678, 0.90249894, 0.9693799 , 0.93736805,
        0.83638645],
       [0.00887783, 0.44108176, 0.07983104, 0.76967683, 0.17045802,
        0.21045845],
       [0.07196386, 0.80481624, 0.10367351, 0.57200762, 0.48811607,
        0.62048034],
       [0.37783038, 0.52818696, 0.88616992, 0.80270938, 0.94600647,
        0.61389211],
       [0.6930811 , 0.93743085, 0.519317  , 0.94287188, 0.02358116,
        0.64373893]]), array([[0.92140393, 0.54323317, 0.42002524, 0.29310776, 0.90554299,
        0.09263585],
       [0.56773924, 0.61659685, 0.76017951, 0.60908224, 0.87133622,
        0.50845733],
       [0.64686079, 0.63154954, 0.05995236, 0.60625838, 0.40292655,
        0.30941169],
       [0.32052371, 0.35922797, 0.07829868, 0.24466461, 0.64782179,
        0.4740343 ],
       [0.08806337, 0.41870475, 0.39686809, 0.75748163, 0.88947878,
        0.72535816],
       [0.5352106 , 0.45387876, 0.98060269, 0.26030102, 0.64476007,
        0.36433976]]), array([[0.21129373, 0.16543157, 0.44206415, 0.4325864 , 0.54475579,
        0.9053233 ],
       [0.21564326, 0.27468286, 0.41071395, 0.80220084, 0.33152797,
        0.5067306 ],
       [0.99522812, 0.88633234, 0.80458003, 0.90888709, 0.67636762,
        0.59977048],
       [0.48444673, 0.27242687, 0.99481633, 0.24050147, 0.61943865,
        0.73046882],
       [0.83471954, 0.0578245 , 0.47008013, 0.71954241, 0.83784   ,
        0.58947682],
       [0.20251812, 0.95344814, 0.6540433 , 0.25167852, 0.53695569,
        0.43822295]]), array([[0.64406059, 0.20625188, 0.62257532, 0.85612195, 0.94342683,
        0.95426089],
       [0.26223045, 0.16277861, 0.36973285, 0.70028129, 0.23176372,
        0.5152892 ],
       [0.80180421, 0.45329394, 0.61631182, 0.11528499, 0.32433371,
        0.11637335],
       [0.90604204, 0.71837551, 0.33949885, 0.59058252, 0.28699064,
        0.50387449],
       [0.53462261, 0.37742994, 0.15980776, 0.47504542, 0.09929867,
        0.50241156],
       [0.00957152, 0.97550717, 0.86867324, 0.86281589, 0.6636759 ,
        0.18891061]]), array([[0.52984698, 0.37431013, 0.29794945, 0.92481825, 0.67585752,
        0.22940952],
       [0.39814686, 0.61119156, 0.91212035, 0.66065212, 0.15334521,
        0.43683148],
       [0.36730547, 0.98832292, 0.82865893, 0.63354885, 0.60531444,
        0.40541402],
       [0.21101617, 0.96164942, 0.00318351, 0.4860044 , 0.3412539 ,
        0.28151459],
       [0.76766074, 0.38403691, 0.79685884, 0.2942706 , 0.85192465,
        0.20546093],
       [0.95815786, 0.47477359, 0.60125303, 0.56654306, 0.20647183,
        0.39950652]]), array([[0.59991111, 0.4338555 , 0.11814095, 0.94101297, 0.02824514,
        0.79771309],
       [0.64384408, 0.79960147, 0.38070233, 0.57993338, 0.14183274,
        0.87862039],
       [0.39938267, 0.34600153, 0.80321641, 0.41679046, 0.65070736,
        0.31241183],
       [0.67797229, 0.06392387, 0.93197505, 0.67699884, 0.62118857,
        0.93209256],
       [0.80189034, 0.00154259, 0.59612538, 0.87330027, 0.15621462,
        0.45990061],
       [0.74026582, 0.14999972, 0.92211433, 0.09855865, 0.36648618,
        0.17560407]]), array([[0.64944582, 0.56522186, 0.52752632, 0.9037293 , 0.70238599,
        0.17960648],
       [0.76961228, 0.70366503, 0.95749751, 0.16154349, 0.26539058,
        0.06055361],
       [0.88044897, 0.19054663, 0.82573249, 0.13313056, 0.93546693,
        0.33974745],
       [0.63113573, 0.39901364, 0.92625878, 0.96176447, 0.67118993,
        0.35659367],
       [0.54736522, 0.35617833, 0.69173713, 0.19469286, 0.63610441,
        0.85129659],
       [0.17846676, 0.50460922, 0.41180908, 0.26420314, 0.50124778,
        0.6598975 ]]), array([[0.18663342, 0.8666417 , 0.36410681, 0.38334488, 0.25269913,
        0.85261431],
       [0.76715657, 0.39211168, 0.76833346, 0.56043368, 0.88967735,
        0.09983805],
       [0.63081594, 0.63972588, 0.09921237, 0.61265213, 0.499027  ,
        0.34008446],
       [0.47745768, 0.2711204 , 0.98499702, 0.1475229 , 0.14337147,
        0.52113941],
       [0.62161725, 0.00528448, 0.86897637, 0.15797129, 0.67614968,
        0.66595146],
       [0.13693363, 0.19532862, 0.15617141, 0.8169345 , 0.55640108,
        0.69417329]]), array([[ 0.19088648, -0.34273756,  0.26792401, -0.27322229,  0.5247574 ,
        -0.37037539],
       [ 0.58326872,  0.37789163, -0.0070529 ,  0.20665431,  0.27203299,
         0.61937586],
       [-0.05224472,  0.02711238, -0.09485667, -0.25840103,  0.28524831,
         0.09376963],
       [ 0.02116838, -0.39694183, -0.23777723, -0.24282597,  0.40756262,
         0.51484883],
       [ 0.35821517,  0.2768815 ,  0.21198487,  0.89974766,  0.31837263,
         0.78145104],
       [ 0.26150523,  0.02723611,  0.46621077,  0.14317955,  0.49477784,
         0.66297361]]), array([[ 1.13069850e-04,  2.17490921e-01,  4.08472575e-04,
         2.48205189e-02, -1.63722190e-01, -5.09039866e-02]])] 
 0.5, 
 1e-19, 
 10000