weigths: [array([[-1.28242879, -3.11946151, -1.62383577,  1.13055628,  0.3290746 ,
        -1.01801856],
       [-1.41671778,  0.08515136, -1.37181202,  0.29995208, -1.6786691 ,
        -0.69714876],
       [-1.25492713,  0.11458515, -1.42861628, -0.06760605, -1.29615234,
        -0.74558796],
       [-1.70432799,  0.12711726, -1.92323933,  0.51684418, -1.89394624,
        -0.70467011],
       [ 1.10122665, -2.61826254, -2.35265102, -3.12163887, -1.44238109,
         1.02578305],
       [ 0.49401099, -0.69839806,  2.31330176,  2.48572349,  3.05974319,
        -1.23909083],
       [-1.3965931 ,  0.6536543 , -2.18186064, -0.15162009, -2.58541143,
        -0.29341597],
       [-1.03645527,  1.05799329, -1.19660328, -0.49640343, -2.14819443,
        -0.51950684],
       [-0.59559473,  2.32405574, -1.28170042, -1.10103961, -3.00442811,
        -0.47563129],
       [-1.97090393, -0.17241743, -1.95759609,  1.00117262, -1.91299165,
        -0.77753889],
       [-2.62172021, -1.17655159, -1.7791432 ,  1.8697032 , -1.65868075,
        -0.46456269],
       [ 0.47584467, -1.3011138 ,  1.68586173,  2.25833701,  3.81590064,
        -1.1225648 ]]), array([[-8.59417878, -1.58097663, -1.36661772, -3.53376448, -9.12712127,
         5.09097657, -5.19653518, -1.22336646, -2.43498715, -5.12734461,
        -7.59852088,  4.65754319],
       [-0.65969992,  0.36064461, -0.52255051, -0.41755504, -1.29914357,
        -0.0340536 , -0.11643842, -0.29788374,  0.71493464, -0.05866058,
        -0.5429161 , -1.07108522],
       [-5.26766888, -0.8497822 , -1.01759278, -2.66551567, -6.3034499 ,
         3.5761853 , -3.1575572 , -1.08827942, -2.18583557, -3.16872057,
        -4.75999463,  2.77279552],
       [ 0.73657981,  0.7829894 ,  0.27410254,  1.28762971,  1.05105903,
        -0.54155772,  1.77804403,  1.08627752,  2.21110485,  1.5491455 ,
         1.67594799, -1.59126614],
       [ 1.09673555,  1.3116702 ,  1.44117997,  2.19184254,  1.57502741,
        -1.85717994,  1.79515715,  1.55823197,  2.49445124,  1.91279317,
         1.79612152, -1.46798369],
       [-2.24971126, -0.55684494, -0.64248843, -0.48135865, -1.77660855,
         0.69644839, -0.55725903, -0.20710721, -0.83252353, -0.74115464,
        -1.49023129, -0.04861857],
       [ 0.62099047,  0.93670864,  1.04288793,  1.41081349,  0.6548655 ,
        -0.9532439 ,  2.07614209,  1.98322943,  1.82442646,  2.16153293,
         1.47300207, -1.64509465],
       [-6.14304815, -1.16392937, -0.27683538, -2.43604968, -6.59487631,
         3.55287963, -3.35820656, -1.43150376, -1.22848833, -3.17211309,
        -4.47849723,  2.70686455],
       [-0.17617694,  0.55044271, -0.14800966,  0.53966427, -0.06931989,
         0.04849692,  0.85399915,  0.17611934,  1.29194472,  1.2564697 ,
         0.67779091, -1.23075692],
       [-0.78322782, -0.18832026, -0.25629337,  0.54761978, -1.00259552,
        -0.27136271, -0.11952109, -0.1225634 ,  0.09583913,  0.3773783 ,
         0.3159226 , -0.84576838],
       [ 0.53051981,  1.51058302,  1.70118368,  1.90382468,  1.14990396,
        -1.41468231,  1.72960117,  2.4083126 ,  2.91315535,  1.45733044,
         1.58595554, -1.97036279],
       [ 0.35547935,  1.29967976,  1.24530686,  1.84050705,  1.08694821,
        -1.77102211,  2.00069187,  2.11917232,  2.70738274,  1.20856038,
         1.57533498, -1.24896706]]), array([[  3.81043065,   0.46631787,   2.68525203,  -0.75725079,
         -2.03455718,   0.28216671,  -1.0455014 ,   2.59461317,
         -0.49046589,  -0.45679171,  -1.68409276,  -1.64382515],
       [  2.18345079,   0.31511355,   1.71893063,  -0.65382127,
         -1.17547282,   0.45808977,  -0.37680711,   0.97846321,
          0.22441753,   0.24450208,  -1.51762659,  -0.69692382],
       [-10.52079759,  -1.10585579,  -6.64741269,   1.79005613,
          3.28232668,  -2.40592623,   2.35037707,  -7.41449977,
         -0.01717716,  -0.60853847,   1.88988407,   1.94448318],
       [  2.17218984,   0.27596683,   1.72396187,  -1.01648544,
         -0.70119963,   0.60553241,  -0.59126581,   1.02596026,
          0.03690602,   0.03857919,  -0.71415316,  -1.24592792],
       [  0.41876609,   0.67192088,   0.88457567,   0.39284918,
          0.10074106,   0.90265505,   0.7170008 ,   0.17627447,
          0.81771701,   0.47266796,   0.16741338,   0.5248363 ],
       [  1.92989262,  -0.34421707,   1.52961984,  -0.23723282,
         -0.5601782 ,   0.39263593,  -0.44754364,   1.17118908,
         -0.32679587,  -0.33115045,  -0.86152006,  -1.16418466],
       [  0.06522928,  -0.44690657,  -0.87917462,  -0.75339364,
         -0.12878755,   0.11221923,  -0.76916334,  -0.18888639,
         -0.55809224,  -0.13713119,  -0.06332007,  -0.77450021],
       [  0.90391053,   0.89487227,   0.9560209 ,   0.40759308,
          0.85461997,   0.14421669,   0.62138188,   0.32148307,
          0.89376046,   0.46943372,   0.85587263,   0.7998876 ],
       [ -4.83176536,  -1.07388377,  -3.41370766,   0.93914335,
          0.84013534,  -1.35590142,   0.42982936,  -3.38858473,
          0.45972105,  -0.86043853,   0.93583363,   1.15806272],
       [  7.62889307,  -1.32171361,   4.64676408,  -4.35319479,
         -5.33176425,   0.37939307,  -5.19022404,   4.02608799,
         -2.71659377,  -1.56774455,  -5.89782621,  -5.14385426],
       [ -3.59752936,   0.65881524,  -1.96481677,   0.65571536,
          1.48458801,  -0.24989529,   0.88374015,  -2.77013864,
          0.94229803,  -0.04137029,   1.51790604,   1.45434091],
       [  2.01104382,   0.12343909,   1.17355074,  -0.45991355,
         -0.64625215,   0.47269092,  -0.768364  ,   1.71340128,
         -0.57802389,   0.41109167,  -1.20747321,  -0.74671776]]), array([[-4.49129168e+00, -1.92262162e+00, -1.14543381e+01,
        -1.87567380e+00,  1.37114869e+00, -1.66690173e+00,
        -1.15531150e-02,  2.23952971e+00, -3.98733358e+00,
         1.41555344e+01,  4.97866038e+00, -1.77535286e+00]])] 
 0.5, 
 1e-19, 
 10000