weigths: [array([[0.39175416, 0.53193386, 0.12059398, 0.27027631, 0.49566041,
        0.32562061],
       [0.68069101, 0.49011639, 0.51395881, 0.82542703, 0.30515673,
        0.11261288],
       [0.93771406, 0.4443294 , 0.2147736 , 0.86170312, 0.72033822,
        0.77114999],
       [0.65225772, 0.54564296, 0.19536478, 0.82675449, 0.40967588,
        0.6114778 ],
       [0.83784494, 0.61496478, 0.83231856, 0.66618627, 0.69893217,
        0.38917725],
       [0.02885806, 0.74815383, 0.71207375, 0.83486035, 0.38675733,
        0.3071131 ]]), array([[0.22601606, 0.57380719, 0.30135046, 0.86417744, 0.67575721,
        0.4853466 ],
       [0.18192525, 0.97845583, 0.5616772 , 0.45847962, 0.46270651,
        0.21131479],
       [0.11556713, 0.85599231, 0.12775222, 0.7987995 , 0.80737462,
        0.6334486 ],
       [0.65185118, 0.62457696, 0.08347974, 0.25951599, 0.7524761 ,
        0.85999132],
       [0.66422302, 0.62237874, 0.19046421, 0.20484071, 0.30346744,
        0.91025432],
       [0.17754826, 0.81559067, 0.87403124, 0.95063135, 0.11097292,
        0.66521033]]), array([[0.53981381, 0.13977783, 0.42882481, 0.29135594, 0.79141944,
        0.52726194],
       [0.10702083, 0.58277826, 0.30774274, 0.8137156 , 0.35622975,
        0.04226993],
       [0.63511396, 0.56047387, 0.87464086, 0.73646412, 0.32332412,
        0.27034211],
       [0.70828282, 0.50443444, 0.59706414, 0.90994325, 0.1822675 ,
        0.70638406],
       [0.05139054, 0.2042529 , 0.58747371, 0.51459158, 0.83486008,
        0.1157471 ],
       [0.29985365, 0.25818829, 0.31845736, 0.9021426 , 0.67026873,
        0.64916959]]), array([[0.82941978, 0.593054  , 0.50614156, 0.05181922, 0.62805216,
        0.49316685],
       [0.35703265, 0.24594232, 0.93220974, 0.19365325, 0.64244495,
        0.61667354],
       [0.48324266, 0.56738005, 0.71542347, 0.28662974, 0.893757  ,
        0.76096551],
       [0.95059716, 0.0051963 , 0.50395131, 0.43424991, 0.2719426 ,
        0.01075894],
       [0.31321021, 0.48393435, 0.07506473, 0.92062225, 0.89906371,
        0.90418207],
       [0.34877307, 0.7731915 , 0.97438614, 0.10740711, 0.63314977,
        0.93980463]]), array([[0.32164134, 0.09088931, 0.89715079, 0.50844521, 0.72605668,
        0.35578555],
       [0.18655534, 0.69748635, 0.64938807, 0.03784336, 0.09481242,
        0.59249641],
       [0.85913681, 0.43362737, 0.24043314, 0.55629859, 0.33074032,
        0.23722731],
       [0.94100005, 0.65906254, 0.18072332, 0.96548747, 0.15404597,
        0.02027627],
       [0.32085124, 0.75559885, 0.44363747, 0.55562869, 0.79369725,
        0.83050239],
       [0.51373551, 0.13982352, 0.00682352, 0.68009264, 0.97673915,
        0.66696708]]), array([[0.00233081, 0.77692912, 0.96482801, 0.89536743, 0.65040582,
        0.16708064],
       [0.22117981, 0.12753112, 0.86433746, 0.56347997, 0.13663455,
        0.79070011],
       [0.51350139, 0.69664245, 0.63255822, 0.44601085, 0.71925072,
        0.52682332],
       [0.94258164, 0.16907978, 0.50869176, 0.59665215, 0.27091478,
        0.45062614],
       [0.0311372 , 0.47100412, 0.04682039, 0.71412937, 0.40103433,
        0.20306189],
       [0.66386615, 0.62335558, 0.33318659, 0.14277226, 0.75984797,
        0.94246316]]), array([[0.10195613, 0.48426424, 0.16964029, 0.89885009, 0.59699561,
        0.62422639],
       [0.80234451, 0.49077716, 0.08608274, 0.58366467, 0.91424245,
        0.09174217],
       [0.07695754, 0.00366346, 0.09709863, 0.09135941, 0.89334763,
        0.11755619],
       [0.79513901, 0.85915791, 0.03102285, 0.94925531, 0.05753631,
        0.44935466],
       [0.01854404, 0.54844846, 0.57106903, 0.66359311, 0.31999152,
        0.32644951],
       [0.71118287, 0.29407988, 0.85269453, 0.84676155, 0.04280991,
        0.06201019]]), array([[0.40483669, 0.6220444 , 0.30077615, 0.95833726, 0.72258422,
        0.75613752],
       [0.73772144, 0.50903716, 0.38292409, 0.67340989, 0.75368857,
        0.12422407],
       [0.56652981, 0.52935138, 0.67560341, 0.89814409, 0.14090722,
        0.73539648],
       [0.00326499, 0.38829269, 0.13557628, 0.21746052, 0.8236015 ,
        0.8811255 ],
       [0.70671735, 0.66124674, 0.92948328, 0.96555943, 0.81033255,
        0.76505975],
       [0.02240418, 0.64111209, 0.07091337, 0.51347533, 0.60493784,
        0.99178981]]), array([[0.15060676, 0.74480557, 0.10221049, 0.13840717, 0.66950039,
        0.74730389],
       [0.31879836, 0.54467261, 0.82839404, 0.55739147, 0.49999136,
        0.17544625],
       [0.4610428 , 0.47568916, 0.41552023, 0.59157494, 0.83470044,
        0.10035462],
       [0.29403371, 0.52801653, 0.25447381, 0.84380892, 0.70993514,
        0.8516571 ],
       [0.12747322, 0.25038793, 0.86655366, 0.41294617, 0.06473799,
        0.92081798],
       [0.27401633, 0.20538499, 0.9527104 , 0.64224639, 0.78092171,
        0.398153  ]]), array([[0.80753841, 0.09014095, 0.64715032, 0.78082956, 0.68737248,
        0.54660341],
       [0.21016005, 0.49932264, 0.66240434, 0.17972126, 0.16589525,
        0.90902802],
       [0.36311527, 0.81260434, 0.68941695, 0.69489062, 0.52063607,
        0.72474394],
       [0.47330957, 0.29816885, 0.03552325, 0.6695855 , 0.90096882,
        0.17762209],
       [0.76055061, 0.65649727, 0.46900969, 0.21221635, 0.03413925,
        0.16446548],
       [0.51184569, 0.23885576, 0.26449274, 0.651619  , 0.81128406,
        0.02452711]]), array([[0.31510354, 0.8322219 , 0.92777774, 0.98856199, 0.58468716,
        0.15562547],
       [0.58623764, 0.03535545, 0.34430152, 0.15058204, 0.51278407,
        0.94303183],
       [0.95719717, 0.827744  , 0.33132702, 0.55834322, 0.95942969,
        0.6418901 ],
       [0.66307691, 0.36396676, 0.96303092, 0.533509  , 0.74085189,
        0.87828018],
       [0.54896266, 0.19501178, 0.20525245, 0.89486017, 0.77346195,
        0.52183706],
       [0.56715533, 0.5689984 , 0.37597195, 0.38730673, 0.04953146,
        0.00315988]]), array([[0.4537353 , 0.47311863, 0.8283715 , 0.36487304, 0.28360516,
        0.23549978],
       [0.43805741, 0.896345  , 0.87250192, 0.7335291 , 0.21184798,
        0.09854968],
       [0.57847634, 0.1974686 , 0.37517879, 0.63729301, 0.99605848,
        0.51805433],
       [0.44362109, 0.03199683, 0.58735619, 0.84779762, 0.59586902,
        0.64539326],
       [0.26940363, 0.99370155, 0.5331345 , 0.64714488, 0.71585518,
        0.80463633],
       [0.34283108, 0.87521303, 0.05137643, 0.18763234, 0.11970491,
        0.43524536]]), array([[0.32300585, 0.32307123, 0.98582431, 0.77920948, 0.52099795,
        0.79553493],
       [0.99181371, 0.9739505 , 0.79581744, 0.97796415, 0.74010167,
        0.18471583],
       [0.47316217, 0.9375318 , 0.95690673, 0.16946624, 0.44602647,
        0.30044889],
       [0.55185932, 0.77911018, 0.61407133, 0.86376823, 0.34567952,
        0.56158884],
       [0.43038886, 0.32473059, 0.39274085, 0.28763038, 0.47791114,
        0.53943485],
       [0.88040264, 0.82062832, 0.92339886, 0.40735691, 0.52926859,
        0.85127957]]), array([[0.90857007, 0.68833964, 0.1017349 , 0.46422291, 0.76634619,
        0.81347186],
       [0.11284118, 0.1580184 , 0.50987865, 0.49228873, 0.88843218,
        0.1807477 ],
       [0.36275924, 0.41963864, 0.50629477, 0.25087098, 0.2779325 ,
        0.37372418],
       [0.87115091, 0.99787071, 0.31725558, 0.89773727, 0.94102951,
        0.14762083],
       [0.39517558, 0.37329118, 0.02795683, 0.52089604, 0.84169578,
        0.39099082],
       [0.77063309, 0.04946626, 0.64809826, 0.66354846, 0.29553224,
        0.02251637]]), array([[0.63696011, 0.02632313, 0.21367827, 0.9211058 , 0.92236969,
        0.54426077],
       [0.56524326, 0.33778187, 0.81604585, 0.69236998, 0.0864488 ,
        0.17095694],
       [0.49108488, 0.66910387, 0.18712157, 0.43311909, 0.72098196,
        0.88041677],
       [0.44907061, 0.41522497, 0.40477091, 0.34821196, 0.14678436,
        0.21457948],
       [0.11495531, 0.91216776, 0.48158014, 0.34452589, 0.19199562,
        0.5185867 ],
       [0.46845558, 0.91648909, 0.38855773, 0.23060529, 0.5084018 ,
        0.4409868 ]]), array([[0.09971538, 0.08032658, 0.06802961, 0.04337597, 0.96532074,
        0.05800465],
       [0.79209099, 0.08455954, 0.40459577, 0.79176702, 0.35080571,
        0.73953071],
       [0.21379972, 0.1016374 , 0.14606328, 0.29047183, 0.471552  ,
        0.94149866],
       [0.24892334, 0.48999908, 0.75435677, 0.87193537, 0.29164082,
        0.94926976],
       [0.92281242, 0.53502157, 0.45816067, 0.84987872, 0.29571534,
        0.04655325],
       [0.4135137 , 0.45433818, 0.44466736, 0.40897684, 0.35204801,
        0.10769312]]), array([[0.72299513, 0.98554689, 0.86188411, 0.71215917, 0.32923668,
        0.40437958],
       [0.14617928, 0.09636008, 0.79564461, 0.87013554, 0.56487441,
        0.74087855],
       [0.121927  , 0.37357448, 0.19473761, 0.61959058, 0.26013865,
        0.57877207],
       [0.09140798, 0.12463923, 0.12084221, 0.14258726, 0.19448164,
        0.76860503],
       [0.49838244, 0.84372416, 0.22322322, 0.98755785, 0.01282052,
        0.50313807],
       [0.98822231, 0.71850178, 0.49713849, 0.06429263, 0.19999001,
        0.05328451]]), array([[0.84018307, 0.79061278, 0.25999836, 0.40113555, 0.23630147,
        0.89828179],
       [0.54364481, 0.93799314, 0.68532439, 0.11424211, 0.34997554,
        0.18085824],
       [0.2568428 , 0.86737039, 0.95795855, 0.00419613, 0.94517091,
        0.74710221],
       [0.10483752, 0.65966687, 0.46474454, 0.41467013, 0.97644779,
        0.8630807 ],
       [0.80279274, 0.6089827 , 0.32770047, 0.00339896, 0.56766463,
        0.94631358],
       [0.29229318, 0.27806565, 0.26202673, 0.02462815, 0.844449  ,
        0.72958108]]), array([[0.05772921, 0.74536457, 0.63223302, 0.90635821, 0.85897375,
        0.0221412 ],
       [0.65222066, 0.60586148, 0.90242524, 0.91982617, 0.17064804,
        0.36600501],
       [0.03476865, 0.47640758, 0.34789363, 0.92448172, 0.74701498,
        0.76537196],
       [0.46382088, 0.58074106, 0.45680803, 0.40739161, 0.56895543,
        0.26883483],
       [0.95084048, 0.40159082, 0.72657521, 0.20426363, 0.48080947,
        0.21438107],
       [0.55193066, 0.17078137, 0.14664798, 0.37053893, 0.46673518,
        0.33712426]]), array([[0.05552677, 0.25043785, 0.78589755, 0.96920126, 0.23392546,
        0.23495567],
       [0.25866656, 0.84482866, 0.39368722, 0.14822723, 0.38792841,
        0.19894649],
       [0.1271018 , 0.32153003, 0.36298764, 0.7313921 , 0.60702679,
        0.2153028 ],
       [0.01320288, 0.96001809, 0.07208436, 0.249753  , 0.47530253,
        0.12778851],
       [0.9548358 , 0.52145519, 0.36601155, 0.66976148, 0.75177103,
        0.68252027],
       [0.2815533 , 0.09367231, 0.76758979, 0.63758256, 0.18086382,
        0.47259255]]), array([[0.9340985 , 0.55256999, 0.50488262, 0.11006884, 0.53177949,
        0.31351551],
       [0.70842933, 0.27882329, 0.46517335, 0.87333452, 0.14788614,
        0.44261205],
       [0.83572968, 0.64633126, 0.20339922, 0.31226005, 0.53858389,
        0.13017516],
       [0.70615331, 0.63617535, 0.08165772, 0.47229149, 0.57061377,
        0.14431557],
       [0.62063758, 0.54337244, 0.94273952, 0.33923607, 0.97204391,
        0.16739008],
       [0.95002342, 0.05728128, 0.17762611, 0.94119718, 0.71839252,
        0.78517753]]), array([[0.94736194, 0.61915806, 0.06325778, 0.94416231, 0.82065003,
        0.13353728],
       [0.93644634, 0.27248765, 0.49420521, 0.80037317, 0.06877909,
        0.43077403],
       [0.5882015 , 0.68709034, 0.57279732, 0.18649015, 0.55647137,
        0.06989726],
       [0.79025073, 0.57376098, 0.99303708, 0.27575413, 0.14130749,
        0.54400574],
       [0.77553725, 0.22285392, 0.941647  , 0.30607596, 0.95690862,
        0.58137676],
       [0.69610536, 0.811415  , 0.7742145 , 0.41730951, 0.02255427,
        0.15434059]]), array([[0.04328421, 0.5998175 , 0.25783104, 0.00219648, 0.30038256,
        0.19632405],
       [0.84397784, 0.61829106, 0.72336824, 0.24475757, 0.47483913,
        0.39457316],
       [0.24322579, 0.82054561, 0.89067281, 0.07806703, 0.19041525,
        0.20205716],
       [0.25603318, 0.89252211, 0.6518013 , 0.77259081, 0.48838491,
        0.56606479],
       [0.00942672, 0.0275543 , 0.38278411, 0.55552211, 0.92070575,
        0.50175084],
       [0.76877605, 0.33151093, 0.33997102, 0.84347538, 0.74523324,
        0.99021493]]), array([[0.83763873, 0.95943597, 0.24769064, 0.58398127, 0.75416586,
        0.57944839],
       [0.29048561, 0.90920199, 0.2656685 , 0.9304001 , 0.6043111 ,
        0.54057086],
       [0.04676842, 0.85515656, 0.8937554 , 0.95414868, 0.58149483,
        0.93656217],
       [0.62879805, 0.18603042, 0.39316069, 0.41573072, 0.61379717,
        0.16595015],
       [0.67732853, 0.75568133, 0.0996427 , 0.83269806, 0.02094492,
        0.09606527],
       [0.25738765, 0.61829077, 0.69434193, 0.19447556, 0.65615748,
        0.26593347]]), array([[0.39301893, 0.71795164, 0.10631708, 0.62219325, 0.12597892,
        0.58541636],
       [0.26436539, 0.81777639, 0.38638028, 0.28517992, 0.56428473,
        0.4503908 ],
       [0.67419429, 0.65891897, 0.06712484, 0.42626325, 0.4050069 ,
        0.50640746],
       [0.64031457, 0.16023219, 0.38356992, 0.17941556, 0.35640449,
        0.51949245],
       [0.36806013, 0.09858094, 0.13741433, 0.19565901, 0.85019837,
        0.91085746],
       [0.08822682, 0.56445889, 0.46830168, 0.11064642, 0.52452043,
        0.46035714]]), array([[0.30864606, 0.15544911, 0.41770849, 0.56255019, 0.96600309,
        0.28129188],
       [0.88793981, 0.49410447, 0.91833967, 0.79661366, 0.83913452,
        0.43034479],
       [0.66734924, 0.69642767, 0.18375793, 0.51227004, 0.91983239,
        0.48784803],
       [0.96088504, 0.45960775, 0.27959321, 0.80180739, 0.1635775 ,
        0.76148506],
       [0.00829301, 0.97295082, 0.6435934 , 0.97137414, 0.98784815,
        0.05797536],
       [0.72018624, 0.48936628, 0.44511408, 0.22355909, 0.16960758,
        0.81885644]]), array([[0.0470198 , 0.09648841, 0.89924807, 0.07645543, 0.35714169,
        0.51721473],
       [0.0294747 , 0.27711561, 0.46242013, 0.12678582, 0.97870192,
        0.48802744],
       [0.96248974, 0.54480474, 0.78294554, 0.86458998, 0.07199487,
        0.93211781],
       [0.32254857, 0.60003524, 0.91260673, 0.42459208, 0.9128107 ,
        0.86333821],
       [0.85693385, 0.96680689, 0.63355085, 0.656275  , 0.71407614,
        0.59359492],
       [0.57908762, 0.74503146, 0.67166911, 0.82199252, 0.38254155,
        0.67349813]]), array([[0.47558752, 0.97927019, 0.39705764, 0.56051653, 0.47240561,
        0.24042556],
       [0.32525718, 0.18441065, 0.88496354, 0.67902544, 0.29443459,
        0.47350832],
       [0.53881306, 0.3455553 , 0.86648187, 0.8802002 , 0.70051244,
        0.66582949],
       [0.00443067, 0.89350941, 0.92949591, 0.94460708, 0.47595665,
        0.29968441],
       [0.19706484, 0.44353604, 0.04533971, 0.62972874, 0.89234978,
        0.19877871],
       [0.83062094, 0.54692821, 0.66759456, 0.46080295, 0.27687656,
        0.13003959]]), array([[0.14753688, 0.18186022, 0.83327041, 0.4092351 , 0.00864287,
        0.22955826],
       [0.97977606, 0.72782196, 0.15064608, 0.87665873, 0.51530749,
        0.6332955 ],
       [0.18095518, 0.28001395, 0.90995925, 0.85407481, 0.09920452,
        0.08911083],
       [0.91985293, 0.1966148 , 0.69395019, 0.32921039, 0.1256303 ,
        0.97956306],
       [0.53582521, 0.5849466 , 0.98717717, 0.22060727, 0.25334958,
        0.84527241],
       [0.3242117 , 0.99174561, 0.95710795, 0.3290892 , 0.31124333,
        0.12495691]]), array([[0.34672565, 0.54015581, 0.03474979, 0.0193282 , 0.51253264,
        0.92024493],
       [0.90390292, 0.81005468, 0.33180035, 0.93213888, 0.78072197,
        0.25294863],
       [0.95149135, 0.98282609, 0.18789978, 0.4520749 , 0.06585362,
        0.85229291],
       [0.2072201 , 0.46780608, 0.2327712 , 0.58625373, 0.54335306,
        0.45254696],
       [0.11901342, 0.92013213, 0.65263475, 0.82982851, 0.30322518,
        0.10173022],
       [0.12191524, 0.05553064, 0.6202815 , 0.90169713, 0.15237767,
        0.41289109]]), array([[0.26552247, 0.70757211, 0.65404716, 0.61081882, 0.76583507,
        0.12973229],
       [0.61144906, 0.38408518, 0.10709096, 0.67824837, 0.88261186,
        0.46212619],
       [0.70829386, 0.16727924, 0.60680498, 0.55602831, 0.65322003,
        0.47944231],
       [0.21746232, 0.63145284, 0.72984739, 0.09515029, 0.88764386,
        0.37803844],
       [0.91193274, 0.87009554, 0.46102206, 0.97150968, 0.0783505 ,
        0.44550168],
       [0.75297233, 0.69188136, 0.35929462, 0.31339279, 0.09100351,
        0.92773445]]), array([[0.03593993, 0.01428729, 0.99141755, 0.09377524, 0.84707387,
        0.72467368],
       [0.90242492, 0.56576209, 0.80863816, 0.55126792, 0.08833376,
        0.80564746],
       [0.4945468 , 0.18255298, 0.51464452, 0.75481372, 0.68262009,
        0.12939153],
       [0.48921312, 0.17525466, 0.07619072, 0.00229682, 0.80845267,
        0.28276782],
       [0.13902216, 0.20088366, 0.12868822, 0.92843948, 0.65578526,
        0.05259955],
       [0.38320217, 0.49148926, 0.9597318 , 0.10299412, 0.77025713,
        0.67840022]]), array([[0.39204195, 0.07939929, 0.17929677, 0.50440854, 0.69688577,
        0.93932358],
       [0.90799253, 0.30018007, 0.73651855, 0.39151455, 0.66018556,
        0.31784967],
       [0.99352687, 0.27271995, 0.19221476, 0.95465221, 0.65813297,
        0.75846931],
       [0.18847153, 0.49075428, 0.15788705, 0.72659948, 0.11597006,
        0.26595233],
       [0.73713532, 0.83617865, 0.74649969, 0.33777466, 0.53483375,
        0.37387602],
       [0.95288509, 0.01122364, 0.37401286, 0.85911707, 0.80850852,
        0.97636172]]), array([[0.38823452, 0.20867237, 0.58385586, 0.4794888 , 0.16037908,
        0.27792609],
       [0.96368498, 0.15609549, 0.26268853, 0.23670593, 0.42241088,
        0.78661588],
       [0.51559479, 0.9566945 , 0.70499204, 0.71175563, 0.1014524 ,
        0.8392019 ],
       [0.62051302, 0.4059957 , 0.48762872, 0.03770346, 0.1365337 ,
        0.51102533],
       [0.66490606, 0.36092956, 0.38944562, 0.61240773, 0.64160606,
        0.95571153],
       [0.30324516, 0.63297812, 0.77597006, 0.61292326, 0.14015718,
        0.79028768]]), array([[0.56054552, 0.85225347, 0.83077291, 0.96852252, 0.4974367 ,
        0.06827141],
       [0.42514248, 0.01244533, 0.05681923, 0.92296855, 0.01660545,
        0.02896804],
       [0.72466136, 0.54455153, 0.07440308, 0.7506833 , 0.97693728,
        0.95331586],
       [0.58813493, 0.56905874, 0.5719123 , 0.51387092, 0.20966673,
        0.44880313],
       [0.36307211, 0.2370269 , 0.00907094, 0.27454777, 0.77669686,
        0.08936214],
       [0.18652233, 0.12730457, 0.0868341 , 0.57939404, 0.27374911,
        0.36735935]]), array([[0.61301951, 0.14079316, 0.01088821, 0.31074251, 0.24741144,
        0.37786314],
       [0.74908985, 0.87353291, 0.59961483, 0.8633217 , 0.26798293,
        0.18327817],
       [0.51237836, 0.51478094, 0.56413713, 0.53975508, 0.07245773,
        0.0571771 ],
       [0.14270291, 0.85196212, 0.366535  , 0.79420548, 0.18291165,
        0.80380289],
       [0.73453204, 0.99235149, 0.23125513, 0.88440939, 0.84276257,
        0.50924206],
       [0.7849816 , 0.59868048, 0.27101883, 0.22781448, 0.81126724,
        0.11377164]]), array([[0.2719739 , 0.1180967 , 0.62463803, 0.72103306, 0.39658156,
        0.15294718],
       [0.03119419, 0.18758131, 0.5199241 , 0.29017337, 0.26515306,
        0.67729062],
       [0.94502306, 0.58506082, 0.01267657, 0.78490324, 0.85821573,
        0.37364037],
       [0.85163044, 0.77554011, 0.30600758, 0.1824524 , 0.5676742 ,
        0.59703988],
       [0.21903889, 0.46685137, 0.070248  , 0.88604581, 0.93705828,
        0.81982996],
       [0.91380012, 0.68532629, 0.39205912, 0.47396246, 0.74233984,
        0.41771485]]), array([[0.2453837 , 0.63003668, 0.1075244 , 0.73759366, 0.74286172,
        0.80212297],
       [0.16512296, 0.86501174, 0.86713187, 0.77612917, 0.07177894,
        0.18520132],
       [0.2541397 , 0.14965924, 0.73946414, 0.52103336, 0.61789788,
        0.53021539],
       [0.78330979, 0.72697221, 0.61716994, 0.48720926, 0.01063711,
        0.41736229],
       [0.21945776, 0.14754398, 0.05570716, 0.37729613, 0.18958374,
        0.06835735],
       [0.74131566, 0.89165048, 0.13583892, 0.04145073, 0.41593977,
        0.53782343]]), array([[0.42427931, 0.1088475 , 0.17871508, 0.75572957, 0.67877378,
        0.73173956],
       [0.27592168, 0.16107493, 0.88369208, 0.67090475, 0.46185465,
        0.86469919],
       [0.22803565, 0.20641363, 0.1573104 , 0.76875817, 0.32055255,
        0.17627626],
       [0.22940293, 0.71307633, 0.48933573, 0.07273094, 0.80008128,
        0.70022628],
       [0.8676546 , 0.40319983, 0.61055946, 0.42577357, 0.97892278,
        0.72625571],
       [0.12130598, 0.86950722, 0.88815728, 0.54303983, 0.96044898,
        0.16294721]]), array([[0.17843767, 0.86193383, 0.19411143, 0.01195219, 0.35670606,
        0.62378549],
       [0.90331412, 0.72508404, 0.01682405, 0.37860543, 0.13616192,
        0.10835481],
       [0.94094204, 0.97520835, 0.46744888, 0.90787627, 0.65127577,
        0.29321055],
       [0.09447222, 0.46791789, 0.71370902, 0.53990001, 0.02138005,
        0.37654477],
       [0.64126964, 0.76090326, 0.44511247, 0.24756777, 0.96208049,
        0.65138602],
       [0.60375058, 0.64870881, 0.16084724, 0.79860418, 0.38113165,
        0.64571277]]), array([[0.74132085, 0.86322917, 0.54115198, 0.05780351, 0.16494105,
        0.1095429 ],
       [0.91203622, 0.373445  , 0.14729189, 0.17594733, 0.34538279,
        0.67464817],
       [0.26519079, 0.94027309, 0.64594623, 0.83359894, 0.2014742 ,
        0.00751059],
       [0.39536789, 0.36483182, 0.41873846, 0.87102865, 0.29530825,
        0.80781144],
       [0.4713504 , 0.79755648, 0.99382907, 0.64260318, 0.26169593,
        0.47104364],
       [0.28664913, 0.28227937, 0.97178059, 0.68757594, 0.57798144,
        0.39341127]]), array([[0.79102272, 0.02096466, 0.13972684, 0.97511135, 0.18809542,
        0.36699596],
       [0.45737576, 0.04685294, 0.50356653, 0.49343127, 0.67240035,
        0.13393465],
       [0.62880515, 0.67862003, 0.56108089, 0.47328312, 0.67737412,
        0.36585517],
       [0.87947768, 0.54566908, 0.92053342, 0.71531372, 0.98037006,
        0.06721483],
       [0.94420024, 0.32675034, 0.62333475, 0.09028925, 0.61840056,
        0.16607674],
       [0.47922377, 0.79216319, 0.31963689, 0.72300617, 0.57153734,
        0.66699699]]), array([[0.71284167, 0.2832907 , 0.48001687, 0.5973427 , 0.46492282,
        0.96900255],
       [0.35847012, 0.5921921 , 0.80888205, 0.19038301, 0.03954351,
        0.17361239],
       [0.45246445, 0.09893832, 0.60044567, 0.83101815, 0.55219004,
        0.89861584],
       [0.52684174, 0.47109023, 0.9079441 , 0.20863925, 0.35533982,
        0.29699137],
       [0.78482867, 0.35181742, 0.58055862, 0.06328416, 0.35821649,
        0.62255118],
       [0.65425078, 0.58600216, 0.38775575, 0.42558897, 0.85789769,
        0.78951718]]), array([[0.81284959, 0.91737791, 0.60536757, 0.43294957, 0.97878222,
        0.32679681],
       [0.53976529, 0.76289652, 0.61736276, 0.72798472, 0.42042874,
        0.22444773],
       [0.60084572, 0.17420796, 0.84710074, 0.71674489, 0.60936301,
        0.36253535],
       [0.70901704, 0.80834238, 0.32876607, 0.37832816, 0.62995067,
        0.47036719],
       [0.93926169, 0.84447489, 0.56092465, 0.55636999, 0.95529162,
        0.71882737],
       [0.57233246, 0.27776374, 0.57650818, 0.97097453, 0.26627223,
        0.81491621]]), array([[8.95435306e-01, 1.32976985e-01, 1.67294166e-01, 8.14755642e-01,
        3.87988957e-01, 1.84764355e-01],
       [7.23326761e-01, 4.47577062e-01, 1.05721358e-01, 1.80738437e-01,
        4.71010639e-01, 3.98773836e-01],
       [1.45870162e-02, 9.03890339e-01, 1.10591889e-01, 8.16943611e-01,
        2.25720451e-01, 8.32076625e-01],
       [9.53102669e-02, 1.96523771e-01, 7.50073169e-01, 9.28774284e-01,
        1.21618417e-01, 1.07973865e-01],
       [9.44231215e-01, 7.63174848e-01, 4.18109894e-01, 7.16754293e-01,
        6.25697765e-04, 2.56518917e-01],
       [6.73532630e-01, 5.68926345e-01, 3.31477433e-02, 1.13418723e-01,
        3.50348522e-01, 6.96870336e-02]]), array([[0.11326463, 0.64236729, 0.2756519 , 0.80879561, 0.56547385,
        0.83717601],
       [0.62891099, 0.01236194, 0.67117898, 0.61246845, 0.03226717,
        0.36109107],
       [0.72976939, 0.09765745, 0.3371959 , 0.48286878, 0.37826238,
        0.28651142],
       [0.72901893, 0.45845279, 0.82174362, 0.27582957, 0.11676792,
        0.82611136],
       [0.29316866, 0.49968647, 0.685661  , 0.31120982, 0.59874771,
        0.41882796],
       [0.42095429, 0.36901316, 0.49697177, 0.3761465 , 0.70604678,
        0.52602838]]), array([[0.80648097, 0.33515251, 0.17514788, 0.48139393, 0.06650793,
        0.94034344],
       [0.06691212, 0.80208044, 0.59765016, 0.49180856, 0.18452121,
        0.47332877],
       [0.88680235, 0.65610866, 0.26941355, 0.5703996 , 0.50451093,
        0.00133956],
       [0.66928167, 0.54564957, 0.13192046, 0.00123668, 0.11270293,
        0.82799999],
       [0.90915555, 0.8781459 , 0.70194866, 0.24082526, 0.68603364,
        0.23665003],
       [0.2255375 , 0.63895756, 0.6251388 , 0.26780735, 0.10873034,
        0.75664463]]), array([[0.61716162, 0.05357211, 0.4010963 , 0.5673329 , 0.62663724,
        0.87875797],
       [0.09315104, 0.52488289, 0.16956224, 0.91095087, 0.25938539,
        0.08380645],
       [0.5998766 , 0.94513295, 0.49567785, 0.39409917, 0.0012532 ,
        0.79494598],
       [0.68832617, 0.90189274, 0.06162901, 0.65290578, 0.42894672,
        0.41053425],
       [0.61773295, 0.64641316, 0.53380297, 0.2584735 , 0.61648838,
        0.04466073],
       [0.32951996, 0.49165717, 0.77375769, 0.8147123 , 0.15247271,
        0.91394477]]), array([[0.7854982 , 0.09779451, 0.57581637, 0.05522066, 0.02506757,
        0.41174732],
       [0.4339071 , 0.93086123, 0.79862368, 0.61725261, 0.85381398,
        0.54411747],
       [0.97581283, 0.77881505, 0.12359572, 0.11895455, 0.19269125,
        0.34938039],
       [0.08056256, 0.10287775, 0.63452834, 0.15944037, 0.50597146,
        0.27315275],
       [0.35161457, 0.96783318, 0.94170517, 0.5629582 , 0.14151335,
        0.83013297],
       [0.587726  , 0.19135656, 0.05013424, 0.81462893, 0.61925642,
        0.86214439]]), array([[0.2838421 , 0.79723463, 0.78157472, 0.43675551, 0.85474019,
        0.98672604],
       [0.48363255, 0.68971132, 0.29050916, 0.43102135, 0.98850216,
        0.43818892],
       [0.66590701, 0.20340281, 0.17312236, 0.7587034 , 0.0097314 ,
        0.67895577],
       [0.17326328, 0.59999716, 0.18604002, 0.57049891, 0.87043239,
        0.30048117],
       [0.29870712, 0.58429534, 0.3215163 , 0.18623023, 0.08337804,
        0.32107789],
       [0.13639694, 0.88859154, 0.84851719, 0.33809796, 0.52586554,
        0.23193321]]), array([[0.64047127, 0.99026482, 0.32795176, 0.55559565, 0.0751822 ,
        0.81174696],
       [0.44465932, 0.61629589, 0.46292689, 0.2066633 , 0.93639202,
        0.22601862],
       [0.32363327, 0.76517546, 0.94101215, 0.69291638, 0.12024246,
        0.24745747],
       [0.79083235, 0.42072879, 0.20073999, 0.00523647, 0.86442262,
        0.10163838],
       [0.27616687, 0.19941845, 0.68222221, 0.60941797, 0.94006796,
        0.35653213],
       [0.6960454 , 0.69467591, 0.99370977, 0.60301408, 0.85028738,
        0.39021418]]), array([[0.90775073, 0.44978917, 0.873581  , 0.08863134, 0.60510909,
        0.77783178],
       [0.6758615 , 0.18243713, 0.10912581, 0.45582524, 0.82841054,
        0.32234761],
       [0.84078547, 0.54109336, 0.99407488, 0.80981028, 0.49046786,
        0.51787286],
       [0.36855061, 0.29478272, 0.61702077, 0.85815054, 0.64464315,
        0.64340433],
       [0.15458133, 0.34125895, 0.26093492, 0.64997888, 0.18324927,
        0.97566592],
       [0.10360338, 0.10025837, 0.44320804, 0.59947716, 0.64131868,
        0.34672586]]), array([[0.2648088 , 0.52905623, 0.45588478, 0.92452456, 0.04964458,
        0.56320786],
       [0.99922201, 0.66747441, 0.68061168, 0.39005333, 0.23761292,
        0.02588772],
       [0.38709725, 0.29422854, 0.5393506 , 0.38412794, 0.62090622,
        0.25093433],
       [0.5186398 , 0.33993432, 0.22572764, 0.19238521, 0.34858103,
        0.41742358],
       [0.20406271, 0.9108679 , 0.71257976, 0.47310846, 0.83091185,
        0.64843505],
       [0.71575535, 0.1914805 , 0.13411376, 0.79614173, 0.86790979,
        0.12875842]]), array([[0.15087472, 0.94829959, 0.11987835, 0.96550947, 0.09238311,
        0.88722798],
       [0.58094987, 0.02654867, 0.62376006, 0.88967375, 0.61642313,
        0.89356679],
       [0.51230134, 0.83503788, 0.59299863, 0.7634936 , 0.73709709,
        0.34373366],
       [0.19484074, 0.12978036, 0.10282298, 0.97300269, 0.60534082,
        0.8683483 ],
       [0.18165515, 0.01219214, 0.51815493, 0.98151192, 0.95737055,
        0.30188165],
       [0.91394958, 0.41915251, 0.69967298, 0.04544672, 0.19681858,
        0.31642886]]), array([[0.72886497, 0.11838314, 0.88174568, 0.58922772, 0.88322162,
        0.89560583],
       [0.01609904, 0.90528296, 0.34658045, 0.7213765 , 0.02877015,
        0.06573109],
       [0.69596078, 0.97068954, 0.85674165, 0.33770891, 0.81732743,
        0.73499646],
       [0.5401177 , 0.09452377, 0.3377598 , 0.82375055, 0.13491643,
        0.10502476],
       [0.5868289 , 0.14209775, 0.66207335, 0.10461518, 0.19650606,
        0.47860093],
       [0.71136071, 0.57947294, 0.59076354, 0.06650867, 0.27466673,
        0.06565672]]), array([[0.84445496, 0.47857048, 0.40719543, 0.09663922, 0.82732663,
        0.53463123],
       [0.9900293 , 0.23780081, 0.73219208, 0.30250422, 0.65390165,
        0.59512976],
       [0.12195831, 0.75332027, 0.95727685, 0.72529678, 0.60953973,
        0.20826321],
       [0.93632486, 0.89102332, 0.78487461, 0.81660318, 0.63587825,
        0.39531576],
       [0.01030497, 0.56442412, 0.61433994, 0.76945971, 0.0042563 ,
        0.1537512 ],
       [0.89253181, 0.48774745, 0.6062315 , 0.02787795, 0.77598484,
        0.9882248 ]]), array([[0.75359928, 0.86513898, 0.83458289, 0.3006317 , 0.65236147,
        0.60629518],
       [0.47971819, 0.7364219 , 0.10544465, 0.51808054, 0.46419193,
        0.63330311],
       [0.14301134, 0.63737895, 0.75938205, 0.9303094 , 0.12328868,
        0.59419197],
       [0.29175567, 0.07101626, 0.77049314, 0.99031477, 0.09407436,
        0.10628294],
       [0.63999715, 0.49123754, 0.66233199, 0.98773221, 0.52353747,
        0.52017412],
       [0.94325326, 0.00279266, 0.08684251, 0.87279162, 0.15249471,
        0.68764362]]), array([[0.84863032, 0.62949958, 0.31229928, 0.67547152, 0.66876333,
        0.08082823],
       [0.31934804, 0.77546742, 0.49829874, 0.51925302, 0.60262518,
        0.5506794 ],
       [0.89766137, 0.19762467, 0.55438951, 0.28366777, 0.49179163,
        0.93851169],
       [0.02805904, 0.65306774, 0.64751321, 0.08619332, 0.70548321,
        0.03864167],
       [0.65046164, 0.78616717, 0.7645036 , 0.49831746, 0.94031909,
        0.92434752],
       [0.33422651, 0.04158994, 0.73794452, 0.84199605, 0.42503561,
        0.96950651]]), array([[0.67146922, 0.56722107, 0.52137578, 0.58787457, 0.7370909 ,
        0.04453101],
       [0.75680852, 0.55610659, 0.46985404, 0.14378289, 0.33275513,
        0.39505546],
       [0.22868186, 0.11663526, 0.81952396, 0.76492308, 0.1579599 ,
        0.49154295],
       [0.46505051, 0.88738867, 0.1845588 , 0.13172007, 0.1966628 ,
        0.57670943],
       [0.06532848, 0.00750284, 0.20179256, 0.20361089, 0.07262819,
        0.08241225],
       [0.74309351, 0.10300552, 0.1222039 , 0.11729681, 0.25395464,
        0.91934253]]), array([[0.4946703 , 0.07521763, 0.61709748, 0.8818238 , 0.51179531,
        0.65058051],
       [0.12959414, 0.65677347, 0.74606367, 0.21416306, 0.71777675,
        0.2545601 ],
       [0.5555555 , 0.59527204, 0.79187324, 0.49809118, 0.85603931,
        0.18715647],
       [0.67068734, 0.83428272, 0.39093284, 0.01261783, 0.58866393,
        0.48261212],
       [0.74687993, 0.01773187, 0.79450506, 0.36520769, 0.63252613,
        0.05647402],
       [0.10346995, 0.9510875 , 0.58189328, 0.22498497, 0.82795631,
        0.82026869]]), array([[0.51454301, 0.84243488, 0.88453039, 0.42833723, 0.81578887,
        0.80629717],
       [0.25437679, 0.5230469 , 0.00504207, 0.16192081, 0.9721063 ,
        0.71113764],
       [0.89951151, 0.55522955, 0.1250757 , 0.31417455, 0.79435846,
        0.2379013 ],
       [0.56253551, 0.84558294, 0.61564907, 0.11123596, 0.9449484 ,
        0.45481597],
       [0.32513961, 0.24148445, 0.63095271, 0.66125656, 0.02137391,
        0.87703995],
       [0.67464032, 0.235504  , 0.85860612, 0.36487042, 0.00745551,
        0.3927348 ]]), array([[0.4950599 , 0.17670636, 0.31634712, 0.11631144, 0.81641627,
        0.02095929],
       [0.70388353, 0.71415055, 0.40464941, 0.92106451, 0.77892812,
        0.41777067],
       [0.46456014, 0.25483399, 0.0020744 , 0.86723953, 0.98049381,
        0.40878359],
       [0.66500064, 0.78083883, 0.6282564 , 0.8677184 , 0.07753107,
        0.29828653],
       [0.63536547, 0.608409  , 0.2248529 , 0.1762371 , 0.32010341,
        0.57382041],
       [0.93628767, 0.68215371, 0.21089692, 0.47194098, 0.57593192,
        0.09820196]]), array([[0.59164124, 0.70921235, 0.61361384, 0.81068935, 0.08733564,
        0.88739475],
       [0.84279608, 0.26976501, 0.04679246, 0.19107203, 0.52792458,
        0.2997953 ],
       [0.02818413, 0.20134507, 0.18540439, 0.72504915, 0.79574469,
        0.1329017 ],
       [0.13407702, 0.31107272, 0.68817195, 0.73948733, 0.3637517 ,
        0.05612768],
       [0.99248267, 0.87798389, 0.40753369, 0.93995026, 0.92902422,
        0.80290471],
       [0.37080095, 0.47378612, 0.03174981, 0.06249219, 0.23373135,
        0.25515938]]), array([[0.02104121, 0.86276361, 0.61159578, 0.73129115, 0.12221951,
        0.25697894],
       [0.05373633, 0.08016049, 0.38186124, 0.39056293, 0.91439169,
        0.48466211],
       [0.70174547, 0.29885586, 0.81271   , 0.13976065, 0.54477817,
        0.39752288],
       [0.61366357, 0.33011502, 0.71569237, 0.85925319, 0.10796307,
        0.53105545],
       [0.98269306, 0.97613502, 0.24400758, 0.35663143, 0.83064483,
        0.60906733],
       [0.10821805, 0.75860227, 0.13409045, 0.46379742, 0.04849256,
        0.14142412]]), array([[0.52449806, 0.10733466, 0.18419775, 0.01667477, 0.0325464 ,
        0.1750482 ],
       [0.4858019 , 0.86312695, 0.14558622, 0.42928368, 0.47986971,
        0.72920508],
       [0.16216539, 0.02162228, 0.58774574, 0.64985608, 0.1796636 ,
        0.50826344],
       [0.58371308, 0.09139651, 0.42789789, 0.53608884, 0.58890079,
        0.1657339 ],
       [0.90519573, 0.10167748, 0.81902319, 0.53204552, 0.11019112,
        0.79369237],
       [0.79545431, 0.80207057, 0.58350325, 0.78086983, 0.97331401,
        0.66956788]]), array([[0.09924144, 0.11355189, 0.80834512, 0.4466798 , 0.69136279,
        0.8268075 ],
       [0.90113674, 0.47365815, 0.96709723, 0.57601639, 0.74193313,
        0.01357631],
       [0.53660313, 0.83079844, 0.51022442, 0.15194085, 0.71284432,
        0.89579938],
       [0.66870855, 0.36862654, 0.03538019, 0.4222889 , 0.65110978,
        0.95360209],
       [0.98882921, 0.07927693, 0.36867169, 0.91601472, 0.52809795,
        0.05215405],
       [0.79404947, 0.3660581 , 0.11716658, 0.68422691, 0.06735872,
        0.97304651]]), array([[3.82574203e-02, 6.69427015e-01, 9.16300205e-01, 2.23251679e-01,
        1.64443296e-01, 6.75539671e-01],
       [6.68443116e-01, 8.86020765e-01, 3.05162571e-01, 2.13882891e-02,
        5.88854719e-01, 8.18807990e-01],
       [1.30460048e-01, 8.32001734e-01, 5.62392363e-01, 5.14539014e-01,
        6.88705404e-01, 4.07224242e-01],
       [7.16157051e-02, 4.27602477e-01, 8.76633744e-04, 6.79209061e-01,
        9.60816670e-01, 4.04177871e-01],
       [7.20617184e-01, 6.12681871e-02, 1.10659919e-01, 6.03948663e-01,
        5.05908904e-01, 1.19774035e-01],
       [1.87549022e-01, 7.39878020e-01, 6.41220553e-01, 9.43387895e-01,
        9.51816156e-01, 2.80754458e-01]]), array([[0.31368507, 0.25352116, 0.92612711, 0.80476334, 0.04437822,
        0.80273968],
       [0.66387881, 0.66863335, 0.90271359, 0.94682181, 0.07171539,
        0.22432494],
       [0.95843797, 0.99330913, 0.29304481, 0.87334027, 0.88553738,
        0.13350314],
       [0.84778818, 0.2164122 , 0.05445041, 0.48686563, 0.03978017,
        0.3356375 ],
       [0.95144293, 0.50708086, 0.80366979, 0.37217041, 0.60282448,
        0.88244701],
       [0.83197599, 0.71966558, 0.75759534, 0.59582614, 0.24058041,
        0.38776161]]), array([[0.37431516, 0.93684906, 0.26026873, 0.42857163, 0.48475593,
        0.58765493],
       [0.6043341 , 0.32199337, 0.37909855, 0.25227728, 0.84097525,
        0.74503385],
       [0.77587343, 0.17903877, 0.74807212, 0.51556926, 0.48423137,
        0.16117652],
       [0.29164936, 0.90240976, 0.80228472, 0.26284928, 0.54478539,
        0.07356087],
       [0.57391654, 0.74813018, 0.55164598, 0.11742794, 0.21350233,
        0.96707745],
       [0.60619963, 0.46008996, 0.0862889 , 0.5415332 , 0.95540651,
        0.53324776]]), array([[0.98614022, 0.60328274, 0.5731669 , 0.93021196, 0.03551226,
        0.56873078],
       [0.9942067 , 0.44108687, 0.25590134, 0.64303471, 0.34815119,
        0.81313704],
       [0.1354738 , 0.61643932, 0.41906549, 0.32566778, 0.76222962,
        0.97147112],
       [0.53057065, 0.06423208, 0.91635893, 0.62130508, 0.3883919 ,
        0.443669  ],
       [0.56830617, 0.26378399, 0.42777411, 0.13337868, 0.76532683,
        0.01912714],
       [0.91486241, 0.29345177, 0.14735261, 0.55830636, 0.09326632,
        0.89194282]]), array([[1.14230142e-01, 3.93997048e-01, 4.83357701e-01, 5.80272700e-01,
        5.03650122e-01, 1.46079076e-02],
       [6.13723276e-01, 4.58202685e-01, 7.74732946e-01, 2.32659774e-01,
        4.04031664e-02, 1.59681158e-01],
       [5.47521364e-01, 9.33649558e-01, 2.21340162e-01, 7.10479905e-01,
        9.32720267e-02, 9.39108775e-01],
       [6.46173335e-01, 8.30717919e-01, 8.98670214e-01, 9.84886737e-02,
        5.44750645e-01, 8.96358646e-01],
       [8.16804249e-02, 1.49239995e-01, 1.04173004e-01, 9.14764449e-01,
        9.87022820e-02, 7.06523261e-01],
       [4.70552230e-02, 3.37826294e-01, 3.58904146e-04, 9.42578047e-01,
        4.95729133e-01, 1.63546024e-01]]), array([[0.565776  , 0.20419851, 0.88943454, 0.37536938, 0.71943588,
        0.68916738],
       [0.35068062, 0.16715907, 0.82676483, 0.77689296, 0.05962228,
        0.15861931],
       [0.12518606, 0.26379889, 0.66361309, 0.2061605 , 0.05189691,
        0.26645779],
       [0.53802482, 0.38459892, 0.23965447, 0.12769897, 0.72674443,
        0.19948943],
       [0.3803035 , 0.17048208, 0.54232009, 0.83983808, 0.67036006,
        0.24015607],
       [0.94744588, 0.60794959, 0.37008619, 0.98456579, 0.26168109,
        0.78181666]]), array([[0.48877759, 0.04866255, 0.74439491, 0.5273662 , 0.56381583,
        0.67610438],
       [0.92997043, 0.49930538, 0.49483713, 0.67307186, 0.14508848,
        0.43878059],
       [0.50867777, 0.12929488, 0.00966377, 0.85155059, 0.90188364,
        0.56117113],
       [0.34086247, 0.14429873, 0.58540979, 0.50162799, 0.90507436,
        0.8805097 ],
       [0.59627519, 0.89395342, 0.66940844, 0.81498449, 0.74185637,
        0.21788886],
       [0.53917945, 0.30199061, 0.9407504 , 0.96019586, 0.45862867,
        0.4678643 ]]), array([[0.95632875, 0.60821558, 0.34805389, 0.50059581, 0.31002939,
        0.17541578],
       [0.17263973, 0.33160907, 0.53554168, 0.70954646, 0.39816844,
        0.06497666],
       [0.10438873, 0.83856081, 0.78110428, 0.18828996, 0.81833445,
        0.06666383],
       [0.81495348, 0.95942254, 0.7139402 , 0.83599629, 0.15945587,
        0.4930201 ],
       [0.27102108, 0.90325861, 0.56834106, 0.81923581, 0.72455024,
        0.45053875],
       [0.29528927, 0.32737242, 0.6718337 , 0.59021603, 0.6299537 ,
        0.13821598]]), array([[0.84760137, 0.70496669, 0.10975296, 0.36612911, 0.03640633,
        0.62557443],
       [0.40306402, 0.11529102, 0.52822235, 0.95501314, 0.21709998,
        0.1252398 ],
       [0.92443722, 0.98476662, 0.15223945, 0.69369564, 0.02516826,
        0.33021474],
       [0.8311244 , 0.61546858, 0.84675567, 0.96496983, 0.90442815,
        0.51770007],
       [0.54738049, 0.40466034, 0.89087438, 0.20013567, 0.55164196,
        0.30619305],
       [0.30423931, 0.85482083, 0.66939616, 0.18554699, 0.8300067 ,
        0.19872245]]), array([[0.37404664, 0.71551617, 0.38629031, 0.17439978, 0.69456326,
        0.35890187],
       [0.33056663, 0.71595877, 0.57019751, 0.36503148, 0.37343574,
        0.35129553],
       [0.88743958, 0.60066812, 0.64478259, 0.52243194, 0.57322056,
        0.60512929],
       [0.24682801, 0.26649673, 0.3601527 , 0.56876934, 0.2946017 ,
        0.20488872],
       [0.53777713, 0.65129911, 0.26205908, 0.92890004, 0.59680519,
        0.36804877],
       [0.73073297, 0.40842087, 0.49536846, 0.04986158, 0.35563778,
        0.88072613]]), array([[0.98618821, 0.65099803, 0.1838338 , 0.39177645, 0.86317079,
        0.6463352 ],
       [0.8456069 , 0.67252547, 0.09360952, 0.64748209, 0.13596273,
        0.60861205],
       [0.47770185, 0.93250892, 0.10413319, 0.82490376, 0.35292961,
        0.72330438],
       [0.98003992, 0.2317777 , 0.21795419, 0.63215621, 0.45777717,
        0.07549089],
       [0.82652786, 0.31576759, 0.84971146, 0.07626988, 0.0022827 ,
        0.96025143],
       [0.11601101, 0.77085662, 0.86165667, 0.09279373, 0.122322  ,
        0.09277182]]), array([[0.32323961, 0.95839428, 0.6491946 , 0.22111296, 0.07064148,
        0.18786241],
       [0.20232865, 0.69284919, 0.53565839, 0.69508142, 0.56990053,
        0.64342353],
       [0.62137766, 0.11471842, 0.43252301, 0.0126753 , 0.55559941,
        0.50183851],
       [0.55833894, 0.8632705 , 0.92500315, 0.31245448, 0.52331353,
        0.00290188],
       [0.08958647, 0.0432677 , 0.88784019, 0.0764736 , 0.35594991,
        0.2928102 ],
       [0.13955044, 0.97788393, 0.18720363, 0.21013446, 0.14503886,
        0.79606926]]), array([[0.96652053, 0.96085168, 0.20710082, 0.57779116, 0.57072212,
        0.99333272],
       [0.3927397 , 0.46438681, 0.18608668, 0.02577207, 0.22588832,
        0.37330677],
       [0.84023561, 0.21606242, 0.14850049, 0.67139216, 0.08559657,
        0.14891538],
       [0.76689881, 0.25396981, 0.04912927, 0.77054637, 0.45566105,
        0.77562923],
       [0.43135113, 0.4408531 , 0.01817785, 0.74664925, 0.7841477 ,
        0.73438612],
       [0.6773443 , 0.03602651, 0.33310652, 0.28614582, 0.46548856,
        0.43100057]]), array([[0.32074606, 0.35073093, 0.26854092, 0.78440961, 0.49981179,
        0.89862251],
       [0.85780127, 0.52903122, 0.19995129, 0.19552061, 0.20313781,
        0.61839801],
       [0.31110408, 0.37398353, 0.00206585, 0.10347978, 0.46687034,
        0.26678928],
       [0.71452641, 0.09693918, 0.32740395, 0.93286359, 0.59185259,
        0.55690471],
       [0.12064483, 0.90652263, 0.97150139, 0.87575371, 0.69940481,
        0.50532516],
       [0.56225075, 0.15375895, 0.09273815, 0.69303597, 0.82914668,
        0.39434737]]), array([[0.09751372, 0.45087331, 0.07585372, 0.62359189, 0.15506536,
        0.43916196],
       [0.37359856, 0.80071223, 0.7238144 , 0.50912218, 0.15496105,
        0.59471612],
       [0.02913439, 0.65751795, 0.81821745, 0.4789406 , 0.23526051,
        0.97255142],
       [0.3580084 , 0.54923563, 0.1545362 , 0.88200083, 0.1836249 ,
        0.88889793],
       [0.17076061, 0.84226515, 0.64522945, 0.13952744, 0.56970017,
        0.35918746],
       [0.15513218, 0.67998604, 0.54926101, 0.74510999, 0.89063573,
        0.89307581]]), array([[0.81096834, 0.2337074 , 0.84119677, 0.85885947, 0.57069667,
        0.41120116],
       [0.66600401, 0.05735057, 0.46785144, 0.33340298, 0.9753499 ,
        0.18984569],
       [0.24653197, 0.81165634, 0.77331388, 0.2159145 , 0.86110886,
        0.20596546],
       [0.29177477, 0.43286657, 0.93574373, 0.3913816 , 0.73432356,
        0.16573573],
       [0.99863761, 0.15787496, 0.30249467, 0.61271822, 0.88466465,
        0.63394921],
       [0.17747566, 0.84877644, 0.91514595, 0.96477457, 0.24413616,
        0.2952593 ]]), array([[0.66847841, 0.25181482, 0.74631342, 0.80438876, 0.10290351,
        0.55107022],
       [0.18326999, 0.98574918, 0.77178192, 0.33024374, 0.57622483,
        0.33666654],
       [0.18752357, 0.99534054, 0.04850395, 0.2802451 , 0.23736403,
        0.59973924],
       [0.86958364, 0.61841967, 0.47504773, 0.52141965, 0.02036616,
        0.44086843],
       [0.57716707, 0.43828105, 0.43279169, 0.50574498, 0.65003105,
        0.89995479],
       [0.67079363, 0.30702798, 0.21791461, 0.76829223, 0.11225674,
        0.09939673]]), array([[0.15831995, 0.59316187, 0.66065814, 0.95501906, 0.10712197,
        0.59950549],
       [0.61250974, 0.19839932, 0.34166518, 0.98136187, 0.83206103,
        0.6011802 ],
       [0.69306498, 0.96589932, 0.08194159, 0.44151684, 0.27603644,
        0.14340322],
       [0.71919035, 0.64284841, 0.36092379, 0.58760229, 0.18383474,
        0.41510837],
       [0.81937424, 0.02213907, 0.16275204, 0.06668128, 0.75843865,
        0.92650728],
       [0.80134626, 0.02282628, 0.07116677, 0.13205795, 0.99639522,
        0.46174089]]), array([[0.3631369 , 0.81994153, 0.39646577, 0.23824076, 0.76238362,
        0.45575375],
       [0.96569   , 0.67170159, 0.83719302, 0.95638148, 0.96621843,
        0.14268396],
       [0.26061149, 0.39728142, 0.54959028, 0.74414086, 0.11531395,
        0.50138246],
       [0.87585978, 0.25363363, 0.19532574, 0.98812926, 0.11482318,
        0.09859255],
       [0.79414773, 0.44942245, 0.90873363, 0.99378551, 0.8084675 ,
        0.44760767],
       [0.17209768, 0.99607958, 0.38945747, 0.42215938, 0.53803525,
        0.85301212]]), array([[0.39331415, 0.09248749, 0.13617964, 0.88784066, 0.52560363,
        0.49367226],
       [0.94722627, 0.40142472, 0.97180432, 0.12130276, 0.59159428,
        0.71989248],
       [0.58370134, 0.58249028, 0.07342911, 0.79117568, 0.9866515 ,
        0.93635085],
       [0.03201178, 0.87300649, 0.95478824, 0.85253379, 0.95041269,
        0.8788463 ],
       [0.87170062, 0.98889851, 0.72785222, 0.04312447, 0.36329564,
        0.32520507],
       [0.53237516, 0.8401222 , 0.55985476, 0.84287867, 0.60285184,
        0.19674324]]), array([[0.41213986, 0.35870122, 0.46172213, 0.61719496, 0.49003236,
        0.4190783 ],
       [0.38147321, 0.38607642, 0.43503635, 0.81871886, 0.4370208 ,
        0.09383105],
       [0.79140841, 0.14672466, 0.0623858 , 0.91762364, 0.41095589,
        0.10378843],
       [0.95400883, 0.43978858, 0.65432551, 0.90817167, 0.52153298,
        0.11179037],
       [0.06083856, 0.36945996, 0.16435058, 0.20659021, 0.09623111,
        0.13913249],
       [0.36160978, 0.98051127, 0.1298913 , 0.08020618, 0.10472422,
        0.25460983]]), array([[0.78780993, 0.23595164, 0.08154808, 0.71822854, 0.24167032,
        0.4497985 ],
       [0.11960326, 0.4952867 , 0.36648921, 0.83203426, 0.9647676 ,
        0.75793596],
       [0.24966156, 0.35822699, 0.18950088, 0.23932394, 0.71168909,
        0.32471034],
       [0.67127611, 0.09909344, 0.63785403, 0.87432746, 0.38582011,
        0.1776944 ],
       [0.27940584, 0.17222067, 0.26695534, 0.37802505, 0.41001495,
        0.58830407],
       [0.66246059, 0.04637162, 0.84072615, 0.50109107, 0.9143587 ,
        0.65928212]]), array([[0.58614616, 0.26776522, 0.48931845, 0.36724807, 0.64784632,
        0.71624923],
       [0.84970525, 0.09359085, 0.34907854, 0.96615664, 0.91069663,
        0.37976314],
       [0.95655139, 0.15598533, 0.23972379, 0.83290319, 0.45889362,
        0.26749055],
       [0.30523322, 0.88523467, 0.78308439, 0.98661628, 0.95934212,
        0.10453434],
       [0.98443838, 0.18962398, 0.39862186, 0.63264221, 0.54986113,
        0.07339552],
       [0.42102298, 0.08337199, 0.75403813, 0.55060827, 0.45131964,
        0.29220793]]), array([[0.85430447, 0.20538528, 0.45602156, 0.22808343, 0.65512575,
        0.12023426],
       [0.65306443, 0.37997253, 0.32739678, 0.95868785, 0.90391836,
        0.61258662],
       [0.18180582, 0.63630409, 0.85666178, 0.66673499, 0.70436069,
        0.10920573],
       [0.58343745, 0.00497809, 0.06970933, 0.83398163, 0.46600268,
        0.14866912],
       [0.152676  , 0.01264637, 0.75853144, 0.36435269, 0.18274499,
        0.72101084],
       [0.49606945, 0.87781057, 0.60644374, 0.90810874, 0.08554937,
        0.52004358]]), array([[0.05491096, 0.99303199, 0.0503532 , 0.03573386, 0.98662468,
        0.54997407],
       [0.42697011, 0.61267096, 0.12820927, 0.04007761, 0.00342223,
        0.87689312],
       [0.44783546, 0.23146792, 0.63591918, 0.61519268, 0.45107649,
        0.56048097],
       [0.75359313, 0.76884976, 0.21391588, 0.86747864, 0.98221604,
        0.64497121],
       [0.57026218, 0.91974833, 0.68771666, 0.74777622, 0.56674443,
        0.84376759],
       [0.97756438, 0.40517659, 0.35818915, 0.18773775, 0.75624507,
        0.52865426]]), array([[0.57118212, 0.12457861, 0.60109046, 0.46138714, 0.24852259,
        0.97224156],
       [0.55060254, 0.1890958 , 0.68114208, 0.28778032, 0.22572729,
        0.51345595],
       [0.94319801, 0.82162167, 0.42702375, 0.71147014, 0.03895264,
        0.42231271],
       [0.81099346, 0.23059732, 0.95721302, 0.31082404, 0.55982024,
        0.82371982],
       [0.79760849, 0.09975669, 0.65665814, 0.48089421, 0.91385409,
        0.15342207],
       [0.3234591 , 0.65001378, 0.30712773, 0.17726094, 0.82158572,
        0.35317587]]), array([[0.22068539, 0.55180429, 0.38438302, 0.44569496, 0.65943682,
        0.94214198],
       [0.49858357, 0.18714215, 0.42194694, 0.09044157, 0.76031323,
        0.23400267],
       [0.89208243, 0.79382505, 0.22165917, 0.02039031, 0.77914924,
        0.9488178 ],
       [0.82428851, 0.86462752, 0.96525083, 0.70013013, 0.3107864 ,
        0.63745188],
       [0.07394564, 0.73891148, 0.91555408, 0.5864804 , 0.79620902,
        0.96494118],
       [0.72326669, 0.55899421, 0.28995375, 0.78700763, 0.50624899,
        0.85820063]]), array([[0.18404991, 0.547602  , 0.04391853, 0.14528289, 0.66015307,
        0.46013789],
       [0.49701277, 0.50091369, 0.04150734, 0.09685071, 0.6283622 ,
        0.06509384],
       [0.87905426, 0.38405818, 0.83745707, 0.89863273, 0.58135435,
        0.1901056 ],
       [0.3709905 , 0.99536856, 0.73437611, 0.5835902 , 0.7219016 ,
        0.14609241],
       [0.21976315, 0.8951025 , 0.23539742, 0.30320956, 0.60513229,
        0.99676635],
       [0.00312883, 0.82635446, 0.83624857, 0.43266893, 0.2796893 ,
        0.15952243]]), array([[0.03624404, 0.87524198, 0.48742624, 0.1182912 , 0.13216313,
        0.26640907],
       [0.46039214, 0.66009977, 0.48100101, 0.90784317, 0.00636949,
        0.60557644],
       [0.24369425, 0.61659927, 0.06935483, 0.56551558, 0.71637877,
        0.50302365],
       [0.46566192, 0.94124081, 0.49346386, 0.3058759 , 0.40764232,
        0.15772165],
       [0.52323797, 0.87086393, 0.0611602 , 0.69770155, 0.39551029,
        0.52184854],
       [0.75998782, 0.65276282, 0.42459564, 0.55874043, 0.27952892,
        0.35611375]]), array([[0.32508348, 0.07133007, 0.07640317, 0.72417318, 0.37675796,
        0.03436397],
       [0.22998494, 0.50446002, 0.73632885, 0.67973366, 0.29869157,
        0.49611778],
       [0.00504303, 0.06577096, 0.26552984, 0.48285497, 0.56628804,
        0.09226093],
       [0.62111083, 0.66279234, 0.03137096, 0.03470042, 0.26364912,
        0.91588488],
       [0.19185543, 0.09025264, 0.64035851, 0.54423826, 0.02426817,
        0.91566741],
       [0.56286652, 0.99730453, 0.76851838, 0.21239639, 0.62772141,
        0.63319641]]), array([[0.03966724, 0.49919082, 0.80597648, 0.44347406, 0.22584581,
        0.05130226],
       [0.18097   , 0.771801  , 0.08060079, 0.05695645, 0.18113764,
        0.44420546],
       [0.91447503, 0.80322157, 0.09946689, 0.18371599, 0.53007725,
        0.63290519],
       [0.13367963, 0.07988627, 0.19630895, 0.0773155 , 0.4667841 ,
        0.04230041],
       [0.93282078, 0.97091422, 0.39435296, 0.87897051, 0.44580936,
        0.93398409],
       [0.62113263, 0.67285778, 0.36607596, 0.16627261, 0.72224632,
        0.00392299]]), array([[-0.05841279,  0.49557436,  0.10293215,  0.51962538,  0.32794316,
         0.89059461],
       [ 0.44554935,  0.29823113,  0.92590206,  0.27879657,  0.10124715,
         0.09548824],
       [-0.07705321, -0.04215804, -0.113943  ,  0.79736039, -0.00453604,
         0.76829215],
       [ 0.28240724,  0.53460775,  0.50828061,  0.12593949,  0.65134678,
         0.56600041],
       [ 0.42021539,  0.46722825,  0.78303019,  0.11480005,  0.52254887,
        -0.07778384],
       [ 0.43921098,  0.16567512,  0.44596984,  0.24960172,  0.38871459,
         0.26324922]]), array([[-0.60193371, -0.56546202, -0.26325869, -0.37465105, -0.22203306,
        -0.88340938],
       [ 0.87501381,  0.57249886,  0.34030364,  0.27967965,  0.53502827,
         0.42194538],
       [-0.37520868, -0.24813978, -0.54576113, -0.70972297, -0.12278033,
        -0.61088695],
       [ 0.77285846,  0.75019581,  0.55439572,  0.83778272,  1.08859192,
         0.29463044],
       [ 0.32482013,  0.82674648,  0.20265068,  0.95698747,  0.18152913,
         0.93213547],
       [-0.17330178, -0.37362389, -0.1311289 , -0.86363557, -0.67325109,
        -0.46514837]]), array([[ 0.15458916, -0.94628991, -0.30804437, -1.30831733, -0.64695474,
         0.02666968],
       [-0.07117283, -0.62856584,  0.07211283, -1.23994517, -1.04243638,
        -0.13561555],
       [-0.14991956, -0.55667571,  0.53631214, -1.23836435, -1.17467063,
        -0.15271818],
       [-0.13584728, -0.79048474, -0.14195497, -1.39753656, -0.6528274 ,
        -0.39313087],
       [-0.39617362, -0.86732908, -0.24973082, -1.18009671, -0.80820835,
        -0.03040823],
       [ 0.08099168, -0.60164823, -0.50532865, -1.29528525, -0.96723381,
         0.09050345]]), array([[-1.67293322, -1.69202345, -1.72815762, -1.66064129, -1.66486161,
        -1.66331293]])] 
 0.5, 
 1e-19, 
 10000