error: 9.599823591638364e-10 
 weigths: [array([[ 0.71101531,  1.11626041,  0.18471657,  0.95558734,  0.54394961,
        -0.30392053],
       [-0.79442708, -0.57400904, -0.71552964, -0.23308683, -1.05857832,
         0.13112129],
       [-1.39762264, -3.54042021,  1.66101264, -1.00824114, -2.32231492,
         2.10531236],
       [-0.26138731, -0.4768796 , -0.60491962,  0.02064838, -0.26044015,
         0.40872931],
       [ 0.71641385,  1.12783079, -0.2665531 ,  0.79793091,  0.99611361,
        -0.18635493],
       [ 0.57688585,  1.28851291, -0.29530725,  1.45077268,  1.13972347,
        -0.82188809]]), array([[ 0.7503332 , -1.62046343, -7.63763888, -1.18545863,  0.50548296,
         1.16167876],
       [ 0.50007438, -1.3513671 , -5.22096546, -0.18160507,  0.60778305,
         0.05792806],
       [ 0.04368164, -1.19622375, -4.71074386, -0.88322822,  0.51499285,
         0.92305607],
       [-0.15504886, -0.21926984, -0.93535312,  0.36194254, -0.44300344,
         0.40117967],
       [-0.02681374,  1.39441193,  1.03951376,  0.89673257,  0.03471946,
        -0.00932502],
       [ 0.02395189, -0.84438758, -2.31772146, -0.34251913, -0.03876385,
         0.55549789]]), array([[ 2.26142645,  1.556111  ,  0.56217713, -0.33851596, -1.38601605,
         0.43334277],
       [-1.30679583, -0.74294114, -1.08513974, -0.2623867 ,  0.15600544,
        -0.26938221],
       [-1.70481731, -0.93635809, -1.01698437, -0.08432205,  0.65144668,
        -0.30127583],
       [-2.18882739, -1.31895193, -1.30551811,  0.04872893,  1.42116118,
         0.2079169 ],
       [-2.18326827, -1.42185447, -1.31353471,  0.46059406,  1.47049562,
        -0.09421738],
       [-2.521576  , -1.04563993, -1.31144033,  0.84963493,  1.5853606 ,
        -0.57108182]]), array([[ 5.67512064, -2.6146741 , -3.52722496, -4.2693742 , -4.22365376,
        -4.47978173]])] 
 0.5, 
 1e-09, 
 1000