error: 1.569942505218855e-07 
 weigths: [array([[ 0.41454482,  0.29787061,  0.14761028,  0.93489483,  1.09088831,
        -0.75417795],
       [ 3.54377522,  1.97526123,  3.38383212,  2.25438687,  1.78627718,
         2.95508832],
       [ 1.8549185 ,  3.95304692, -3.49373763,  2.64325899,  5.10943034,
        -5.82480765],
       [-1.02307508, -3.05645417,  0.51076163,  0.70973151, -0.98612784,
        -0.12518466],
       [ 1.07002687,  1.64422485, -0.41648145,  1.3963892 ,  2.24334491,
        -1.74610682],
       [-1.163253  , -2.32952189,  0.19339436,  0.19113177, -0.6569526 ,
        -0.29824325]]), array([[-0.45611499, -1.7103227 ,  2.94734653, -2.66323242,  0.34661458,
        -2.09510967],
       [ 0.26018132, -2.43426673,  3.07158054, -3.29080675,  0.89959014,
        -2.63134893],
       [-0.44563441, -2.98166511,  4.77726438, -4.20282676,  0.94755008,
        -3.00417246],
       [-0.01195257, -0.10140223,  1.40393591, -0.20700404,  0.60806111,
        -0.20212067],
       [ 0.27576099, -2.94034617,  3.60059288, -3.78761786,  1.20126106,
        -2.69673025],
       [-0.4256064 , -2.62522352,  4.21086131, -3.90021533,  0.85937197,
        -2.79121193]]), array([[-1.12003105, -2.0273439 , -2.71298906,  1.1688264 , -2.42426938,
        -2.69362372],
       [-1.56996377, -1.57074852, -2.61967563, -0.39249824, -1.66545513,
        -2.20999151],
       [-1.39674813, -1.98560742, -2.06457472, -0.01350512, -2.50696495,
        -2.01902862],
       [-1.34168077, -1.76186038, -3.08084865,  0.53245267, -1.82630916,
        -2.36836697],
       [-1.02565192, -1.6839076 , -2.55928182,  0.20355226, -2.55374886,
        -2.25547609],
       [-1.69003985, -1.73704832, -2.56092924, -0.0568782 , -2.01941443,
        -2.00474803]]), array([[-4.31345695, -3.25875223, -3.29990243, -3.61764526, -3.54228955,
        -3.62103887]])] 
 0.5, 
 1e-09, 
 1000