error: 7.0810094098064e-07 
 weigths: [array([[ 0.42043837, -0.22059141, -0.0332165 ,  0.73516101, -0.0141088 ,
        -0.577764  ],
       [ 0.9258558 ,  1.14627859, -0.9973419 ,  2.01015644,  2.19454824,
        -2.09489346],
       [ 0.69464025,  0.78229382, -0.59751087,  1.88369331,  2.25780532,
        -1.80988829],
       [ 1.29896472,  1.25367089, -1.32818512,  1.94216509,  3.32080612,
        -3.08606348],
       [-1.39642798, -1.55188179,  0.02830413,  0.03154089, -1.61566095,
         0.26258907],
       [-1.20471279, -3.27151838,  1.63252679,  0.30105352, -3.33914738,
         1.34537655]]), array([[-0.16679861,  1.14706105,  0.30841054,  0.92458984, -1.78358158,
        -3.32554325],
       [ 0.82698182, -1.33749219, -1.10716347, -2.56016312,  5.11106927,
         8.37264913],
       [-0.30449086,  0.94196078,  0.55216851,  0.91077789, -1.29757436,
        -2.6979688 ],
       [-0.35688289,  0.81205863,  0.66579434,  1.16025533, -0.43309353,
        -1.47793989],
       [-0.540176  ,  0.5237837 ,  0.93974813,  1.37366562, -2.20955514,
        -3.61392629],
       [ 0.15961765,  0.44474742,  0.86381267,  1.31202191, -0.32942989,
        -1.45918445]]), array([[-2.12140888,  3.34489264, -2.0124854 , -1.60004316, -2.28270155,
        -2.18428202],
       [-3.09933232, 10.59574818, -2.45542655, -1.31992557, -3.40225112,
        -0.76427623],
       [-1.728747  ,  0.87048391, -1.70190452, -1.75310373, -1.81402667,
        -2.26633616],
       [-2.07755939,  2.11232957, -1.80471454, -1.33703883, -2.17495624,
        -2.41293145],
       [-1.58303746,  0.97618324, -1.53770969, -2.14755864, -2.17646519,
        -1.36718   ],
       [-1.3212199 ,  0.91698427, -1.89467982, -1.96753387, -2.07308042,
        -1.62783481]]), array([[-2.42181209, -6.08701955, -1.28311319, -1.83442475, -0.69630958,
        -0.7927341 ]])] 
 0.5, 
 1e-09, 
 1000