error: 9.959161663640382e-10 
 weigths: [array([[ 0.74916341,  0.58358845, -0.09562127,  0.54933855,  0.70796003,
        -0.51369967],
       [ 0.60047927,  1.06704622, -0.19660993,  1.11217306,  0.49988582,
        -0.7383841 ],
       [-1.02475946, -3.71632332,  2.01951025, -0.75610821, -2.58904766,
         2.64196055],
       [ 0.02521896,  0.31039573,  0.18907212,  0.92652426,  0.08478342,
        -0.10906487],
       [ 0.72553319,  1.13521265, -0.32537941,  1.08253466,  0.72821888,
        -0.7362608 ],
       [ 0.49496111,  0.93895935, -0.10266617,  1.01474926,  1.20153357,
        -0.82832523]]), array([[-0.1558259 , -0.25077453, -0.43504047,  0.02454541,  0.2907049 ,
        -0.29955285],
       [-0.0952893 , -0.12233673, -3.56425613,  0.31173081,  0.21840226,
        -0.03524926],
       [-0.29747683,  0.17915848, -3.54667465, -0.55538829,  0.46213517,
         0.42716406],
       [-0.0864754 ,  0.39012244, -2.98540664, -0.13896871, -0.06406105,
        -0.0303192 ],
       [ 0.35557628,  0.28664896,  2.05334396, -0.40195082, -0.39454371,
        -0.39499749],
       [ 0.41544805,  0.57451035, -9.73716963, -0.47561271,  0.57933776,
         0.68494582]]), array([[ 0.28606403, -0.64846961, -0.52504147, -0.60731465,  1.01895536,
        -2.31785864],
       [ 0.64771095, -0.71068424, -0.34773521, -0.1512755 ,  1.61227668,
        -3.22848705],
       [ 0.85405726, -0.59337455, -0.67215995, -0.32113006,  0.80324539,
        -2.66928128],
       [-0.06676913, -0.39793378, -0.98949577, -0.09169829,  0.43078022,
        -2.03359413],
       [-0.54579861,  0.51291296,  0.73858561,  0.53661357, -1.93206393,
         2.85912558],
       [-0.2876704 , -0.58048649, -0.3386925 , -0.93817469,  0.64708628,
        -1.71778078]]), array([[-3.77767888, -4.97105093, -4.22640149, -3.63168713,  5.96854784,
        -2.77458672]])] 
 0.5, 
 1e-09, 
 1000