error: 9.93455562668394e-10 
 weigths: [array([[-0.53207787, -0.76049119, -0.12865458, -0.38297511, -0.366922  ,
         0.5783169 ],
       [-1.26357382, -1.77734074, -0.04889327, -0.59352449, -1.35375201,
         0.23120602],
       [ 0.70339199,  0.86432929, -0.05909117,  0.97594305,  1.60659894,
        -1.23121049],
       [ 0.73899993,  1.72574029, -1.05226888,  1.90704406,  1.97724475,
        -1.97808581],
       [ 0.33650589,  1.18746731, -0.3569684 ,  0.9915112 ,  0.66285054,
        -0.14918334],
       [-1.32427277, -2.32855171,  0.3382702 , -0.5616143 , -1.64984994,
         0.78725656]]), array([[-0.37982052,  0.71267975,  0.49039885,  0.45298402, -0.03519781,
         0.90910891],
       [-0.39021753, -1.50047556,  0.02187064,  0.84615758, -0.45760488,
        -1.04245128],
       [-0.38986204, -1.57457704,  0.22104272,  0.52582204, -0.2923028 ,
        -1.53081098],
       [-1.76916743, -4.41991653,  0.74352841,  1.66986808,  0.2335482 ,
        -5.05751843],
       [-1.32341517, -4.56920583,  0.68406373,  1.54644171,  0.17029203,
        -4.93606453],
       [ 0.24909318, -0.15622605,  0.13011323,  0.39524365,  0.03078591,
         0.40742225]]), array([[ 0.9775571 , -0.41278507, -0.04992898, -1.92392377, -1.56885939,
        -0.10316865],
       [ 0.44136623,  0.32185103, -0.65511071, -1.9751313 , -1.71309117,
         0.55928632],
       [ 0.31363846,  0.00282191, -0.05876187, -1.98317432, -1.74810115,
         0.51139684],
       [ 0.85664919, -0.55489327, -0.0319746 , -1.96514743, -2.06840545,
         0.80212653],
       [-0.65901059, -0.24770649,  0.60055598,  2.09512833,  2.00015684,
        -0.90480763],
       [ 1.66109123, -0.61105112, -0.24109657, -1.98249487, -2.41365437,
         0.65151665]]), array([[-3.83033947, -3.85323908, -3.4138493 , -4.11796713,  5.74456616,
        -4.45305373]])] 
 0.5, 
 1e-09, 
 1000