error: 6.779449977491106e-07 
 weigths: [array([[-1.23108373, -2.72967831,  1.05923229, -0.06862963, -2.17525107,
         1.28686094],
       [ 0.62558189,  0.45674985,  0.43398022,  1.64201859,  1.75507285,
        -1.03404554],
       [ 1.34667495,  1.31057711, -0.68651308,  1.75548604,  2.41974216,
        -2.2654403 ],
       [-1.12742476, -2.2172776 ,  0.69966324, -0.20176395, -2.15751657,
         1.04762495],
       [ 0.49988166,  0.83333017, -0.01360563,  1.63090086,  1.26101306,
        -0.70216887],
       [ 0.9649256 ,  0.94810458, -0.22322596,  1.94280099,  2.2100448 ,
        -1.78552205]]), array([[ 0.25663641,  1.26471792,  0.79209349,  0.05484589,  0.77240564,
         0.63128843],
       [-1.93162872,  0.22772006,  0.74313043, -1.51693724,  0.22221874,
         0.42039356],
       [-4.79008007,  0.40618625,  1.07456342, -4.24302595,  0.26666682,
         0.8425131 ],
       [-6.84216644,  0.20628929,  1.95131605, -6.36694147,  0.18326359,
         1.46598606],
       [-3.82074684,  0.54765813,  0.79800567, -3.32776252, -0.04797374,
         0.78843516],
       [ 0.09563433,  0.43642   ,  0.99365616,  0.08086744,  0.97896137,
         0.82261463]]), array([[-0.94420147, -0.85610215, -1.78370407, -3.15822268, -1.64626395,
        -1.08068869],
       [ 0.49861559, -0.61529938, -2.51511438, -4.35765327, -2.06692787,
        -0.1436058 ],
       [ 2.21176954, -0.4189967 , -3.93211986, -6.36185103, -2.6488906 ,
         2.1522717 ],
       [-1.23213729, -0.93163449, -1.36137838, -1.61653625, -1.08111681,
        -0.78960919],
       [-0.19302747, -1.41736622, -2.46599424, -3.44296964, -1.83524653,
        -0.07028557],
       [-1.09445718, -1.83825623, -1.44561546, -2.23804881, -1.7957011 ,
        -0.99906314]]), array([[-2.86348974, -3.71546106, -5.26141327,  0.14872868, -2.9261101 ,
        -2.06703338]])] 
 0.5, 
 1e-09, 
 1000