weigths: [array([[  1.23539046,   0.54373668,   0.30667777,   0.6761154 ,
          0.59897451,  -1.35920788],
       [  1.09529421,   1.07176205,   0.27072866,   0.62767368,
          0.62775644,  -1.4482585 ],
       [ -2.95772762, -15.57610727,  12.00139701,  -1.95724308,
         -7.65872241,  12.23521594],
       [  1.35382027,   2.0427089 ,  -0.26832057,   1.29237926,
          1.46856172,  -1.75634041],
       [  8.6261391 ,  -1.79706734,  -5.45576621,   0.90980825,
          4.28160911,  -3.73919514],
       [ -0.98440935,  -1.52417852,  -1.17663348,   0.01693679,
         -0.02038829,  -1.19640292]]), array([[  2.19840369,   1.99527062,  -1.08604482,   1.89445   ,
          2.21634685,   1.43671116],
       [  0.68463251,   0.78796346, -14.90408363,   1.9749152 ,
          4.0607936 ,  -1.27290395],
       [  1.02599616,   0.96676907, -14.07487699,   1.3963786 ,
          3.69500125,  -0.98301738],
       [  1.05281295,   1.16420319, -16.1617126 ,   1.76928351,
          4.37023188,  -1.80719138],
       [  0.21262095,   0.59507153, -10.05056364,   1.65957001,
          2.33463623,  -0.37368455],
       [ -0.23103337,   0.54642294,  -4.89051139,   1.16602029,
          1.33874837,  -0.55690281]]), array([[-0.68933817, -3.48763977, -3.12593195, -4.1090746 , -2.52930754,
        -1.8454814 ],
       [-1.35977396, -3.69177212, -3.08270483, -3.05441663, -2.53637059,
        -1.30772228],
       [-1.05988616, -3.26491503, -3.03901299, -3.61103407, -2.75334704,
        -1.66549992],
       [ 1.47021359, -4.56700705, -4.31734481, -5.48471898, -3.18213675,
        -0.99052843],
       [10.36288408, -8.48984231, -7.74119141, -9.44224184, -4.31696599,
        -0.62841561],
       [-0.45416329, -3.51254064, -3.73250572, -3.73492619, -2.78720952,
        -1.68338118]]), array([[-3.77255685, -2.78091846, -3.17614602, -4.78251348, -9.3429131 ,
        -3.72549876]])] 
 0.5, 
 1e-19, 
 10000