error: 1.4736051840342673e-09 
 weigths: [array([[-1.11877926,  0.3424624 , -0.87516956,  0.53428249, -0.89992937,
        -0.22536631],
       [-0.69780074,  0.53791318, -1.28523373, -0.44248686, -2.67563133,
         0.06055274],
       [-1.22195928,  0.72898742, -1.12406128,  0.33482087, -0.77558697,
        -0.29602939],
       [-1.75494362, -1.97457574, -0.56092223,  0.38891757, -4.50320008,
         0.41205563],
       [-1.7303856 , -2.35667108, -1.97326518, -1.59870461, -0.57414237,
        -0.98229898],
       [ 0.88114154,  2.34551611,  0.22273787,  1.94105144,  1.58014724,
        -0.79735775]]), array([[ 1.43542195,  2.20156314,  1.71972589,  1.80176326,  1.87331295,
         0.55264036],
       [-0.61837691, -1.45048548, -0.16942907, -5.18490609, -4.27963107,
         1.3717693 ],
       [ 0.95845851,  1.8773781 ,  1.79153649,  1.30733346,  2.00316991,
         0.24990541],
       [ 0.0361469 , -2.15825822,  0.11642841, -9.64123888, -7.4984612 ,
         3.15022484],
       [-0.52168396, -0.19523029, -0.3370986 , -1.6014887 , -0.91454272,
         0.20886523],
       [ 0.13641932, -1.95367318, -0.04574557, -5.66932934, -4.19903883,
         0.75476734]]), array([[-7.32540366,  4.19831472, -5.12810242,  8.29672458,  0.79701087,
         4.43525295]])] 
 0.5, 
 1e-09, 
 1000