error: 1.1652571984317955e-09 
 weigths: [array([[ 0.85968584,  2.12292596, -0.2869867 ,  1.19833233,  1.77932916,
        -1.0889892 ],
       [-2.37587607, -4.83365035, -0.6946837 , -1.41995848, -1.36759933,
         0.37589698],
       [-0.98782493,  0.58441799, -1.60689957,  0.51006315, -2.8605524 ,
        -0.49108661],
       [-1.34329927, -0.00523662, -1.51663028, -0.2339921 , -2.74714773,
        -0.4797258 ],
       [-1.25652207,  0.26713421, -1.46162504,  0.3500239 , -1.48371199,
        -0.6717763 ],
       [-0.36425359,  0.54992251, -0.30218119,  0.99418019,  0.89622037,
        -0.70872842]]), array([[ 1.72882736, -6.83103009, -1.53702837, -3.38465442, -0.91384053,
         0.23636343],
       [ 0.97314482,  1.36562404,  1.26245956,  1.02588621,  1.5535301 ,
         0.38517789],
       [ 0.47342345,  2.04976341,  1.805386  ,  1.74055347,  2.11434284,
         0.88188983],
       [ 0.95352726, -6.32134543, -1.86464714, -3.1218838 , -0.8691902 ,
         0.70670979],
       [ 2.12294299, -9.70189355, -2.89007691, -4.33426235, -0.88372573,
         1.283022  ],
       [ 0.6808345 ,  1.87829563,  2.14285401,  1.53348379,  1.52364184,
         0.97063392]]), array([[ 5.47916728, -2.893156  , -5.54528979,  5.08816938,  7.94884221,
        -5.04381024]])] 
 0.5, 
 1e-09, 
 1000