weigths: [array([[0.5116497 , 0.73986098, 0.83367666, 0.04405229, 0.77739126,
        0.0220835 ],
       [0.193449  , 0.65651014, 0.96408383, 0.32823982, 0.02397045,
        0.37583214],
       [0.13612978, 0.02504788, 0.08887416, 0.64754839, 0.70703363,
        0.05557914],
       [0.17295884, 0.52563085, 0.17022313, 0.27118353, 0.8108534 ,
        0.49201035],
       [0.78898729, 0.41951156, 0.55923542, 0.80648487, 0.61696783,
        0.03433095],
       [0.99862096, 0.15117799, 0.66129285, 0.91923288, 0.91017933,
        0.96840496],
       [0.33722733, 0.64166538, 0.91285497, 0.94883294, 0.04467801,
        0.47223738],
       [0.60602217, 0.85644871, 0.38416786, 0.50168339, 0.50822849,
        0.88609922],
       [0.34219397, 0.36478839, 0.99153435, 0.68621306, 0.55582032,
        0.28750316],
       [0.37794458, 0.75900393, 0.75343536, 0.86753962, 0.52179844,
        0.05303201],
       [0.91760405, 0.52857191, 0.47689085, 0.97734389, 0.27171711,
        0.58718482],
       [0.56342889, 0.88081218, 0.30959241, 0.66283639, 0.99976093,
        0.49239638]]), array([[0.06171087, 0.2167842 , 0.56915969, 0.49608184, 0.25394917,
        0.50967166, 0.39467215, 0.74167246, 0.3231739 , 0.64063186,
        0.86367894, 0.00840307],
       [0.19239807, 0.55522264, 0.11196987, 0.01905297, 0.22139862,
        0.04986074, 0.04865565, 0.41654428, 0.41786354, 0.86898732,
        0.31194022, 0.3973612 ],
       [0.79678564, 0.5921337 , 0.0276645 , 0.2678227 , 0.08668451,
        0.75199464, 0.55477497, 0.0094915 , 0.29693695, 0.98464862,
        0.08693737, 0.41117497],
       [0.68557856, 0.82053576, 0.98258188, 0.53914823, 0.69754788,
        0.2984576 , 0.8907082 , 0.33117951, 0.32416761, 0.30350459,
        0.89709882, 0.31094858],
       [0.93815229, 0.85517403, 0.73060343, 0.73279892, 0.89960905,
        0.7965656 , 0.85207889, 0.98234197, 0.25082577, 0.94758881,
        0.790982  , 0.55492269],
       [0.23295265, 0.44809187, 0.70623801, 0.47609161, 0.26270598,
        0.21936138, 0.75266503, 0.74029862, 0.95971684, 0.07380391,
        0.68593721, 0.14886682],
       [0.19537854, 0.80295129, 0.10513918, 0.09523422, 0.56919233,
        0.26298957, 0.57550397, 0.8992589 , 0.65532869, 0.25950115,
        0.752615  , 0.18472475],
       [0.80971817, 0.85876643, 0.22476478, 0.43342951, 0.28069277,
        0.62671486, 0.71775968, 0.20962456, 0.98951727, 0.40917973,
        0.73583603, 0.70148193],
       [0.50868104, 0.92161481, 0.82986968, 0.98333673, 0.31619939,
        0.66507301, 0.28593635, 0.18298568, 0.50512558, 0.71717903,
        0.44298673, 0.40132299],
       [0.42926342, 0.34186195, 0.78780235, 0.40474909, 0.35267551,
        0.13698915, 0.31372788, 0.25121212, 0.12922819, 0.75267448,
        0.69702338, 0.77599302],
       [0.40159338, 0.22300333, 0.86737768, 0.56061511, 0.96488834,
        0.43890506, 0.17987978, 0.50043546, 0.13898677, 0.28752375,
        0.86986918, 0.38934342],
       [0.99431409, 0.42449453, 0.48027476, 0.04228957, 0.94437891,
        0.90689537, 0.25526268, 0.25559465, 0.88186396, 0.46601176,
        0.09685135, 0.26736941]]), array([[0.31662318, 0.83053596, 0.94790505, 0.01556809, 0.90744837,
        0.7145328 , 0.98970282, 0.53083914, 0.38564276, 0.18564728,
        0.97354257, 0.55920333],
       [0.20727397, 0.7911543 , 0.4189499 , 0.50074906, 0.15527136,
        0.1828256 , 0.4696001 , 0.33588672, 0.18611429, 0.69219077,
        0.72180617, 0.93448209],
       [0.13722555, 0.29115331, 0.09977506, 0.46250938, 0.87856072,
        0.57203739, 0.85612582, 0.84929194, 0.97143116, 0.16372355,
        0.13957828, 0.4217273 ],
       [0.75877133, 0.17703766, 0.19272115, 0.18813313, 0.02018319,
        0.23707911, 0.0189307 , 0.53384884, 0.80295208, 0.14218861,
        0.96784739, 0.69564494],
       [0.16737817, 0.91683092, 0.53204901, 0.83915591, 0.99810649,
        0.88841316, 0.55157314, 0.79884068, 0.98283254, 0.51318315,
        0.01794016, 0.12707107],
       [0.63754522, 0.02074958, 0.47980752, 0.10701317, 0.65193712,
        0.96194861, 0.21169186, 0.76333405, 0.74866583, 0.60901842,
        0.72967145, 0.3821598 ],
       [0.54915706, 0.57761346, 0.42959288, 0.94004991, 0.17660936,
        0.92129908, 0.38776329, 0.7663062 , 0.65023317, 0.04522119,
        0.09880796, 0.91807382],
       [0.47480102, 0.97900366, 0.96579249, 0.10891369, 0.33739964,
        0.1190104 , 0.40611179, 0.47087011, 0.32235097, 0.88876651,
        0.87602354, 0.42906471],
       [0.26497616, 0.71252555, 0.71098001, 0.07220422, 0.45747209,
        0.33144533, 0.17806379, 0.19295139, 0.82964066, 0.35151651,
        0.06478439, 0.80403308],
       [0.5002664 , 0.28530038, 0.05055201, 0.72562321, 0.40227463,
        0.62842975, 0.55341002, 0.46723936, 0.0948617 , 0.91398093,
        0.34099639, 0.88736192],
       [0.00153449, 0.36862071, 0.77798622, 0.98048106, 0.57335854,
        0.97776494, 0.8762912 , 0.97580764, 0.70422373, 0.09140694,
        0.97399493, 0.89615404],
       [0.19331029, 0.77752937, 0.85589108, 0.82114225, 0.50722697,
        0.33210646, 0.16944119, 0.13195258, 0.4961356 , 0.45361261,
        0.21491541, 0.12072276]]), array([[1.61160510e-01, 2.97774322e-01, 1.46205791e-01, 3.20584473e-01,
        6.48731334e-01, 5.53727312e-01, 4.98614321e-02, 2.64567115e-01,
        3.98699166e-01, 2.49402147e-01, 7.51296871e-01, 6.86301681e-01],
       [8.19922329e-01, 5.41579647e-01, 4.03770193e-01, 4.86780269e-01,
        3.93301850e-01, 7.04886071e-01, 4.42161595e-01, 7.94900576e-01,
        5.60490423e-01, 8.92839054e-01, 4.46128728e-02, 3.92764425e-02],
       [9.38252744e-01, 7.36936899e-01, 4.08210813e-01, 2.81017366e-02,
        8.75250050e-01, 7.48685977e-01, 3.87535524e-02, 5.43803817e-01,
        7.35503645e-01, 1.33156807e-01, 8.34426052e-01, 2.98037187e-02],
       [4.74930108e-01, 7.57495465e-01, 5.08050829e-01, 9.08334701e-01,
        2.96868825e-02, 2.71467140e-01, 2.89345852e-01, 7.55783621e-01,
        8.40802737e-01, 1.64469854e-02, 8.24746035e-01, 4.93728144e-01],
       [6.35059274e-01, 4.08482823e-01, 6.69463442e-01, 2.09843885e-01,
        7.86507855e-01, 6.96867255e-01, 4.46738810e-01, 9.59987090e-02,
        9.88460627e-01, 7.64016346e-01, 8.11865555e-01, 3.71969677e-01],
       [6.55582525e-01, 5.98034351e-01, 9.60478354e-01, 1.62365322e-01,
        2.38023769e-01, 2.56830359e-01, 4.92304777e-01, 1.05989701e-01,
        6.30300159e-01, 2.51885575e-01, 5.04801517e-01, 3.64088894e-01],
       [3.10203753e-01, 9.79250357e-01, 2.50237633e-01, 1.35141741e-01,
        6.40124144e-01, 3.33068554e-01, 3.07453161e-01, 7.67978474e-01,
        9.83186817e-02, 9.64507513e-01, 4.35757799e-01, 8.58358376e-01],
       [1.93445848e-01, 9.35562660e-01, 9.25211176e-01, 9.67688395e-01,
        5.81246744e-01, 4.48568684e-01, 1.65031025e-01, 9.05292185e-01,
        6.36507581e-01, 7.99397962e-01, 4.90403438e-01, 9.73292252e-02],
       [2.40893415e-01, 8.18360363e-01, 7.59335807e-01, 1.78389878e-01,
        1.39457857e-01, 6.08231820e-01, 9.24201047e-01, 7.88864594e-01,
        2.87135462e-01, 1.61694441e-01, 1.66986156e-01, 4.36869820e-01],
       [3.74098999e-01, 9.18064805e-01, 2.19882899e-01, 9.21780663e-01,
        9.00343840e-01, 8.88990643e-01, 4.87794743e-01, 6.37753565e-01,
        3.89994825e-01, 2.82189034e-01, 2.00174001e-01, 9.04759804e-01],
       [7.02718083e-01, 8.01987326e-01, 6.08826755e-01, 9.25347643e-04,
        3.95166830e-01, 8.84306185e-01, 1.91355523e-01, 6.69472344e-02,
        2.07565636e-01, 4.06709652e-01, 2.18948965e-01, 4.33697223e-01],
       [6.03598368e-01, 9.41139997e-02, 3.00213881e-02, 7.03961696e-01,
        4.72905346e-02, 3.06139014e-01, 7.67044054e-01, 3.83761539e-01,
        6.88216594e-01, 3.75564952e-01, 9.62104217e-01, 4.74232958e-01]]), array([[0.98347895, 0.82825581, 0.1652912 , 0.31357053, 0.95642576,
        0.8027195 , 0.31108797, 0.78045697, 0.22406294, 0.74939165,
        0.03156732, 0.82965352],
       [0.1064287 , 0.47616862, 0.2847866 , 0.98191903, 0.05907911,
        0.75916514, 0.38558138, 0.66780974, 0.97227202, 0.90930889,
        0.65912584, 0.43057598],
       [0.0050897 , 0.6268259 , 0.22356098, 0.1543582 , 0.76605663,
        0.88889765, 0.74199711, 0.65266184, 0.4718112 , 0.94958751,
        0.35823665, 0.10657823],
       [0.26329597, 0.27649692, 0.45920015, 0.89684663, 0.66240126,
        0.22462883, 0.87081419, 0.27264341, 0.72092208, 0.0625351 ,
        0.33876152, 0.47013133],
       [0.47674387, 0.15664463, 0.80102093, 0.97613847, 0.980017  ,
        0.62214437, 0.41820357, 0.72173235, 0.29853629, 0.50424892,
        0.61658322, 0.47037959],
       [0.36092753, 0.20725313, 0.24129206, 0.31432106, 0.17864155,
        0.23604783, 0.85847679, 0.40863528, 0.50536774, 0.57318014,
        0.31258277, 0.63658223],
       [0.76699811, 0.64212622, 0.20289245, 0.99491774, 0.967792  ,
        0.93067984, 0.68732136, 0.4374913 , 0.37276051, 0.56540036,
        0.20378105, 0.38330026],
       [0.13963114, 0.57871976, 0.55889766, 0.85385536, 0.89267503,
        0.11727611, 0.04284127, 0.35350207, 0.93028622, 0.41290503,
        0.49297315, 0.95678818],
       [0.71210693, 0.41223462, 0.01183466, 0.13921207, 0.93272175,
        0.58530595, 0.95287871, 0.58023916, 0.35620091, 0.7037018 ,
        0.54202481, 0.71212002],
       [0.81488148, 0.59706108, 0.12361996, 0.69173036, 0.68085805,
        0.45667156, 0.36418914, 0.58773345, 0.65852183, 0.5447888 ,
        0.17543671, 0.11752805],
       [0.28344566, 0.56810706, 0.15017205, 0.75028946, 0.48688514,
        0.8746111 , 0.85203648, 0.77891719, 0.06155324, 0.06271798,
        0.72048391, 0.69500321],
       [0.9149132 , 0.86836175, 0.66639869, 0.03127902, 0.74801236,
        0.84904537, 0.97792529, 0.97607311, 0.15604771, 0.89210736,
        0.30393478, 0.9579135 ]]), array([[7.62028250e-01, 6.07364346e-01, 7.93370646e-01, 4.06392653e-01,
        5.42720653e-02, 7.72596922e-01, 4.33279585e-02, 8.06981369e-01,
        6.03928634e-01, 2.49491996e-01, 1.64103076e-01, 7.57763285e-01],
       [1.54713656e-01, 8.24491114e-01, 3.06427363e-01, 2.06395993e-01,
        6.91773749e-02, 8.02646302e-01, 2.79552785e-01, 4.72508250e-01,
        2.84580725e-01, 7.95020469e-01, 9.19960545e-01, 4.58713930e-02],
       [7.96889636e-01, 1.40423265e-01, 7.11151706e-01, 4.63827014e-03,
        8.16801856e-01, 1.51310173e-01, 1.19111426e-01, 3.41633467e-01,
        1.24654269e-02, 5.06168955e-01, 9.78952222e-02, 2.63239359e-01],
       [5.37969535e-01, 8.12757712e-01, 2.01818809e-01, 1.26939454e-01,
        8.29204099e-01, 6.21496105e-01, 4.18171164e-01, 1.16066814e-02,
        1.56532018e-01, 7.21820088e-01, 9.68879542e-01, 5.77640827e-02],
       [5.16605450e-01, 1.46892255e-01, 4.11838029e-01, 4.88806698e-01,
        4.92281485e-01, 5.87905498e-01, 5.38113672e-01, 5.09219758e-01,
        1.44876376e-01, 3.04367220e-01, 1.44803958e-01, 9.94802560e-01],
       [9.11781393e-01, 4.36418597e-01, 1.32772317e-01, 4.16059065e-01,
        2.75088233e-01, 7.64914036e-01, 5.13235089e-02, 6.80217041e-01,
        3.57276384e-01, 5.46950174e-01, 9.75992407e-01, 3.24611674e-01],
       [8.70527538e-01, 9.62907035e-01, 2.00659822e-01, 5.46873462e-01,
        9.11079285e-01, 2.31958818e-01, 4.20447367e-01, 8.88338424e-01,
        5.85732369e-01, 6.07888093e-01, 5.55576596e-01, 2.27339556e-01],
       [4.80748338e-01, 3.25002655e-01, 6.80446221e-01, 7.99215253e-01,
        4.37396201e-02, 5.33808253e-04, 2.69102376e-01, 7.89382633e-01,
        6.70249746e-01, 7.35595448e-01, 5.96075855e-01, 5.67598287e-02],
       [8.92379333e-01, 5.11281221e-01, 4.05213569e-01, 7.77656650e-01,
        2.50746182e-01, 6.43588894e-02, 8.76826008e-02, 4.45162190e-01,
        6.88624463e-01, 5.46222722e-01, 5.54146792e-01, 4.20074336e-01],
       [1.16146556e-01, 4.96820406e-01, 9.03113299e-01, 3.23982777e-01,
        5.95852435e-01, 7.06766145e-01, 5.42375195e-01, 8.12720083e-01,
        1.77371818e-01, 7.60187932e-01, 9.79923789e-01, 1.45452484e-01],
       [7.49785161e-01, 9.19384139e-01, 7.27698906e-01, 3.46529454e-01,
        6.49363846e-01, 7.60107148e-01, 1.22277896e-01, 3.39944128e-02,
        8.89386242e-01, 2.01649060e-01, 6.10484124e-02, 2.43377948e-01],
       [3.29216482e-01, 5.15147575e-01, 8.91803471e-01, 9.70397770e-01,
        9.36353244e-01, 7.63424519e-01, 4.61638037e-01, 8.04267575e-03,
        8.30641766e-01, 6.53683173e-01, 9.49396885e-01, 6.40989697e-01]]), array([[0.89011508, 0.10551234, 0.92468296, 0.78202467, 0.38576806,
        0.67593247, 0.64202357, 0.56220838, 0.00696722, 0.30772051,
        0.02943715, 0.88871612],
       [0.89321114, 0.68717431, 0.56323644, 0.62614443, 0.43736761,
        0.33065301, 0.53593463, 0.88044073, 0.1837297 , 0.27861676,
        0.78783197, 0.02832782],
       [0.89291492, 0.17381401, 0.09797513, 0.79072478, 0.01873845,
        0.33147507, 0.94394724, 0.9700019 , 0.08060724, 0.0050788 ,
        0.02881097, 0.49224514],
       [0.86370822, 0.74431955, 0.36268912, 0.28296839, 0.13235815,
        0.71441223, 0.0634842 , 0.04622727, 0.91818165, 0.92504008,
        0.98667765, 0.4214155 ],
       [0.14082065, 0.57099537, 0.32464345, 0.61163414, 0.8875456 ,
        0.2778084 , 0.0065932 , 0.80376697, 0.03108727, 0.06753087,
        0.87803656, 0.37009563],
       [0.92261075, 0.45656097, 0.84022441, 0.10678029, 0.71635808,
        0.67832855, 0.95384451, 0.33207188, 0.36728781, 0.42287083,
        0.92406796, 0.72573932],
       [0.54412006, 0.93049908, 0.24069154, 0.18615872, 0.16054454,
        0.86514012, 0.22096751, 0.88332713, 0.08979329, 0.68601327,
        0.62199096, 0.89690356],
       [0.10366949, 0.83828823, 0.97695809, 0.68791006, 0.73644215,
        0.26419445, 0.78169685, 0.99638371, 0.10255249, 0.54472168,
        0.53077218, 0.4861298 ],
       [0.92717876, 0.60196954, 0.66702395, 0.4508923 , 0.46421957,
        0.14725841, 0.70285454, 0.50030993, 0.94118201, 0.14238058,
        0.56121015, 0.82474429],
       [0.83238614, 0.83383438, 0.78361182, 0.8572386 , 0.17462976,
        0.04834455, 0.78133785, 0.41683286, 0.74387337, 0.28934879,
        0.31636725, 0.19053424],
       [0.87409527, 0.57794401, 0.20232539, 0.36590298, 0.70937147,
        0.07380851, 0.6468162 , 0.59622152, 0.67540839, 0.92444528,
        0.37243393, 0.57936795],
       [0.2826392 , 0.12552956, 0.160696  , 0.72769924, 0.44785879,
        0.92554709, 0.8921701 , 0.0209073 , 0.31550014, 0.29484341,
        0.14184311, 0.58376417]]), array([[0.53103015, 0.31704682, 0.52222482, 0.48846615, 0.80781341,
        0.27604202, 0.52021381, 0.7478688 , 0.69171161, 0.39895891,
        0.65273173, 0.78742159],
       [0.26969895, 0.29221058, 0.17645033, 0.67493252, 0.86402426,
        0.41664341, 0.21988933, 0.50189512, 0.07402915, 0.01823567,
        0.22569871, 0.41835705],
       [0.08637151, 0.18901222, 0.2343947 , 0.82978086, 0.3255015 ,
        0.94282812, 0.98214861, 0.13943565, 0.16321343, 0.34206257,
        0.29825307, 0.80067197],
       [0.44304496, 0.788129  , 0.91799991, 0.29647106, 0.72135579,
        0.15669716, 0.22931767, 0.38464633, 0.84815911, 0.07615366,
        0.25659988, 0.23739906],
       [0.57026402, 0.84696581, 0.42003831, 0.78607291, 0.96681195,
        0.66887535, 0.70229104, 0.29537492, 0.60145719, 0.03173627,
        0.88585978, 0.65649698],
       [0.19547364, 0.15748401, 0.074189  , 0.47780021, 0.42474899,
        0.77789497, 0.7662851 , 0.00743466, 0.70912447, 0.3792946 ,
        0.1246011 , 0.36629288],
       [0.60176936, 0.67833477, 0.72868138, 0.60753292, 0.5634149 ,
        0.19501562, 0.39410255, 0.6842766 , 0.02847843, 0.29195784,
        0.63655693, 0.50459861],
       [0.4688653 , 0.16725628, 0.36389345, 0.55371015, 0.49666097,
        0.05966452, 0.47773164, 0.58547272, 0.89199613, 0.04001661,
        0.75240836, 0.64625928],
       [0.55656284, 0.11171363, 0.06818342, 0.86456844, 0.07162255,
        0.5852366 , 0.75410928, 0.48241163, 0.03858657, 0.50478393,
        0.46206125, 0.40966255],
       [0.17278212, 0.3348885 , 0.60135801, 0.5102078 , 0.15280149,
        0.75671627, 0.34084958, 0.70591052, 0.9755795 , 0.20526236,
        0.06580236, 0.73230779],
       [0.28457348, 0.42031976, 0.2079873 , 0.17001699, 0.22992151,
        0.78601668, 0.95870464, 0.83494945, 0.17521985, 0.82323247,
        0.51649551, 0.11873584],
       [0.03766557, 0.42080298, 0.89443322, 0.62123253, 0.80501562,
        0.92036422, 0.10007877, 0.55020795, 0.61128771, 0.00469487,
        0.22993321, 0.31174193]]), array([[0.38428389, 0.00142956, 0.97075913, 0.90361047, 0.26159767,
        0.12573639, 0.85333737, 0.20887207, 0.42855814, 0.22929637,
        0.35633144, 0.9559072 ],
       [0.73264214, 0.21525159, 0.46968804, 0.48685645, 0.69235909,
        0.30421603, 0.94170845, 0.47255333, 0.0448169 , 0.82708635,
        0.77209698, 0.03850945],
       [0.31829034, 0.40994311, 0.94216021, 0.69261247, 0.84305884,
        0.22230969, 0.14261465, 0.50505878, 0.29308036, 0.57753371,
        0.29901052, 0.1752836 ],
       [0.59761895, 0.84371649, 0.03181539, 0.49282604, 0.47824034,
        0.33105981, 0.21350392, 0.55361402, 0.36376704, 0.73770502,
        0.94774226, 0.58601092],
       [0.16132353, 0.07888062, 0.17022842, 0.3081828 , 0.73104442,
        0.78780821, 0.96013175, 0.61961957, 0.37411285, 0.73738818,
        0.40098379, 0.83637758],
       [0.03161739, 0.32055109, 0.77838844, 0.447228  , 0.42766548,
        0.52891861, 0.31301717, 0.53045622, 0.5914419 , 0.28958557,
        0.06947742, 0.74891057],
       [0.68831471, 0.69600148, 0.9653506 , 0.65664184, 0.00179104,
        0.2021146 , 0.58171285, 0.25878098, 0.95942547, 0.06752581,
        0.47324109, 0.4689515 ],
       [0.88675669, 0.88387093, 0.06801865, 0.23812426, 0.90274836,
        0.50019933, 0.84515721, 0.88199041, 0.55562234, 0.4486588 ,
        0.64585556, 0.66462675],
       [0.98188896, 0.18331724, 0.33856613, 0.22769725, 0.74340777,
        0.07182544, 0.05847733, 0.08089277, 0.05662924, 0.65784942,
        0.66848586, 0.84442395],
       [0.44374337, 0.32276189, 0.69012082, 0.03098304, 0.47454746,
        0.43606014, 0.0685237 , 0.05877946, 0.82647269, 0.80641144,
        0.70829915, 0.84891809],
       [0.36598442, 0.42577139, 0.92953614, 0.4759016 , 0.54004916,
        0.60164235, 0.88240615, 0.75970278, 0.64740319, 0.73223563,
        0.19300606, 0.57922227],
       [0.26241709, 0.93378358, 0.51134175, 0.40883395, 0.57532268,
        0.50994343, 0.28646466, 0.92876884, 0.83639404, 0.08724276,
        0.87120781, 0.27482903]]), array([[0.19864387, 0.02667134, 0.88805602, 0.63473228, 0.49199463,
        0.14537965, 0.67675633, 0.14946292, 0.72444149, 0.89940952,
        0.70862498, 0.56539561],
       [0.32761033, 0.03195669, 0.71209523, 0.78502724, 0.68371055,
        0.904851  , 0.77417678, 0.8546044 , 0.39766142, 0.88398192,
        0.7878777 , 0.0209448 ],
       [0.69113402, 0.38151067, 0.20951049, 0.49996979, 0.27475163,
        0.8599994 , 0.16104065, 0.45211433, 0.10327589, 0.29224929,
        0.79669268, 0.43277933],
       [0.50993814, 0.46111182, 0.63678957, 0.04663421, 0.29353167,
        0.62841464, 0.62471778, 0.83758671, 0.00845996, 0.78410195,
        0.18939014, 0.85248663],
       [0.52526313, 0.84095181, 0.7831936 , 0.98634678, 0.7194305 ,
        0.52648011, 0.37823839, 0.167343  , 0.2212217 , 0.6668388 ,
        0.35428326, 0.66568196],
       [0.27803318, 0.1947957 , 0.71361575, 0.52206665, 0.62482803,
        0.31754503, 0.72196881, 0.25148356, 0.38804568, 0.24686553,
        0.63763829, 0.63556148],
       [0.06009297, 0.53887558, 0.3758749 , 0.00849211, 0.65114462,
        0.34154526, 0.33456043, 0.57042126, 0.81425993, 0.26130481,
        0.58633472, 0.61110457],
       [0.4815598 , 0.06262277, 0.54728327, 0.75038553, 0.40167016,
        0.30623194, 0.91805109, 0.42064171, 0.81930619, 0.31968849,
        0.90418819, 0.15788455],
       [0.22016603, 0.96414282, 0.58257943, 0.97797657, 0.94675962,
        0.79320369, 0.52498061, 0.8673836 , 0.02097873, 0.47668449,
        0.06203923, 0.47442725],
       [0.29759297, 0.73094073, 0.45650502, 0.12583651, 0.98406865,
        0.89650701, 0.84444695, 0.05968105, 0.75040588, 0.53215376,
        0.11712723, 0.4217579 ],
       [0.30007053, 0.33952502, 0.39392679, 0.37050513, 0.77037932,
        0.33151545, 0.30281164, 0.63788995, 0.42374775, 0.39008486,
        0.05483724, 0.67183314],
       [0.53418716, 0.01951867, 0.32349103, 0.53474573, 0.27231649,
        0.18800335, 0.75405221, 0.36570908, 0.72063612, 0.47551517,
        0.29067313, 0.19805038]]), array([[0.46494521, 0.84254267, 0.66672118, 0.09661891, 0.16531313,
        0.24794584, 0.24679613, 0.28376699, 0.67590528, 0.70088622,
        0.93327629, 0.65168525],
       [0.05826742, 0.63813529, 0.93286613, 0.55275565, 0.51340066,
        0.2346914 , 0.96332271, 0.34195356, 0.02219192, 0.51626824,
        0.97778661, 0.11335915],
       [0.80863048, 0.61629137, 0.76770556, 0.13725432, 0.54881336,
        0.34201777, 0.15388164, 0.82938576, 0.76341833, 0.01596049,
        0.70566753, 0.59712161],
       [0.0465091 , 0.71937365, 0.94114764, 0.17757931, 0.53456645,
        0.04317956, 0.49377957, 0.3355657 , 0.27056042, 0.65197071,
        0.86893516, 0.75977932],
       [0.97107082, 0.9366845 , 0.44016594, 0.37266585, 0.79380727,
        0.71266685, 0.82544911, 0.6603929 , 0.05506754, 0.82753492,
        0.92894085, 0.86774984],
       [0.56159134, 0.23029841, 0.4693466 , 0.10202746, 0.20640732,
        0.05988816, 0.11127634, 0.83127175, 0.51811535, 0.4916758 ,
        0.00989871, 0.55616168],
       [0.70868514, 0.03938285, 0.16701681, 0.29146781, 0.85585077,
        0.34586698, 0.96597253, 0.78614387, 0.16957221, 0.42790177,
        0.39310814, 0.32649322],
       [0.91099765, 0.51201504, 0.16135042, 0.0968865 , 0.59667616,
        0.81100923, 0.54041989, 0.47045357, 0.86946688, 0.24680164,
        0.24165502, 0.62084934],
       [0.98499011, 0.20174005, 0.80120962, 0.02641417, 0.18148285,
        0.32710263, 0.4441234 , 0.9988254 , 0.72796982, 0.71943744,
        0.71516344, 0.14745768],
       [0.95015056, 0.93106448, 0.54135177, 0.62387396, 0.55884268,
        0.94235031, 0.98410874, 0.83661396, 0.77372564, 0.88861006,
        0.45034365, 0.34414178],
       [0.08968967, 0.63797866, 0.51446208, 0.20382521, 0.56675275,
        0.75441781, 0.44970472, 0.75098665, 0.28919406, 0.18777275,
        0.79742573, 0.66317625],
       [0.86892861, 0.14152457, 0.7701851 , 0.77900788, 0.25107225,
        0.6551513 , 0.0944394 , 0.39485558, 0.95617661, 0.57249218,
        0.90046554, 0.33671179]]), array([[ 1.00508362e-01,  7.27343042e-01,  5.96943762e-01,
         4.69499846e-01,  5.80252891e-01,  1.18183243e-03,
         8.73533878e-01,  2.40746013e-01,  2.08150844e-01,
         6.84906834e-01,  7.88882151e-01,  6.60579760e-01],
       [ 1.98052969e-01,  4.84415439e-01,  1.73073999e-01,
         6.49205053e-02,  4.91478262e-01,  1.81906259e-01,
         6.87164885e-01,  7.87281824e-01,  8.76014594e-01,
         7.66270400e-01,  1.13300667e-01,  7.15515835e-01],
       [ 2.23999240e-02,  9.22636270e-01,  8.55713940e-02,
         9.21493489e-01,  8.10364363e-01,  6.44998011e-01,
         6.15557108e-01,  4.89942492e-01,  4.54564398e-01,
         4.51323916e-01,  2.24552370e-01,  5.50380460e-01],
       [ 5.73006920e-01,  1.65115210e-01,  1.25286023e-01,
         8.70157515e-01,  4.81499004e-01,  3.84025328e-01,
         1.22732218e-01, -1.42453510e-02,  1.15561181e-01,
         4.17459030e-01,  1.62820891e-01,  9.65355112e-01],
       [ 8.02384721e-01,  8.29266466e-01,  5.62406600e-01,
         2.25478567e-01,  6.42455792e-01,  7.87941997e-01,
         8.20166192e-01,  3.55254091e-01,  9.56724400e-01,
         7.50285604e-01,  8.01318044e-02,  7.51809129e-02],
       [ 4.20287408e-01,  6.44059225e-01,  6.93057893e-01,
         8.25414680e-01,  7.69499794e-01,  4.65256720e-01,
         9.24087496e-04,  6.25104468e-01,  9.83818184e-01,
         3.84368703e-01,  9.51846470e-01,  3.87399898e-01],
       [ 9.47434184e-01,  3.52250954e-01,  1.36510687e-01,
         1.25874643e-01,  8.06668417e-01,  9.53314140e-01,
         6.93111310e-01,  5.98126622e-01,  8.54816400e-01,
         6.50143219e-01,  3.37773844e-01,  9.58296427e-01],
       [ 4.66621809e-02,  3.03592662e-01,  4.77402218e-01,
         7.18093685e-01,  4.99111951e-02,  6.21154849e-01,
         3.54923509e-01,  2.58266077e-01,  7.64786966e-01,
         8.69913159e-01,  4.15917203e-01,  8.37403409e-01],
       [ 7.44141804e-01,  5.64001595e-03,  8.43075749e-01,
         2.05740066e-01,  8.84613496e-01,  4.37352089e-01,
         9.89133157e-01,  6.60975027e-01,  5.59316391e-01,
         6.85150320e-01,  3.26594744e-01,  9.69549494e-01],
       [ 3.40208741e-01,  2.65652020e-01,  1.78798362e-01,
         1.14887760e-01,  8.82380649e-01,  9.32201440e-01,
         2.38965934e-01,  3.22519856e-02,  5.32956407e-01,
         2.45156537e-01,  9.27639680e-01,  3.08083295e-01],
       [ 6.72271131e-03,  6.31946510e-01,  5.99744152e-01,
         5.48032070e-01,  2.18820227e-01,  1.18862063e-01,
         4.12949786e-01,  7.21629228e-01,  7.43972355e-01,
         3.17477543e-01,  5.11672467e-03,  2.88837994e-01],
       [ 8.74351913e-01,  8.56965771e-01,  9.35580484e-02,
         5.31050048e-01,  7.03080883e-02,  3.30297777e-01,
         8.14425668e-01,  3.93940908e-01,  6.44949043e-01,
         4.00318442e-01,  4.55393959e-01,  6.38074688e-01]]), array([[ 0.23205698, -0.23674717, -0.18534214, -0.11112547,  0.16895921,
         0.52126845,  0.29331637, -0.26126245,  0.56193979,  0.13303358,
        -0.08766376,  0.34591088]])] 
 0.5, 
 1e-19, 
 10000