error: 9.976034072337956e-10 
 weigths: [array([[-0.54956502,  0.43725788, -0.38068483,  0.40963668, -1.04332579,
        -0.11164799],
       [ 0.57980272,  1.03460986,  0.33045289,  1.01189251,  1.36939739,
        -0.51930642],
       [-2.18372389, -3.30427423, -0.24468398, -0.32580136, -2.57385314,
         0.62353339],
       [-1.38578157, -0.3710277 , -1.08250829, -0.66397783, -1.94527433,
        -0.1737698 ],
       [-1.45936879, -0.76981287, -1.70224284, -0.36017748, -1.11360964,
        -1.00279773],
       [-0.31548023,  0.76634918,  0.07237143,  0.39285301, -0.24512148,
        -0.05974172],
       [-1.57076548, -0.31448761, -1.17200637,  0.19073971, -2.17630848,
        -0.41165159],
       [ 0.79321288,  2.0309054 ,  0.35074377,  1.6838587 ,  1.08353395,
        -0.53511549]]), array([[ 0.52097496,  0.81045259,  0.77266275,  1.29478793,  1.28539548,
         0.40144098,  0.72740347,  0.90839315],
       [ 0.10714044,  0.16617059, -0.13800663, -0.02745765,  0.15716494,
        -0.42915142,  0.07508713, -0.49208794],
       [ 1.11900016,  0.77176607,  1.44107717,  0.89686613,  0.94375989,
         1.23677908,  1.4803771 ,  0.66822436],
       [ 0.257475  ,  0.51344635, -4.83036627, -1.44024574, -2.48833565,
         0.61633733, -2.71648788,  0.55886074],
       [ 1.45626207,  0.80346706,  1.44985382,  1.36734114,  1.55240189,
         0.71006992,  1.23739143,  0.87100786],
       [-0.64990084,  1.72634776, -8.84553476, -2.90992494, -4.37965054,
         0.10263092, -4.11687112,  2.4314328 ],
       [ 0.18201905, -0.39586737, -2.13310554, -0.48614487, -0.85129248,
        -0.28498322, -1.1329623 ,  0.52899561],
       [-0.20749639,  1.44882788, -5.66217315, -2.57085036, -2.87785469,
         0.08723805, -3.52481265,  1.06990869]]), array([[-2.80775067, -0.25497025, -4.23027657,  3.93662846, -5.3917141 ,
         7.75964363,  1.46078118,  5.1983513 ]])] 
 0.5, 
 1e-09, 
 1000