error: 9.849721398646544e-10 
 weigths: [array([[ 2.39286737,  1.34739608,  2.31599659,  1.21268047,  2.09369604,
         2.82428497],
       [-1.46867412, -2.08097648, -0.17326224, -1.08022242, -1.07519468,
         0.05479808],
       [ 0.9973135 ,  2.35399886, -1.01899462,  1.881168  ,  1.83953741,
        -1.52620165],
       [ 0.70155746,  1.30423898, -0.21787988,  1.3836469 ,  1.35097138,
        -0.6695672 ],
       [-1.596171  , -3.02515025,  0.74908544, -0.36073692, -2.49553054,
         1.54410475],
       [ 0.76342743,  1.56842131, -0.51457468,  1.25469115,  2.01679127,
        -1.2927539 ],
       [-0.73805304, -0.09523053, -0.79480809,  0.23311729, -0.63155306,
         0.51849528],
       [ 0.34018317,  0.74681349,  0.0213199 ,  1.20482452,  0.84251725,
        -0.01451976]]), array([[ 1.33480252e+00,  1.10970726e+00,  1.26995404e+00,
         9.05596508e-01,  7.46359374e-01,  4.61862590e-01,
         1.09507858e+00,  1.03614930e+00],
       [ 1.39825867e+00,  1.21410183e+00,  1.15626688e+00,
         8.61159329e-01,  1.56519605e+00,  1.27557544e+00,
         1.39634011e+00,  7.06548916e-01],
       [-1.15962411e+00, -3.14626032e+00,  8.87027965e-01,
         4.31719897e-01, -4.03484506e+00,  1.37912358e+00,
        -7.50716746e-01,  5.57720136e-01],
       [ 1.17323463e+00,  1.76454896e+00,  1.01037639e+00,
         1.41270306e+00,  1.27502648e+00,  1.55647434e+00,
         8.17082640e-01,  1.58290178e+00],
       [-1.25405273e+00, -3.44737796e+00,  1.61636894e+00,
         5.47192635e-01, -4.60222388e+00,  7.99074605e-01,
        -4.93149845e-01,  4.26629296e-01],
       [-8.35899801e-01, -2.52854300e+00,  1.08569498e+00,
         8.30105751e-01, -3.94750909e+00,  6.41023878e-01,
        -4.79547627e-01,  8.45528367e-04],
       [-1.60501654e+00, -3.42386947e+00,  1.65226656e+00,
         1.15397027e+00, -5.00519951e+00,  9.66187829e-01,
        -1.20992698e+00,  4.94196567e-01],
       [-1.62688150e+00, -3.88002435e+00,  1.63771175e+00,
         8.31937488e-01, -5.01021097e+00,  1.39277418e+00,
        -5.70596818e-01,  1.68030674e-01]]), array([[-2.91189321, -4.46753094,  4.18994291, -5.81605877,  4.58717786,
         3.73158932,  5.03065148,  5.16174415]])] 
 0.5, 
 1e-09, 
 1000