error: 9.941611661551639e-10 
 weigths: [array([[-8.85747631e-01, -1.00878998e-01, -4.04382827e-01,
        -8.78383995e-01, -5.02907470e-01,  1.51986103e-01],
       [ 4.94313986e-01,  8.66601235e-01, -2.21826046e-01,
         7.96417055e-01, -3.20555658e-02,  5.45357781e-01],
       [ 6.69971792e-01,  1.23583462e+00,  8.98015683e-02,
         1.16475985e+00,  8.58987520e-01, -2.03426864e-01],
       [-1.64117610e+00, -2.91528532e+00,  7.65633022e-01,
        -2.61745823e-01, -3.51065078e+00,  2.26806702e+00],
       [ 7.50864394e-01,  1.31051446e+00, -4.45215351e-02,
         7.02912390e-01,  5.23188835e-01,  1.43042208e-01],
       [ 6.67848584e-01,  1.22097788e+00,  1.21928588e-01,
         9.46028130e-01,  4.09439244e-01,  2.09523512e-01],
       [ 6.06223155e-01,  8.04310740e-01,  3.44449139e-01,
         1.22815238e+00,  7.66015121e-01,  1.71206725e-03],
       [-1.47103107e+00, -2.75330061e+00, -2.23378289e-01,
        -1.51696494e+00, -7.52874877e-01, -1.17662834e-01]]), array([[ 7.27137381e-01,  1.17013057e+00,  6.57702994e-01,
         1.39331359e+00,  1.36984873e+00,  1.45542583e+00,
         5.56341532e-01,  1.11579166e+00],
       [ 1.16488452e+00,  1.30464226e+00,  9.19197321e-01,
         5.74432228e-01,  1.46289716e+00,  1.24141386e+00,
         1.29558617e+00,  1.46169125e+00],
       [ 1.36662838e+00,  1.56114731e+00,  6.02733622e-01,
         7.46561505e-01,  1.54510406e+00,  6.16861624e-01,
         1.47967581e+00,  1.05737812e+00],
       [-1.26200268e+00,  1.39577433e-01,  8.22878825e-01,
        -7.44824597e+00,  8.77970145e-01,  9.08572648e-01,
         2.68113207e-01, -4.35527514e+00],
       [-2.78389667e-01,  2.65080025e-01,  1.25620117e-01,
        -5.14854746e+00,  3.80890307e-01,  5.43739140e-01,
         6.47285744e-01, -3.73821489e+00],
       [-8.03452769e-01,  3.60940941e-01,  7.93672612e-01,
        -2.34010828e+00,  1.10647293e-01, -1.27246450e-01,
         7.57808205e-02, -1.31717796e+00],
       [-1.09209135e+00,  2.12063236e-01,  9.38463070e-01,
        -8.11824896e+00,  4.83745770e-01,  4.83566121e-01,
         1.13889423e+00, -5.55005487e+00],
       [-2.07682253e-01,  3.98586355e-01, -3.46230956e-01,
         9.49029389e-01, -3.69227820e-03,  2.17951938e-01,
        -6.70374507e-01,  1.23208877e-01]]), array([[-3.52272027, -4.37434091, -3.97489856,  6.26609723,  4.44946525,
         1.83983967,  7.21171654, -0.90160953]])] 
 0.5, 
 1e-09, 
 1000