error: 9.898968587839927e-10 
 weigths: [array([[ 0.90030682,  2.10548751, -0.4405    ,  1.9776445 ,  1.51853319,
        -1.07871539],
       [ 0.48140765,  0.81878909,  0.26188888,  1.26809463,  1.13349278,
        -0.47800298],
       [-0.16595263,  0.68813514,  0.02197378,  0.52672943,  0.24074127,
         0.19721595],
       [-1.68624579, -2.95810055,  0.47790006, -0.70924939, -2.65066452,
         1.52294778],
       [-1.55828254, -1.97782989, -0.440173  , -0.40187512, -1.46635087,
         0.09501026],
       [ 0.60050074,  1.12073208, -0.15663137,  0.73393991,  0.64616081,
        -0.06977281],
       [-0.33366272,  0.46242108,  0.02072916, -0.22431682,  0.03728999,
        -0.13552829],
       [-1.17982644, -0.63080901, -0.83513082, -0.53604825, -1.43209749,
        -0.15313902]]), array([[ 1.00059147,  0.768335  ,  1.4642128 ,  1.37341771,  1.25138314,
         1.30018644,  1.23333977,  1.4198893 ],
       [ 1.49327417,  1.26758828, -0.36833652, -6.76844526, -4.74436564,
         0.50767469, -0.22105451, -2.55308613],
       [ 1.27953001,  0.6858338 ,  0.33194698, -5.64754986, -3.70940057,
         0.13079833, -0.0940826 , -2.1073416 ],
       [ 1.37838802,  0.77683576,  0.5957811 ,  1.17204285,  1.40215968,
         1.45417346,  0.99920228,  0.77200779],
       [ 0.55374655,  1.20274478,  0.71571779,  0.79328009,  1.49832149,
         1.04801296,  1.46909078,  1.4406057 ],
       [ 1.1246736 ,  0.08512316,  0.40719489, -4.39196448, -3.19893639,
         0.66325377, -0.53556942, -1.37066099],
       [ 1.04867271,  1.02559214,  0.86124233,  0.98189006,  1.19144663,
         0.97923296,  0.88085956,  1.39790189],
       [ 1.36072881,  0.24273676, -0.29915172, -3.50265176, -2.77909934,
         0.45201075, -0.26593203, -1.58332933]]), array([[-4.07541191,  6.96036642,  5.67814698, -2.92663828, -3.11503516,
         4.51355522, -2.80130091,  3.93297888]])] 
 0.5, 
 1e-09, 
 1000