error: 9.902063742185336e-10 
 weigths: [array([[ 0.84359537,  1.24053788,  0.19541758,  0.78255177,  1.01678417,
        -0.28919622],
       [ 0.20497204,  0.40973664,  0.50150291,  0.32199304,  0.58287274,
        -0.09749215],
       [ 0.76039423,  0.89721393,  0.26852636,  1.37344602,  0.83688612,
        -0.1624755 ],
       [ 0.49275261,  1.09538293,  0.14955683, -0.00530054,  0.4106066 ,
         0.45045959],
       [-1.80061668, -4.58130375,  1.953389  , -1.3715978 , -3.11272039,
         2.89341271],
       [ 0.19252844,  0.97143618,  0.034495  ,  0.71890579,  0.22851662,
         0.53274417],
       [-1.09516256, -0.68184226, -0.72787067, -0.867713  , -1.55174396,
         0.19476362],
       [ 0.20157625,  0.13297595, -0.34458418,  0.03086437, -0.11002828,
         0.3723919 ]]), array([[  0.34166276,  -0.43279461,  -0.07338235,   0.56471202,
         -2.55905014,   0.45131178,  -0.3088826 ,  -0.10518626],
       [  0.71874836,  -0.31826716,   0.35995096,   0.65797697,
         -5.55304734,  -0.0725583 ,  -1.68067949,   0.34341223],
       [  0.46785566,  -0.20155663,   0.43940011,  -0.1898116 ,
         -1.45786848,  -0.17155172,   0.11083211,  -0.14090213],
       [  0.50370619,   1.08611869,   1.10287941,   1.31950054,
          1.14456925,   0.81696855,   1.13750733,   1.32521143],
       [  1.11151831,   0.16996651,   1.43585376,   0.07014336,
        -10.19534481,   0.27594357,  -3.14980065,  -0.55464267],
       [  1.49786426,   1.37985264,   0.73908789,   1.48947648,
          1.18409534,   1.49194781,   0.85111908,   1.11334728],
       [  1.38768742,   0.79453307,   1.14999979,   1.32437768,
          1.4535737 ,   1.22060569,   1.1239784 ,   0.87241957],
       [  0.83158927,   0.6536082 ,   0.75720991,   0.16995508,
         -8.28567014,   0.18876931,  -2.85956298,  -0.3226919 ]]), array([[ 1.56692159,  3.97182191,  0.71843351, -3.49931379,  7.70619398,
        -4.72155233, -4.3031471 ,  6.22805124]])] 
 0.5, 
 1e-09, 
 1000