error: 9.990147278591309e-10 
 weigths: [array([[ 0.63709123,  0.90058427, -0.01088846,  1.56209255,  1.03679601,
        -0.49330282],
       [-0.45791979,  0.20065907, -0.41660499, -0.33604404, -0.61094971,
        -0.15387718],
       [-1.13157713, -1.12596738, -0.5723308 , -0.90334909, -1.49734737,
         0.29956289],
       [ 0.54180624,  0.4242981 ,  0.32932821,  0.54990323,  0.82419084,
        -0.25325307],
       [-1.7111853 , -3.94607664,  1.4398935 , -0.80973729, -2.64829916,
         2.21258906],
       [ 0.6861815 ,  1.24657643, -0.10549098,  1.5087772 ,  0.94841955,
        -0.58501818],
       [ 0.14087306,  0.72569184,  0.13310027,  0.78259845,  0.08270307,
         0.33407178],
       [ 0.63836666,  1.35483378, -0.22865166,  1.13398672,  1.20693526,
        -0.62036277]]), array([[ 0.82656049, -0.77791643, -3.09733447,  0.12456075, -6.24946783,
         0.48196839,  0.26928298,  0.74973792],
       [ 0.38895033, -1.08054589, -2.63565517,  0.53279696, -6.49897572,
         1.22374689, -0.22978096,  0.59763613],
       [ 0.8961769 ,  1.64475037,  1.05596878,  1.69491437,  0.70339361,
         0.76697124,  1.20471599,  1.63112474],
       [ 1.50371476,  0.94134647,  1.26626542,  1.46733911,  1.05797553,
         1.18646767,  1.23798466,  1.50330511],
       [ 1.10319222,  0.53836546,  0.53685969,  0.99256553,  0.38760078,
         1.23049611,  1.14807088,  0.32822448],
       [ 0.42650295, -0.73493919, -1.60859766, -0.01161364, -4.30580333,
         0.87048914, -0.04724076,  0.53251194],
       [ 1.05237786, -0.43518778, -3.37938361,  0.18763034, -6.93083449,
         0.36283604,  0.07508275,  0.76179031],
       [ 1.24570011,  1.23314956,  0.69276763,  1.20507115,  0.84702867,
         0.45842866,  0.96692345,  1.38200743]]), array([[ 5.59751879,  5.7083474 , -4.00845231, -4.59858295, -1.59530325,
         3.7284704 ,  6.16116362, -2.59663363]])] 
 0.5, 
 1e-09, 
 1000