error: 9.977819748260371e-10 
 weigths: [array([[-0.37620155,  0.54086025, -0.18480424,  1.02590316,  0.12532086,
         0.16227835],
       [-1.32326351,  0.38363197, -0.92350766,  0.62619544, -1.65080424,
        -0.14780693],
       [ 0.63459741,  1.53068095,  0.22518528,  0.90458167,  0.51977896,
         0.046567  ],
       [-1.38906765, -1.51225933, -1.35700222, -1.16405341, -1.33343619,
        -0.41339498],
       [ 0.62646162,  1.3664876 ,  0.17877492,  1.47676128,  1.20505879,
        -0.43795503],
       [-2.14748631, -3.21462727,  0.23499069, -0.07909791, -2.87276133,
         1.10479304],
       [ 0.45480911,  0.90208204,  0.28080813,  1.05321557,  0.89203043,
        -0.14043794],
       [-1.34461382, -0.27750817, -0.99185015, -0.14987863, -1.7488424 ,
        -0.2414267 ]]), array([[ 1.59127916e-01, -7.00267838e-01,  7.23301211e-02,
        -2.73944443e+00,  7.17358502e-01, -3.61512792e+00,
         1.47196120e-01, -1.04066153e+00],
       [ 4.19391009e-01, -1.70501567e+00,  5.91469992e-01,
        -5.12745129e+00,  1.29064160e+00, -6.37709482e+00,
         8.08857783e-01, -1.97582669e+00],
       [ 1.52751783e-01, -1.30760533e+00,  1.07186677e+00,
        -4.88738891e+00,  7.27825342e-01, -6.22553838e+00,
         9.43128163e-01, -2.04637150e+00],
       [ 1.30990672e+00,  1.59296530e+00,  8.79872360e-01,
         1.33155073e+00,  1.45879824e+00,  8.69554872e-01,
         1.22851831e+00,  1.22181030e+00],
       [-3.58200322e-01, -1.03079100e+00,  1.14518301e+00,
        -4.26003328e+00,  6.59628935e-01, -5.24257214e+00,
         8.08120247e-01, -1.82169251e+00],
       [ 1.28967502e+00,  1.63226228e+00,  1.00938947e+00,
         1.02122757e+00,  1.12167801e+00,  1.64274430e+00,
         1.14983998e+00,  1.36031465e+00],
       [ 6.32282499e-02, -1.66758587e-01,  3.97179476e-04,
        -2.58982016e+00,  8.16842068e-01, -3.88139970e+00,
         5.39553815e-02, -1.42944042e+00],
       [-1.81294549e-01, -4.51696049e-01,  1.64564559e-01,
        -2.06524533e+00,  5.54395789e-01, -3.28479377e+00,
         2.17417982e-01, -1.16214073e+00]]), array([[ 2.62430349,  5.45127185,  5.22220088, -6.28474205,  4.39007056,
        -6.9003518 ,  2.67738665,  2.19780895]])] 
 0.5, 
 1e-09, 
 1000