error: 9.970585242192069e-10 
 weigths: [array([[ 0.88952491,  2.27216688, -0.8544725 ,  1.6866037 ,  1.65297836,
        -1.51070689],
       [ 0.21585961,  0.35564138, -0.00866311,  0.19479761, -0.46010707,
        -0.21096301],
       [ 0.62641209,  0.9093276 , -0.07562291,  1.40964167,  1.13353176,
        -0.68308448],
       [ 0.57993402,  1.24844904, -0.21631371,  1.09972145,  0.93955351,
        -0.4494215 ],
       [-1.52495018, -3.55581461,  1.20168835, -0.60306875, -2.94708817,
         2.3183662 ],
       [-1.35942756, -1.92179855, -0.35379806, -1.08255505, -0.67355258,
        -0.21625615],
       [ 0.56326845,  0.80585746,  0.00484559,  0.79435175,  0.17964311,
        -0.10986068],
       [-0.5368451 ,  0.7980671 , -0.33063268, -0.0535467 , -0.30166115,
        -0.15459868]]), array([[ 1.43918   , -0.36683216,  0.5154844 ,  0.44225391, -6.22227184,
        -3.13653179, -0.05617899, -0.20272038],
       [ 0.95405808, -0.34669674,  0.28685484,  0.61943571, -3.96440895,
        -1.89214534, -0.08990895, -0.28986279],
       [ 1.12900119, -0.30108369,  0.36635864,  0.53843295, -5.02807884,
        -2.56091245,  0.20977088, -0.58115984],
       [ 1.41439183,  1.57865924,  1.36784921,  1.03833049,  1.44222799,
         1.27761941,  1.73056069,  0.73450886],
       [ 1.32797163, -0.13323915,  0.40241948,  0.09185082, -3.96912774,
        -1.41897625, -0.269695  , -0.36745581],
       [ 1.05437517,  1.35640579,  1.1951533 ,  0.62320318,  0.89235971,
         1.1418596 ,  1.34648833,  0.888673  ],
       [ 1.47860537,  1.10083492,  0.97252144,  1.5831289 ,  0.99347325,
         1.40648469,  1.58404314,  1.52386078],
       [ 1.00029683, -0.39699488,  0.88308689,  0.38165339, -6.07893571,
        -2.91053155,  0.51724353, -0.88307857]]), array([[ 5.70264099,  3.71403232,  4.68323244, -5.3341851 ,  3.49979636,
        -3.00830036, -5.35563316,  5.4925242 ]])] 
 0.5, 
 1e-09, 
 1000