error: 9.938362457111806e-10 
 weigths: [array([[ 0.29254703,  0.58242769,  0.32279672, -0.02261169,  0.59067337,
        -0.01701123],
       [ 0.14073288,  0.72082946,  0.28527923,  0.775559  , -0.13411317,
         0.16174473],
       [-1.75453315, -2.60128878, -0.0929834 , -0.58299958, -1.73778341,
         0.48310509],
       [-1.41542528, -0.8252942 , -0.76179927, -0.57371708, -2.02540087,
         0.25451441],
       [ 0.62951534,  1.33896483,  0.01231916,  0.85017421,  1.10534358,
        -0.40221318],
       [-1.40724901, -1.23174396, -0.6750917 , -0.69270982, -1.70092622,
         0.1450834 ],
       [ 0.47985079,  1.32539684, -0.09184835,  0.85773514,  0.15981803,
         0.30518472],
       [ 0.89380188,  1.48952703,  0.06124364,  1.35851492,  1.21173828,
        -0.51540625]]), array([[ 9.20648814e-01,  1.18852787e+00,  6.73829178e-01,
         7.52539500e-01,  1.27604221e+00,  1.01894685e+00,
         1.16315694e+00,  7.41557220e-01],
       [ 3.04101601e-01, -3.20946611e-01, -3.61634571e+00,
        -2.80720369e+00,  1.39281323e-01, -1.99495356e+00,
         5.49900197e-01,  9.60107571e-01],
       [ 8.45006781e-01,  1.36004921e+00,  6.06138955e-01,
         4.23294077e-01,  9.87849296e-01,  1.32393411e+00,
         1.34614763e+00,  1.08629487e+00],
       [ 1.55640463e+00,  1.50387491e+00,  1.07817047e+00,
         9.27671476e-01,  9.22306022e-01,  1.28226029e+00,
         1.01021446e+00,  1.04188647e+00],
       [ 2.91681913e-01,  3.06610421e-01, -3.92803216e+00,
        -3.08097717e+00,  4.32668948e-01, -2.51624023e+00,
         1.87334094e-01,  7.34957593e-01],
       [ 8.81318541e-01,  8.24591469e-01,  1.32426566e+00,
         1.18610564e+00,  8.15949396e-01,  1.01504218e+00,
         5.62350732e-01,  1.16495680e+00],
       [ 3.49469687e-01,  4.42977207e-03, -5.96704455e+00,
        -4.40576263e+00,  1.15124709e+00, -3.89215305e+00,
         1.33986090e-01,  1.19208527e+00],
       [ 5.15081759e-02,  3.65643717e-01, -6.56477182e+00,
        -5.04116265e+00,  7.41052337e-01, -4.09457274e+00,
         6.55596594e-01,  1.35522626e+00]]), array([[-2.77592818,  3.63422825, -2.89412092, -4.08764421,  4.12192145,
        -2.97644648,  6.30416596,  6.99167545]])] 
 0.5, 
 1e-09, 
 1000