error: 9.96992977846271e-10 
 weigths: [array([[-0.78958384,  0.4200594 , -0.63412221, -0.12670069, -0.94730866,
        -0.01661271],
       [-2.14977406, -2.41101326, -0.10622843,  0.19983344, -3.82211658,
         0.79650963],
       [-1.05343248,  0.82366725, -1.53998098,  0.14741769, -2.32529528,
        -0.53338102],
       [ 0.79389254,  2.10817352,  0.49414968,  1.56600151,  0.86451239,
        -0.21752144],
       [-1.0878071 , -0.23544099, -0.87129507, -0.08199626, -1.19897664,
        -0.05352177],
       [-1.44030839, -1.96169399, -1.72302439, -1.19746751, -0.92051961,
        -0.75550965],
       [ 0.78222226,  2.09012217,  0.46377783,  1.39936534,  0.70073382,
        -0.1056004 ]]), array([[-0.01582434, -1.35256339, -0.03510467, -0.20613441, -0.12625803,
        -0.4359692 , -0.31273921],
       [-0.42226625, -1.29208476,  0.09512463,  0.4108848 , -0.33194203,
        -0.93526522, -0.48042894],
       [ 1.19943408,  1.08444784,  1.80663899,  0.71067116,  1.57242628,
         1.25809424,  0.85342388],
       [-0.61394933, -6.24774497, -2.19884146,  1.35140496, -1.16200058,
        -4.37631351,  1.33838142],
       [ 1.67840264,  1.05966092,  1.86231803,  1.59837234,  1.30900884,
         0.98122105,  1.52426077],
       [-0.19456192, -7.63250494, -2.99599304,  1.43145826, -0.76388157,
        -5.04994204,  1.65869067],
       [-0.50601551, -7.37475019, -2.49947064,  1.83564204, -0.69833472,
        -5.29201649,  1.33726276]]), array([[ 0.23172189,  0.42797806, -5.44794658,  4.95909021, -6.88295705,
         6.08608197,  5.97522741]])] 
 0.5, 
 1e-09, 
 1000