error: 9.892729489989416e-10 
 weigths: [array([[ 0.52680271,  0.97637901,  0.14359918,  1.23039952,  0.02049513,
         0.37789256],
       [ 0.7576411 ,  1.10568797,  0.14696456,  1.20927594,  0.76400765,
        -0.05782881],
       [-1.76127667, -4.72152097,  2.16336731, -1.21491078, -3.33801826,
         3.17615129],
       [ 0.66131287,  1.03960042,  0.10228817,  1.31843334,  0.70843038,
        -0.14253799],
       [ 0.64765488,  1.3422463 ,  0.17494357,  0.60670932,  0.66952028,
        -0.01832725],
       [-0.28816541, -0.16713916, -0.8035946 , -0.32420793, -0.81061678,
         0.08265357],
       [-0.39600401,  0.07037398, -0.1398371 , -0.0167769 , -0.5106975 ,
         0.38380464]]), array([[ 3.52536004e-01,  5.96881732e-01, -8.83710517e+00,
         1.05683577e+00,  5.13973662e-01, -1.27900867e+00,
        -3.79220949e-01],
       [ 1.44415958e+00,  1.75758479e+00,  8.03695640e-01,
         1.54506146e+00,  1.06754121e+00,  1.83869094e+00,
         1.53437723e+00],
       [ 1.82406587e+00,  1.51428419e+00,  1.68830314e+00,
         8.48459213e-01,  1.48460842e+00,  1.00085935e+00,
         1.50736554e+00],
       [ 2.19261623e-01,  8.66916800e-01, -6.11240639e+00,
         2.55130486e-01,  2.49614281e-01, -8.36359247e-01,
         5.43424692e-03],
       [ 3.66632658e-01,  6.91529231e-01, -8.19333321e+00,
         8.08755642e-01,  7.22271734e-01, -7.27574003e-01,
        -1.06857757e+00],
       [-1.40083491e-01, -5.01079580e-01,  6.57379884e-01,
         1.30757941e-01, -6.92672307e-03,  4.22851860e-01,
        -4.17190268e-01],
       [ 3.62465959e-01,  7.97776945e-01, -6.55200404e+00,
         1.59865785e-01,  4.88331317e-01, -3.41873298e-01,
        -5.52298016e-01]]), array([[ 6.18461096, -6.07322409, -5.72464776,  4.07200797,  5.68243803,
        -1.03825969,  4.35944516]])] 
 0.5, 
 1e-09, 
 1000