error: 1.2893346427181988e-09 
 weigths: [array([[-1.88547041, -2.31530166, -2.13301592, -1.34213978, -0.44131531,
        -1.09758287],
       [-1.5419118 , -0.75594839, -1.66527902, -0.38041227, -1.89106946,
        -0.6441649 ],
       [ 1.09561242,  1.95869167,  0.62685296,  1.33757128,  1.12632836,
        -0.30559554],
       [-0.71384253,  0.68243984, -0.65962556,  0.25794801, -0.62818093,
        -0.32717258],
       [-0.701529  ,  1.12997322, -1.46365393, -0.13064584, -2.95719209,
        -0.11157578],
       [-1.76444446, -1.06044974, -1.10837932,  0.2177131 , -3.70970524,
        -0.22127908],
       [-0.35716602,  0.78953518, -0.23809324,  0.41099864,  0.19005556,
        -0.36711592]]), array([[-5.4305542 , -3.46548375,  2.23316278,  0.43034896, -1.51066868,
        -6.08753669,  0.83944227],
       [ 1.41453854,  1.02307222, -0.45398256,  0.62102059,  1.41418029,
         1.0759108 ,  0.22310006],
       [ 1.9351468 ,  1.39606668, -0.34994163,  0.3057081 ,  1.86165098,
         1.71448062,  0.07993915],
       [-5.64905568, -2.79499904,  2.1417552 ,  0.29401312, -2.05061123,
        -5.73311003,  0.74366592],
       [ 1.42187938,  1.64926528,  0.83265266,  0.67876631,  1.60011915,
         1.24147062,  1.02999595],
       [-4.07448988, -3.1918127 ,  1.2237203 , -0.30099071, -2.06115027,
        -5.16814953,  0.38463765],
       [ 1.19005087,  1.19179786, -0.11370448,  0.85695071,  0.9061389 ,
         1.90620214,  0.74882652]]), array([[ 5.82525858, -2.48197384, -3.26030906,  5.64273232, -4.90170921,
         4.69769705, -3.23160381]])] 
 0.5, 
 1e-09, 
 1000