error: 9.972036281569974e-10 
 weigths: [array([[-0.93344031, -0.11222357, -1.23445416, -0.06233473, -1.56328177,
        -0.47726707],
       [ 0.94016099,  3.38131797,  0.03896436,  2.69778666,  1.48999318,
        -1.31748146],
       [-2.25716692, -3.14103617,  0.12920027,  0.31350565, -3.65263625,
         0.89831705],
       [ 0.41577216,  1.70635676,  0.04796791,  1.17950415,  0.59181322,
        -0.43651774],
       [-1.32209712, -0.95263663, -1.72443739, -1.01434542, -1.22031233,
        -0.69971961],
       [-1.16312244, -0.80868352, -0.91270955, -0.50255701, -2.03504394,
         0.12407714],
       [-1.11683895,  0.64077708, -0.9571486 ,  0.3342882 , -1.81706897,
        -0.27220268]]), array([[-0.76774701,  1.09671303, -2.62029034, -0.04076628, -1.57088614,
        -1.19009137, -0.86702654],
       [-1.61980183,  2.56933446, -8.29690853,  1.44636053, -4.60082149,
        -2.2439903 , -1.48196392],
       [ 1.65458683,  1.16739762,  1.21212294,  1.50755155,  1.77384617,
         1.07223208,  1.34822125],
       [-0.43326072,  0.65602387, -3.75905401,  0.04892262, -1.32110521,
        -1.06648875, -0.67840542],
       [-1.57175004,  1.93532193, -6.49004208,  0.9062878 , -3.61932824,
        -1.90486807, -0.8203143 ],
       [ 1.5646998 ,  0.58067999,  1.7979511 ,  0.53470863,  1.49941552,
         1.99869912,  1.28223673],
       [-0.37429878,  0.52342991, -3.89543093,  0.00875714, -1.9161459 ,
        -0.92811725, -0.47582501]]), array([[ 2.09134404,  6.84089927, -6.46214494,  2.3750303 ,  5.14689419,
        -6.55067876,  2.53944864]])] 
 0.5, 
 1e-09, 
 1000