error: 9.968839019703516e-10 
 weigths: [array([[-2.50307255e-01,  5.66161224e-01,  1.20096504e-01,
         9.15043664e-01, -5.29901179e-01,  3.88342678e-01],
       [-1.71293932e+00, -2.42805048e+00,  1.51187865e-01,
        -8.40860885e-01, -2.63965501e+00,  1.28137596e+00],
       [ 5.51577001e-01,  1.13898956e+00,  1.56774767e-01,
         5.55431707e-01,  4.83237926e-01,  2.02968739e-01],
       [-1.54630451e+00, -1.69875994e+00, -5.20044753e-01,
        -8.55103617e-01, -1.70241594e+00,  2.37911618e-01],
       [ 5.23641301e-01,  1.41183543e+00, -5.12272075e-02,
         3.29648712e-01, -1.02100241e-01,  2.87523795e-01],
       [ 6.41109809e-01,  1.43455237e+00,  1.10531382e-01,
         9.61761834e-01,  1.10076656e-03,  3.64237243e-01],
       [ 7.42286635e-01,  9.98707577e-01,  4.28023913e-01,
         8.05267492e-01,  1.04120211e+00, -1.01516747e-01]]), array([[  0.25804121,  -4.53955765,   0.17337378,  -3.38185003,
          0.20741206,   0.14590818,   0.62886314],
       [  0.17924509, -10.08809831,   0.58198088,  -7.86440603,
          0.59049425,   0.68357016,   1.33178177],
       [ -0.32006207,  -6.67897816,   0.87683119,  -4.58737802,
         -0.05197614,   0.63144189,   0.85584381],
       [  1.67071453,   1.32630757,   0.81486298,   1.12578839,
          1.62053834,   1.61511221,   1.45208495],
       [ -0.39975763,  -3.36281446,   0.2773622 ,  -2.90647466,
          0.02237128,   0.38399429,   0.61100693],
       [  0.61757824,   1.30141307,  -0.04470121,   1.1697321 ,
         -0.22498544,  -0.06570776,   0.03219898],
       [  1.53810234,   1.49991644,   1.49588717,   1.11093693,
          1.23196484,   1.21990555,   1.50340517]]), array([[ 3.50831265,  8.90319312,  5.33396636, -5.4536863 ,  2.69225173,
        -2.00918804, -5.45497424]])] 
 0.5, 
 1e-09, 
 1000