error: 9.97999557757066e-10 
 weigths: [array([[-0.70642004, -0.16660097, -0.51320677,  0.32064003, -1.01286752,
        -0.1974452 ],
       [ 0.77991741,  1.63658523, -0.13909773,  1.16667152,  1.55580299,
        -0.84850981],
       [ 0.7284439 ,  1.448514  ,  0.00582906,  1.8310656 ,  0.9587573 ,
        -0.4461414 ],
       [-0.70668311, -0.06536289, -0.0328015 ,  0.16026598, -0.4539525 ,
        -0.02710229],
       [ 0.52805756,  1.3431766 ,  0.11381146,  0.52949907,  0.36071704,
        -0.10168011],
       [-1.84609336, -3.4453647 ,  0.64024623, -0.86326135, -2.77377911,
         1.66449311],
       [-1.44148537, -1.54919695, -0.58182065, -0.66967523, -1.66450602,
         0.15587972]]), array([[ 0.06039048,  0.37435591, -0.04913421, -0.09371081, -0.10202827,
        -0.84702981, -0.01460399],
       [ 1.34367246,  1.07660584,  1.058073  ,  1.71190729,  1.08265862,
         1.61808963,  1.03554441],
       [ 1.31477542,  1.57601072,  0.80038976,  1.71754482,  0.86989589,
         1.60146759,  1.03319424],
       [-0.12141565,  0.54497258,  0.95010931, -0.2977534 ,  0.39823595,
        -6.21178002, -3.03418169],
       [ 1.46219667,  1.46076686,  0.99778141,  1.68132134,  0.76764176,
         1.50056626,  1.50927125],
       [-1.07208191,  1.3058435 ,  0.79551923, -0.66450225,  0.93212798,
        -7.74973969, -4.1893253 ],
       [-1.29717523,  1.62569023,  1.40657782, -0.51735875,  0.03931958,
        -8.1197858 , -4.62598847]]), array([[ 0.41042493, -3.91909229, -3.89705285,  5.09611695, -4.41287433,
         6.73691909,  7.19602576]])] 
 0.5, 
 1e-09, 
 1000