error: 9.861958027480372e-10 
 weigths: [array([[-1.75998787, -2.94674573,  0.38117748, -0.33530762, -2.35474958,
         1.14323459],
       [-1.38376584, -1.80501119, -0.37533236, -0.99392836, -1.92786839,
         0.53086666],
       [ 0.4882979 ,  1.38947223, -0.13246535,  1.15447657,  0.13448661,
         0.16864546],
       [ 0.58484789,  0.97243044,  0.16523191,  1.37935702,  1.04043595,
        -0.38488967],
       [ 0.52051444,  1.01714104,  0.08681692,  1.4128357 ,  0.87935761,
        -0.2223708 ],
       [ 0.60302518,  1.18897576,  0.08802451,  1.24809481,  1.62959164,
        -0.79826626],
       [-1.16485912, -0.05626206, -0.47765986,  0.20843211, -0.6227495 ,
         0.03367939]]), array([[-3.49633416e+00, -3.14079841e+00,  6.53437392e-01,
         4.96399461e-01,  2.43585379e-01,  7.38794415e-01,
        -7.35687330e-01],
       [ 9.59396218e+00,  7.58082916e+00, -4.05832681e-01,
        -1.19975153e+00, -1.05387957e+00, -1.59201368e+00,
         1.56789576e+00],
       [-5.14040750e-01, -4.41923760e-01,  1.53399385e-01,
         2.12378222e-01,  3.78116425e-01,  4.06603495e-01,
        -1.67762104e-01],
       [ 1.78950141e+00,  1.25417615e+00,  1.33926035e+00,
         1.60579305e+00,  1.33094407e+00,  1.51662784e+00,
         1.25647029e+00],
       [-2.27377589e+00, -1.49945889e+00,  2.62109126e-01,
         1.08492317e-01,  6.35097318e-01,  3.45932431e-01,
         2.27439728e-02],
       [-1.18130560e+00, -7.32469831e-01,  5.03662011e-01,
         5.98358377e-01,  7.31090025e-02,  1.32812442e-01,
        -1.10425466e-01],
       [-1.42822443e+00, -1.73200612e+00,  6.60721006e-03,
         2.82699951e-01,  3.34384310e-01,  4.66765489e-01,
         1.57379106e-01]]), array([[  4.2350054 , -10.93813533,   1.09639085,  -4.39327853,
          2.66738739,   1.72899943,   2.15607617]])] 
 0.5, 
 1e-09, 
 1000