error: 1.0101821643494412e-09 
 weigths: [array([[-0.39006195,  0.6598418 , -0.32604983,  1.09638198,  0.06464784,
        -0.4130715 ],
       [-1.65383272, -3.05908379, -1.42179033, -2.33071087, -0.3387993 ,
        -0.69265971],
       [-1.27513093,  0.15565682, -1.45247371, -0.02185091, -2.35683018,
        -0.34401102],
       [-0.20375899,  0.63313644, -0.08524812,  0.73706877,  0.33290073,
        -0.36017637],
       [ 0.86824095,  1.32821515,  0.05898216,  1.39800726,  1.75838113,
        -0.84774607],
       [-0.15917078,  0.51269721,  0.02522942,  0.93276508,  0.73789154,
        -0.5162662 ],
       [-1.98209305, -1.99518525, -0.50808817,  0.89760872, -3.80355517,
         0.66624661]]), array([[ 0.5077128 , -5.98444237, -3.26778814,  0.39293696,  1.81926289,
         0.44764505, -6.28855052],
       [ 0.11392136, -2.51320813, -1.37049112,  0.13818215,  0.23205787,
        -0.12319667, -2.77693486],
       [ 0.9748347 ,  1.80146039,  1.34086939,  1.22610225,  1.52316043,
         1.62412848,  1.75826059],
       [-0.04259779, -6.51755505, -4.18957785,  0.61145964,  2.08060029,
         0.94040652, -7.67565918],
       [ 0.15858106, -3.39879654, -1.92167809, -0.18976365,  0.81839653,
         0.30045735, -3.81238402],
       [-0.14458486, -2.88349935, -1.18637005,  0.2454656 ,  0.35398247,
         0.04108066, -3.20900226],
       [ 1.04690967,  1.18650086,  1.73400676,  1.33126624,  1.52421527,
         1.31291259,  1.64979417]]), array([[ 5.95943623,  2.24838146, -6.95384582,  7.12393408,  3.24810177,
         2.54413291, -6.1301706 ]])] 
 0.5, 
 1e-09, 
 1000