error: 9.989060921605788e-10 
 weigths: [array([[ 0.89544779,  2.71016027, -1.49070411,  2.53521919,  2.85217334,
        -2.7104865 ],
       [-0.2586385 ,  0.34090607, -0.07036413,  0.53369769,  0.30912886,
         0.06196062],
       [ 0.98049607,  2.52181548, -1.03929044,  2.23675683,  1.99048006,
        -1.76046077],
       [-1.90409307, -3.69313964,  0.88351848,  0.0585371 , -2.19898847,
         1.30535499],
       [-1.06830496, -0.97981186, -0.88247804, -0.7667478 , -1.28600767,
         0.14537154],
       [ 0.35491685,  0.98134856,  0.10268388,  0.62676407,  0.56658226,
        -0.23614682],
       [ 3.54704876,  1.19388381,  3.20304909,  1.56069504,  2.68322047,
         2.95882613]]), array([[ 2.27506224e+00, -3.61154696e-01,  1.74422447e+00,
        -5.77666278e+00, -2.16164128e+00,  1.49048659e-01,
        -1.92208637e+00],
       [ 1.41940449e+00,  1.88377643e+00,  1.27481594e+00,
         1.59996095e+00,  1.75828887e+00,  1.26244436e+00,
         1.93861721e+00],
       [ 2.22042211e+00,  2.76182041e-01,  1.59212796e+00,
        -5.16788759e+00, -1.58893922e+00,  1.93896776e-01,
        -2.35108898e+00],
       [ 1.31701921e+00, -4.50984668e-02,  1.23580539e+00,
        -2.67953761e+00, -9.70109299e-01, -5.46713821e-03,
        -1.38254943e+00],
       [ 1.23388173e+00,  1.95791438e+00,  9.15148358e-01,
         1.38809459e+00,  1.25838698e+00,  1.44366839e+00,
         1.85841015e+00],
       [ 2.29616259e+00, -2.67313917e-01,  1.48948978e+00,
        -5.47679798e+00, -2.00857775e+00,  4.50598084e-01,
        -2.06007959e+00],
       [ 1.82935488e+00, -6.50637822e-02,  1.90548928e+00,
        -5.39816792e+00, -1.63442068e+00,  2.85551232e-01,
        -2.09468292e+00]]), array([[ 5.2138552 , -7.65030979,  4.72852744,  2.73167074, -5.66175375,
         5.02333716,  4.85265458]])] 
 0.5, 
 1e-09, 
 1000