error: 9.923626833146573e-10 
 weigths: [array([[-0.73387346,  0.04436289, -0.58386026, -0.87046879, -0.96560455,
         0.41482929],
       [ 0.86461673,  1.6456925 ,  0.07221146,  0.74983668,  0.96452362,
        -0.08047378],
       [-1.92340079, -3.55433547,  0.87165256, -0.40484644, -3.3028571 ,
         1.9708363 ],
       [ 0.78282874,  1.48936846,  0.32519858,  0.89348689,  0.7787762 ,
         0.08662268],
       [-0.92697616, -0.02451082, -0.13957895, -0.06676398, -0.71593426,
         0.46460341],
       [-1.14867909, -1.42287383, -0.85690632, -1.40811279, -1.10745498,
        -0.28805925],
       [ 0.50096555,  0.73958879,  0.37160066,  0.98668634,  0.69934265,
         0.14723299]]), array([[ -0.3872119 ,   0.47837095,  -1.40609284,  -0.15048909,
         -0.43983618,  -0.69867149,   0.66954636],
       [  0.29540737,  -0.65753929,   2.86031967,  -0.87757795,
          0.23868767,   0.89713518,  -0.28961646],
       [  0.60243362,  -1.00095927,   6.70825457,  -1.10310208,
          0.49569037,   2.61665327,  -0.55785263],
       [  0.2903292 ,  -0.42270686,  -0.55049024,  -0.17963632,
          0.21730544,   0.36246765,  -0.02506672],
       [ -0.53584828,   0.48455078,  -2.6274808 ,   0.10688427,
         -0.02012239,  -0.68130468,   0.25359922],
       [ -1.38116348,   1.47804997, -10.69740889,   1.42441882,
         -0.99103865,  -4.10464093,   0.94535354],
       [  1.76088622,   1.09156616,   1.33240328,   1.56072865,
          1.52542015,   0.98628192,   0.77471287]]), array([[ 1.01900498, -3.1637505 , -6.37198239, -0.1273496 ,  1.73827527,
         8.5678715 , -4.36886261]])] 
 0.5, 
 1e-09, 
 1000