error: 9.96612835510762e-10 
 weigths: [array([[-1.16846709, -0.16887424, -1.20802632,  0.28850549, -1.55441305,
        -0.3495358 ],
       [ 0.81127151,  1.91858146, -0.35340579,  1.53759779,  1.3934251 ,
        -0.90481614],
       [-1.60332524, -2.09297179, -0.7763517 , -0.81658706, -0.96204391,
        -0.41682066],
       [-0.12954978,  1.01310687, -0.56398684,  1.25327086,  0.42681764,
        -0.30741624],
       [-0.09186687,  1.06547288, -0.3472246 ,  0.9715573 ,  0.41774739,
        -0.33578607],
       [ 0.63198677,  1.32753483, -0.12910815,  1.92113088,  1.69922208,
        -1.06694555],
       [-1.85844129, -2.15295893, -0.10213863, -0.32734141, -2.55385945,
         0.88226693]]), array([[-0.99801592,  0.20477023, -2.19920082,  0.52971509, -0.30774893,
         0.72511178, -2.79233599],
       [-2.41747853,  1.30877788, -5.88806013, -0.25870117,  0.16622503,
         1.77631282, -8.1571071 ],
       [-0.94393331,  0.99221914, -3.65721145, -0.14005129,  0.35344094,
         0.44166327, -4.24903689],
       [-1.81659062,  1.04100732, -4.52060017,  0.55537371,  0.13235102,
         0.74964411, -6.24038307],
       [ 1.45370916,  1.14159097,  1.25145806,  1.379666  ,  1.12709091,
         1.44785664,  0.96470695],
       [ 1.71425309,  1.54981152,  1.10239881,  1.24183094,  1.44063239,
         1.76366249,  1.53223783],
       [ 1.19910106,  1.50237082,  1.32050269,  1.33990271,  1.55540392,
         1.79409146,  0.98139136]]), array([[ 2.99246411,  8.15595013,  4.47096546,  6.12514962, -3.50624804,
        -5.20412677, -4.37338412]])] 
 0.5, 
 1e-09, 
 1000