error: 9.947310758265946e-10 
 weigths: [array([[-1.18882117e+00, -1.33455975e-01, -1.24729598e+00,
        -6.77362895e-01, -1.88140149e+00, -2.14353469e-01],
       [ 4.75576086e-01,  1.13935972e+00,  2.64607171e-01,
         6.38022091e-01,  2.32655976e-01,  3.84053378e-01],
       [ 6.60344737e-01,  1.28793517e+00,  3.29004014e-01,
         1.11371303e+00,  8.66204410e-01, -9.58103195e-02],
       [ 7.73979132e-01,  1.81808044e+00,  2.27608691e-01,
         1.79424052e+00,  6.60784575e-01, -8.00492158e-02],
       [-2.10342907e+00, -4.21469819e+00,  7.35806894e-01,
        -5.56368661e-01, -2.80104082e+00,  1.62456149e+00],
       [-9.61226790e-01,  3.55282312e-01, -8.80701134e-01,
        -1.58726847e-01, -1.66926292e+00, -5.01383368e-04],
       [-8.20537690e-01,  5.40284304e-01, -6.39149862e-01,
         3.62213506e-01, -8.62624042e-01,  1.99284022e-01]]), array([[ -4.4544683 ,   0.56181201,   1.45507585,   1.60060848,
        -10.12804361,  -1.90721907,  -1.01658646],
       [  2.31770647,  -0.70595025,  -0.8744048 ,  -0.92767564,
          5.72000017,   1.1509449 ,   0.4076475 ],
       [ -0.28396659,   0.52408091,  -0.17410906,  -0.29529836,
         -1.90613587,  -0.10050805,  -0.28167356],
       [ -3.11662078,   0.55007447,   0.58758429,   1.09132145,
         -7.90961926,  -0.78942294,  -0.28705029],
       [ -0.43450696,  -0.31885757,  -0.24243354,   0.37131708,
         -1.04726115,  -0.20513811,   0.10440751],
       [ -0.76951404,  -0.08538162,   0.32075169,   0.19785416,
         -1.77449588,  -0.58884641,  -0.14924018],
       [  1.56953487,   1.80396804,   1.72359442,   1.26717395,
          1.11692988,   1.62299979,   1.44584323]]), array([[ 7.66116371, -5.51598643,  0.64260398,  5.44698643,  0.23400792,
         0.89846888, -7.39622569]])] 
 0.5, 
 1e-09, 
 1000