weigths: [array([[-1.44406529,  1.63740239, -3.40127429,  0.09180401,  0.73013875,
        -3.19135011],
       [-1.13716505,  3.48305136, -4.58280595, -0.32719896,  0.83825709,
        -3.98582663],
       [ 0.40446368, -1.34584952,  1.78542383,  0.60935204,  2.19658652,
         0.29278105],
       [ 0.16350188,  2.43591353, -2.28977829, -0.834301  , -9.30494982,
         0.01073208],
       [ 0.57560049, -0.87806438,  1.64238765,  0.29620976,  1.7298168 ,
         0.47169803],
       [ 0.44475606, -1.27154329,  1.78095035,  0.54237985,  2.08949174,
         0.3582356 ]]), array([[-28.95078603, -28.451919  ,   4.0239895 , -29.13105471,
          4.03723921,   4.17279465]])] 
 0.5, 
 1e-19, 
 10000