weigths: [array([[0.46142907, 0.78331957, 0.61930814, 0.86014778, 0.17704095,
        0.47140962],
       [0.79096903, 0.28469546, 0.23839587, 0.12286469, 0.33601513,
        0.23471317],
       [0.61680704, 0.34080083, 0.44555997, 0.60286106, 0.56364539,
        0.20853033],
       [0.21339478, 0.86046384, 0.62391939, 0.47912329, 0.03387452,
        0.09082613],
       [0.29806364, 0.79830531, 0.60301314, 0.34551878, 0.69361353,
        0.81807832],
       [0.68880732, 0.40584805, 0.11812638, 0.510269  , 0.59533453,
        0.70787725],
       [0.9832715 , 0.17965415, 0.73371543, 0.70765661, 0.58859589,
        0.38846134],
       [0.98874056, 0.24096017, 0.81807531, 0.31398934, 0.04252373,
        0.48464269],
       [0.96618608, 0.95653745, 0.6717043 , 0.85953371, 0.3572346 ,
        0.29021773],
       [0.41348784, 0.16173574, 0.97921548, 0.44529647, 0.53491337,
        0.11409708],
       [0.12065938, 0.6045856 , 0.41878002, 0.44653646, 0.66172238,
        0.62233374],
       [0.6586871 , 0.80783832, 0.31119726, 0.77406626, 0.51217232,
        0.10564724]]), array([[0.84452222, 0.91658729, 0.96252439, 0.66426277, 0.89459383,
        0.15389717, 0.78527489, 0.52102177, 0.03863766, 0.02581308,
        0.84289968, 0.17195913],
       [0.44438209, 0.97659157, 0.62063942, 0.81883641, 0.40024966,
        0.01026654, 0.55680993, 0.50116408, 0.00440068, 0.96381956,
        0.84949699, 0.09537283],
       [0.10364331, 0.07665732, 0.08322855, 0.34200135, 0.99457804,
        0.07964274, 0.46045135, 0.95024932, 0.55767709, 0.07482592,
        0.71070233, 0.44197952],
       [0.45117785, 0.57324023, 0.26126945, 0.44820692, 0.98822755,
        0.09295064, 0.97135324, 0.58951352, 0.36704069, 0.28626391,
        0.4833825 , 0.67114823],
       [0.1551947 , 0.15943607, 0.4986704 , 0.66690886, 0.86193578,
        0.74713082, 0.99412253, 0.80428304, 0.21206075, 0.33793407,
        0.27144228, 0.61082986],
       [0.08835919, 0.1976827 , 0.02493733, 0.81079737, 0.17392644,
        0.29425105, 0.06664437, 0.92402933, 0.40983587, 0.67663732,
        0.4316491 , 0.23505553],
       [0.68126704, 0.24637633, 0.53305937, 0.94061816, 0.77774037,
        0.60560974, 0.35750904, 0.8031058 , 0.64046471, 0.94071452,
        0.55311869, 0.08437139],
       [0.69029205, 0.05699455, 0.26648979, 0.76319661, 0.22552043,
        0.4660482 , 0.79390209, 0.26505258, 0.98052992, 0.13935511,
        0.57523358, 0.3516712 ],
       [0.82587446, 0.96948729, 0.03450561, 0.6519417 , 0.71750243,
        0.2269697 , 0.54048988, 0.3544977 , 0.44978401, 0.4179173 ,
        0.24312376, 0.80800025],
       [0.17843372, 0.13667712, 0.37514905, 0.07061209, 0.96470828,
        0.32565095, 0.84298092, 0.4987777 , 0.47751007, 0.02811713,
        0.27277956, 0.35850405],
       [0.43526693, 0.54894742, 0.11550925, 0.03133501, 0.06900257,
        0.43564784, 0.48097155, 0.1784022 , 0.28973816, 0.5148738 ,
        0.73616688, 0.47033423],
       [0.79912736, 0.80594105, 0.46094096, 0.48344367, 0.07554849,
        0.38010839, 0.79263174, 0.29735217, 0.00500597, 0.64162927,
        0.80235226, 0.14143318]]), array([[0.14907342, 0.59910389, 0.80854463, 0.36273479, 0.15115001,
        0.7507719 , 0.64810979, 0.50343228, 0.81754833, 0.0037152 ,
        0.46204445, 0.05553859],
       [0.05950777, 0.16260074, 0.43161331, 0.07196966, 0.27849593,
        0.8882593 , 0.18981222, 0.20497076, 0.70881899, 0.73544274,
        0.23650457, 0.54380775],
       [0.88227999, 0.29625894, 0.52066559, 0.79244953, 0.39663193,
        0.21256167, 0.72813516, 0.35196247, 0.77465763, 0.84823527,
        0.17352283, 0.65480946],
       [0.53949473, 0.32624116, 0.76679657, 0.33248943, 0.87886132,
        0.00235728, 0.82655331, 0.47941257, 0.63473697, 0.00921588,
        0.07857363, 0.30103548],
       [0.29150842, 0.18360187, 0.7602226 , 0.78402094, 0.56154057,
        0.03159323, 0.009669  , 0.3004638 , 0.31417051, 0.37195478,
        0.55233491, 0.29445307],
       [0.2266094 , 0.25083149, 0.68294527, 0.6521052 , 0.98559554,
        0.7967653 , 0.74780833, 0.96960733, 0.47095595, 0.91588347,
        0.2357757 , 0.56290345],
       [0.75506636, 0.35969985, 0.09377093, 0.66306854, 0.99011037,
        0.17536034, 0.96769058, 0.00620786, 0.59497757, 0.1640878 ,
        0.39217387, 0.95832822],
       [0.07040627, 0.49030867, 0.93398569, 0.75575583, 0.05164377,
        0.49088705, 0.98081922, 0.28317342, 0.85269009, 0.53298385,
        0.00717126, 0.77458857],
       [0.41573517, 0.3980158 , 0.22204455, 0.12738174, 0.64876139,
        0.5834462 , 0.01573855, 0.82203298, 0.62766203, 0.09723791,
        0.03746426, 0.91705638],
       [0.24051953, 0.07446616, 0.63177618, 0.37680468, 0.55364361,
        0.78206566, 0.03004588, 0.21613373, 0.48973415, 0.98831876,
        0.20715538, 0.49124881],
       [0.55437872, 0.05826444, 0.20552938, 0.98389014, 0.328318  ,
        0.97180057, 0.34769228, 0.29184711, 0.59983019, 0.41142094,
        0.47050443, 0.558355  ],
       [0.67800049, 0.40874704, 0.36611637, 0.842699  , 0.68148407,
        0.38402873, 0.30611223, 0.36376483, 0.05366851, 0.65232853,
        0.1857612 , 0.65436849]]), array([[0.67965484, 0.71009732, 0.59569913, 0.80515932, 0.65026509,
        0.66385818, 0.37947942, 0.19717043, 0.68975766, 0.53477792,
        0.01463706, 0.38903112],
       [0.72260378, 0.67033237, 0.1826302 , 0.34697802, 0.68008548,
        0.50090259, 0.8847077 , 0.99252944, 0.86418091, 0.64658226,
        0.16224355, 0.6340305 ],
       [0.52424895, 0.93795507, 0.06322548, 0.36627122, 0.95769828,
        0.48185823, 0.42253294, 0.07553986, 0.29076423, 0.64315093,
        0.37168868, 0.7006629 ],
       [0.32838279, 0.48695004, 0.48122277, 0.0332663 , 0.42166293,
        0.45341463, 0.25082008, 0.34002283, 0.53014767, 0.72408938,
        0.93781077, 0.04905376],
       [0.88985224, 0.73958012, 0.49697509, 0.65461427, 0.07264409,
        0.74762378, 0.36378533, 0.44721228, 0.13312964, 0.55690861,
        0.15189576, 0.48444561],
       [0.510493  , 0.29813574, 0.20186132, 0.8095731 , 0.14046768,
        0.5539964 , 0.57066909, 0.10977533, 0.64500463, 0.54528546,
        0.24082892, 0.44062408],
       [0.21408118, 0.74580662, 0.34579348, 0.45352853, 0.95371321,
        0.62554765, 0.39760407, 0.62832496, 0.11893803, 0.55740705,
        0.74606923, 0.02149328],
       [0.87643566, 0.9703072 , 0.70327607, 0.50812894, 0.44875993,
        0.43566391, 0.12865569, 0.2969871 , 0.35127403, 0.84597484,
        0.86584448, 0.28406964],
       [0.60931031, 0.90763562, 0.95301753, 0.88972849, 0.22429228,
        0.85263399, 0.04393042, 0.08492911, 0.79229037, 0.76233334,
        0.59047121, 0.03914451],
       [0.55977092, 0.37783102, 0.66136485, 0.21447475, 0.12914458,
        0.60745605, 0.43583816, 0.32342557, 0.98766457, 0.0813893 ,
        0.44279971, 0.54334713],
       [0.21923946, 0.187201  , 0.3186227 , 0.46686421, 0.33130656,
        0.18087173, 0.38139299, 0.48709776, 0.29770115, 0.53379812,
        0.55988987, 0.75864379],
       [0.20134288, 0.56268644, 0.79834347, 0.33752715, 0.53767015,
        0.40994453, 0.07389485, 0.55485843, 0.50114263, 0.89222804,
        0.31254922, 0.44751983]]), array([[0.75661744, 0.06384013, 0.89250109, 0.69757859, 0.20377701,
        0.51939652, 0.55094797, 0.45582222, 0.00563231, 0.57264671,
        0.10079876, 0.08836666],
       [0.80785042, 0.5580657 , 0.65410297, 0.87146524, 0.92436631,
        0.85776468, 0.63487232, 0.14343539, 0.73920121, 0.30862242,
        0.29035958, 0.78152075],
       [0.53785815, 0.52325251, 0.62854425, 0.22412437, 0.46514305,
        0.62039275, 0.31890848, 0.84443727, 0.32455752, 0.86846098,
        0.94029348, 0.86126967],
       [0.38794726, 0.62806496, 0.73677008, 0.15605796, 0.8778598 ,
        0.66746259, 0.01677437, 0.10744112, 0.62891092, 0.31790124,
        0.23662947, 0.01910835],
       [0.69604671, 0.3583228 , 0.72969848, 0.19112174, 0.96723734,
        0.4469971 , 0.60615538, 0.93855075, 0.49650497, 0.11018215,
        0.95980788, 0.79375569],
       [0.23029891, 0.89821871, 0.42153807, 0.5007155 , 0.61975411,
        0.75213421, 0.13474917, 0.0373931 , 0.5388704 , 0.13030807,
        0.83740523, 0.17310748],
       [0.26030325, 0.57396233, 0.75350377, 0.30876779, 0.23078524,
        0.82879711, 0.18218478, 0.42998852, 0.12895574, 0.0151312 ,
        0.4410935 , 0.70469716],
       [0.0960398 , 0.4133467 , 0.27504836, 0.69156359, 0.52370449,
        0.06523824, 0.41879472, 0.0118322 , 0.93247312, 0.90588159,
        0.64334664, 0.61128477],
       [0.71006335, 0.22124717, 0.46412639, 0.64058178, 0.44928912,
        0.23475492, 0.53635371, 0.1751632 , 0.28888956, 0.98732696,
        0.66108093, 0.85127067],
       [0.56024886, 0.52055362, 0.15433189, 0.40140258, 0.95068915,
        0.60376042, 0.40012783, 0.67193511, 0.25713178, 0.62376646,
        0.24416413, 0.9968878 ],
       [0.91129428, 0.26570571, 0.05147355, 0.68376605, 0.53643223,
        0.38123877, 0.026517  , 0.87900365, 0.15102027, 0.40468863,
        0.7303716 , 0.12852325],
       [0.41102313, 0.68829164, 0.52956884, 0.8590117 , 0.30653267,
        0.84421018, 0.62219936, 0.16852247, 0.04304957, 0.4212822 ,
        0.79496003, 0.84644715]]), array([[0.88918848, 0.69387191, 0.54892101, 0.16724584, 0.03444528,
        0.68203572, 0.16965536, 0.06918771, 0.71446902, 0.47712471,
        0.78858282, 0.09983818],
       [0.73865972, 0.19197139, 0.35685493, 0.99203548, 0.40321766,
        0.91569565, 0.57584081, 0.72146664, 0.44435409, 0.60180795,
        0.45304845, 0.33606015],
       [0.78998783, 0.38367797, 0.53283941, 0.58798202, 0.54019053,
        0.08924667, 0.54224075, 0.80105698, 0.02339634, 0.81291101,
        0.17965443, 0.74798822],
       [0.18290241, 0.16885132, 0.56010265, 0.61855612, 0.17590052,
        0.49660335, 0.38125897, 0.90591381, 0.0127819 , 0.83416653,
        0.77470096, 0.92199859],
       [0.33158515, 0.57041967, 0.42740682, 0.06719979, 0.94597716,
        0.80363098, 0.67270794, 0.63588435, 0.1966027 , 0.77134283,
        0.65376154, 0.63332221],
       [0.67124536, 0.18793987, 0.50110361, 0.61804379, 0.89696958,
        0.22340678, 0.17127137, 0.71918492, 0.27844829, 0.68487718,
        0.62260704, 0.28598389],
       [0.74408446, 0.22667804, 0.02461089, 0.85192087, 0.42411044,
        0.01743707, 0.3471054 , 0.11424222, 0.5423805 , 0.43166516,
        0.60144799, 0.26575205],
       [0.43070854, 0.46821974, 0.12561923, 0.16817429, 0.86595555,
        0.60094572, 0.78664272, 0.68479011, 0.96623701, 0.73279454,
        0.64031994, 0.9265208 ],
       [0.64440263, 0.41159936, 0.62878762, 0.23594705, 0.39626199,
        0.10766144, 0.75524241, 0.876917  , 0.05538719, 0.09847061,
        0.3293002 , 0.90450137],
       [0.88530666, 0.73435257, 0.94672196, 0.59041486, 0.39566377,
        0.66734566, 0.12330856, 0.3872979 , 0.35019764, 0.55157451,
        0.73537977, 0.44940159],
       [0.7151103 , 0.50007375, 0.38841977, 0.10618058, 0.08227534,
        0.4769157 , 0.85657032, 0.08874404, 0.68610355, 0.24554696,
        0.92658912, 0.16545261],
       [0.4197469 , 0.006718  , 0.28990046, 0.96398456, 0.10912324,
        0.33524122, 0.21834494, 0.07361132, 0.58592127, 0.10843507,
        0.57671086, 0.50398363]]), array([[0.99936106, 0.94915536, 0.31113396, 0.31244063, 0.57598429,
        0.48494741, 0.05938405, 0.24810492, 0.4191922 , 0.35663265,
        0.45475165, 0.58975119],
       [0.07860583, 0.12919735, 0.68663763, 0.82838151, 0.70130383,
        0.9742352 , 0.48987728, 0.95013227, 0.11381272, 0.26129411,
        0.37477969, 0.67534668],
       [0.56129123, 0.48143805, 0.13743682, 0.77825904, 0.93155205,
        0.44087404, 0.88506176, 0.84183137, 0.3123942 , 0.60057084,
        0.20784235, 0.20767587],
       [0.17308785, 0.04490202, 0.18962805, 0.63142737, 0.08388922,
        0.78068581, 0.44455563, 0.62996368, 0.81942751, 0.0236069 ,
        0.01096816, 0.65251931],
       [0.78363367, 0.62751024, 0.38489946, 0.10743725, 0.14904027,
        0.06436156, 0.24808399, 0.39644679, 0.66214193, 0.36961297,
        0.87658942, 0.29886655],
       [0.3886427 , 0.59799448, 0.62078444, 0.76334616, 0.54880989,
        0.35162271, 0.70791433, 0.39401341, 0.27659398, 0.49612247,
        0.49099383, 0.40691807],
       [0.50477995, 0.54053621, 0.86389301, 0.60863386, 0.44413781,
        0.23812963, 0.32352472, 0.64582865, 0.28271133, 0.20424429,
        0.4603671 , 0.09337441],
       [0.7126388 , 0.82608321, 0.89800123, 0.8323256 , 0.95957467,
        0.47669033, 0.52220162, 0.78193632, 0.98006511, 0.07061998,
        0.23600398, 0.46059633],
       [0.92341343, 0.34004205, 0.89114227, 0.93895673, 0.41799754,
        0.07089292, 0.98570296, 0.03221074, 0.92089551, 0.01245574,
        0.66160927, 0.85909895],
       [0.91950366, 0.70873001, 0.72667532, 0.78645068, 0.35507834,
        0.66667581, 0.58883405, 0.60280651, 0.37393194, 0.30775693,
        0.05757582, 0.26476265],
       [0.93692276, 0.01169213, 0.03383618, 0.38038598, 0.13825206,
        0.87612861, 0.54832625, 0.37654825, 0.95839865, 0.93546493,
        0.52834248, 0.82673483],
       [0.69375607, 0.37335534, 0.24092526, 0.4818046 , 0.64988652,
        0.41621028, 0.27844555, 0.21236307, 0.17645857, 0.31587528,
        0.48026453, 0.05089456]]), array([[0.80983638, 0.4313319 , 0.2150977 , 0.93861006, 0.64224064,
        0.68690619, 0.57276809, 0.78922774, 0.66540042, 0.81669055,
        0.16906206, 0.38747073],
       [0.27524251, 0.07461881, 0.77722496, 0.74155798, 0.1560414 ,
        0.83760071, 0.4269456 , 0.32611926, 0.81799292, 0.19611461,
        0.40178429, 0.70051472],
       [0.50080228, 0.21721957, 0.57962468, 0.44116974, 0.06283292,
        0.48209481, 0.86231492, 0.17638266, 0.85653728, 0.72181591,
        0.15769555, 0.50314782],
       [0.75871386, 0.33529149, 0.78588306, 0.01139611, 0.75607491,
        0.18273081, 0.87589368, 0.33329894, 0.60897716, 0.80873444,
        0.2791963 , 0.46481633],
       [0.70537106, 0.3920096 , 0.67667712, 0.41324634, 0.94433182,
        0.15637177, 0.81622911, 0.14951109, 0.14659235, 0.91281117,
        0.06343415, 0.06947848],
       [0.32272123, 0.26304275, 0.91278726, 0.54157015, 0.05508334,
        0.89516651, 0.97836812, 0.40413614, 0.46429295, 0.82458998,
        0.37835646, 0.58708369],
       [0.15340743, 0.25928179, 0.41005252, 0.81034971, 0.66989371,
        0.77617433, 0.33723924, 0.94671349, 0.99049709, 0.75789173,
        0.03134564, 0.5107855 ],
       [0.15307297, 0.37252969, 0.62719243, 0.35983299, 0.82779375,
        0.99844386, 0.84872453, 0.58565747, 0.78709947, 0.34130113,
        0.0976597 , 0.4275132 ],
       [0.63191436, 0.61896656, 0.09350235, 0.74884169, 0.39814856,
        0.66709008, 0.16307957, 0.63636827, 0.77446324, 0.98166735,
        0.12290368, 0.59200552],
       [0.24887031, 0.37414937, 0.94570749, 0.71372396, 0.61531599,
        0.74611936, 0.88595345, 0.20340137, 0.53202253, 0.84757562,
        0.43516659, 0.85432507],
       [0.44662809, 0.47994248, 0.44138117, 0.60630437, 0.75199099,
        0.95742949, 0.85166893, 0.75554564, 0.46960144, 0.26504209,
        0.73570534, 0.99866351],
       [0.48656348, 0.79259142, 0.31423884, 0.87219382, 0.8131287 ,
        0.76668356, 0.81731984, 0.11676791, 0.10008697, 0.89524527,
        0.12020791, 0.9403208 ]]), array([[0.91457828, 0.53400987, 0.48107684, 0.82946078, 0.2433476 ,
        0.63558373, 0.30866108, 0.24584561, 0.07515614, 0.04626527,
        0.51794733, 0.33006302],
       [0.36263132, 0.59049451, 0.28689076, 0.733275  , 0.05204963,
        0.80448476, 0.54901681, 0.6646368 , 0.03169276, 0.75849427,
        0.31799168, 0.99910781],
       [0.14552397, 0.51762667, 0.11021226, 0.98616023, 0.20511721,
        0.33200557, 0.5467853 , 0.37937831, 0.81432887, 0.16118447,
        0.23724257, 0.79715062],
       [0.56553118, 0.90450322, 0.80335719, 0.40624821, 0.80862461,
        0.64366551, 0.83219826, 0.58846691, 0.33497595, 0.99411834,
        0.27197816, 0.38310239],
       [0.1786825 , 0.31101702, 0.34678877, 0.87654072, 0.27370862,
        0.26993349, 0.28425119, 0.05709967, 0.36530931, 0.46294355,
        0.72743489, 0.81411049],
       [0.45894648, 0.49442141, 0.92573333, 0.69578638, 0.76529916,
        0.05383451, 0.54593086, 0.46548784, 0.36913686, 0.73973751,
        0.4235941 , 0.48389911],
       [0.25007917, 0.76818953, 0.67091726, 0.23315037, 0.1469372 ,
        0.8908621 , 0.49280907, 0.41949053, 0.42550704, 0.22530536,
        0.92991821, 0.56681736],
       [0.49635215, 0.40062037, 0.4801331 , 0.10411889, 0.73508854,
        0.72931594, 0.52422162, 0.13471731, 0.75775224, 0.91625991,
        0.22616399, 0.59556138],
       [0.07270749, 0.49543239, 0.6283383 , 0.86693963, 0.51501904,
        0.07024218, 0.23092906, 0.0547822 , 0.42104124, 0.82096537,
        0.586804  , 0.47940192],
       [0.12902827, 0.6425072 , 0.87638018, 0.92338244, 0.69131403,
        0.50635534, 0.41371031, 0.78369833, 0.99115258, 0.95263752,
        0.406211  , 0.15824283],
       [0.48637592, 0.7974201 , 0.58413368, 0.33690459, 0.83276687,
        0.59410569, 0.50643087, 0.82093516, 0.25909255, 0.76565591,
        0.5109137 , 0.5066848 ],
       [0.17304598, 0.00144197, 0.11578342, 0.02164677, 0.60337311,
        0.545092  , 0.00441183, 0.79714163, 0.0593074 , 0.02569074,
        0.12474538, 0.00906543]]), array([[0.55957443, 0.19203863, 0.38196417, 0.65022802, 0.4661979 ,
        0.45724059, 0.56620999, 0.59598907, 0.98395583, 0.11771713,
        0.31816712, 0.81373606],
       [0.75726011, 0.86216877, 0.06953406, 0.47171568, 0.5523131 ,
        0.72583184, 0.68088844, 0.77742386, 0.37538042, 0.01959162,
        0.62902166, 0.69840003],
       [0.99708681, 0.12962289, 0.27774839, 0.99469452, 0.56781745,
        0.21894424, 0.34069282, 0.08543937, 0.64869699, 0.91848393,
        0.29854295, 0.83050285],
       [0.77463569, 0.26693558, 0.55491947, 0.34674238, 0.83610678,
        0.83189168, 0.5936436 , 0.31341237, 0.46038784, 0.60719545,
        0.16674868, 0.37200795],
       [0.373766  , 0.43604938, 0.22246508, 0.15405483, 0.76235087,
        0.58237935, 0.67645362, 0.67148708, 0.99955317, 0.55922993,
        0.06444407, 0.90594568],
       [0.16318479, 0.18682909, 0.3024148 , 0.88112407, 0.1580545 ,
        0.13412293, 0.62261162, 0.93721869, 0.29599704, 0.27120435,
        0.43825072, 0.83293462],
       [0.94535311, 0.63353751, 0.82739128, 0.59024828, 0.37190481,
        0.26782689, 0.13143869, 0.5549381 , 0.47737128, 0.74292212,
        0.8314097 , 0.51028307],
       [0.71565815, 0.42393291, 0.07689129, 0.77640166, 0.22449653,
        0.99629093, 0.20976172, 0.83276471, 0.4315422 , 0.63900746,
        0.77543146, 0.41194956],
       [0.89582715, 0.09190275, 0.71186759, 0.64951885, 0.88139003,
        0.48174539, 0.26417582, 0.82924659, 0.20165736, 0.28114087,
        0.98935826, 0.08867159],
       [0.63931204, 0.85711468, 0.97877885, 0.60677464, 0.75142116,
        0.6300656 , 0.95840047, 0.02262361, 0.78968689, 0.59544946,
        0.2438742 , 0.04385043],
       [0.2934299 , 0.7977914 , 0.16988429, 0.71903234, 0.6190493 ,
        0.96091711, 0.90760879, 0.45158024, 0.47915244, 0.56264211,
        0.34359067, 0.7121376 ],
       [0.32232936, 0.32111705, 0.48569028, 0.35476127, 0.07087936,
        0.47976042, 0.07178167, 0.59416524, 0.77692666, 0.72834347,
        0.12223445, 0.25999224]]), array([[ 0.92130226,  0.63602002,  0.57539078,  0.80450919,  0.15881057,
         0.52362706,  0.15975382,  0.36581929,  0.54795419,  0.40570243,
         0.97487392,  0.16690855],
       [ 0.44536653, -0.24459602, -0.00265318,  0.32650102, -0.37017162,
         0.27459632, -0.039472  , -0.34288556, -0.21963216,  0.21479324,
        -0.30736464, -0.17651258],
       [ 0.62104482,  0.88208039,  0.86238166,  0.43176611,  0.44842323,
         0.23739317,  0.25261978,  0.40622659,  0.61725858,  0.2211746 ,
         0.64836248,  0.35625266],
       [ 0.83089127,  0.6170735 ,  0.71651232,  0.23071997,  0.42430331,
         0.57666905,  0.45208752,  0.28722503,  0.78296988,  0.51489385,
         0.85832051,  0.08032089],
       [ 0.57127149,  0.86856827,  0.75414184,  0.79123117,  0.29095101,
         0.02022686,  0.9680756 , -0.01716567,  0.01731137,  0.70479845,
         0.54825383,  0.04208547],
       [ 0.20954285,  0.49015269,  0.4917714 ,  0.50919274,  0.77358951,
         0.47203883,  0.66545108,  0.77524275,  0.74141593,  0.08456709,
         0.12827631,  0.54237904],
       [ 0.71754085,  0.16729293,  0.88538906,  0.80738542,  0.23404704,
         0.59904394,  0.12644262,  0.40131533,  0.73146699,  0.39213828,
         0.95114267,  0.51233383],
       [ 0.69805176,  0.30809509,  0.70856416,  0.34535417,  0.0523928 ,
         0.95761589,  0.78269293,  0.71083129,  0.33648706,  0.34708865,
         0.91374665,  0.48011449],
       [ 0.52431159,  0.95935829,  0.76473663,  0.99823044,  0.85106006,
         0.99438934,  0.42408331,  0.99156324,  0.7699774 ,  0.42934755,
         0.88244986,  0.74694151],
       [ 0.9465078 ,  0.88459019,  0.36038988,  0.6322586 ,  0.69517716,
         0.72852038,  0.98375973,  0.55222548,  0.60075932,  0.23326647,
         0.86861925,  0.51325229],
       [ 0.97671514,  0.65295463,  0.19908475,  0.51365416,  0.56701295,
         0.04655304,  0.04291283,  0.29375349,  0.88848312,  0.33884572,
         0.8047727 ,  0.80602874],
       [ 0.68827083,  0.73381527,  0.60132668, -0.0148094 ,  0.29461558,
         0.49170876,  0.08705132,  0.61788352,  0.55415453,  0.93633873,
         0.50716442,  0.16072125]]), array([[-0.14789148,  0.06897303, -0.45871011, -0.28235637, -0.71094938,
        -0.23571319, -0.03332254, -0.5840862 , -0.04699324, -0.04786473,
        -0.05804182, -0.37019885],
       [ 0.09525979, -0.47344979, -0.43418759, -0.53709933, -0.33340103,
        -0.40524276,  0.0741926 , -0.42244444, -0.65619535, -0.1384196 ,
         0.10282008, -0.09970207],
       [-0.12262656, -0.15498492, -0.67208373, -0.05457099, -0.20451652,
        -0.50242719, -0.48750856, -0.11823991, -0.11418932, -0.23412316,
        -0.01402038, -0.34201347],
       [ 0.14658495,  0.29388027, -0.51555591, -0.10952046, -0.40223784,
        -0.2611952 , -0.19304436, -0.2909519 , -0.45951903,  0.15606543,
        -0.62558242, -0.51548246],
       [-0.27624015,  0.42646773, -0.62843413, -0.41409443, -0.2869828 ,
         0.21560174,  0.15689193,  0.07572462, -0.43634884, -0.56853484,
        -0.64683254, -0.31060642],
       [ 0.19613236, -0.57445259,  0.07784613, -0.40548511, -0.37120997,
        -0.01750643, -0.21775761, -0.25900944, -0.61816532, -0.58433635,
        -0.06913543, -0.43898133],
       [-0.49554843,  0.1184896 , -0.4690671 ,  0.01609387, -0.74204823,
        -0.12879079,  0.23298101,  0.09578453, -0.00489033, -0.4292807 ,
        -0.37098393, -0.70056778],
       [-0.26414802,  0.26666464, -0.42888106,  0.24541034, -0.33173481,
         0.07053979, -0.43027826, -0.62185534, -0.26730164, -0.36457169,
        -0.03514206, -0.62530149],
       [-0.05083945, -0.11381519,  0.06502525, -0.55495286, -0.31912921,
        -0.55378295, -0.81392037, -0.22609166,  0.07187243,  0.00740684,
        -0.24528818, -0.28340384],
       [-0.54068685, -0.20894543, -0.12886159, -0.16614162, -0.3081443 ,
         0.03898249, -0.32272429, -0.23912642, -0.39783931,  0.23987941,
        -0.60985484, -0.42332863],
       [-0.30381767, -0.01329458, -0.22819039,  0.04472076, -0.29453897,
        -0.36076349,  0.03305725,  0.00213691,  0.09334272, -0.71775039,
        -0.46905097, -0.7410515 ],
       [-0.08511647, -0.44014897, -0.380018  , -0.21441313, -0.67850234,
         0.07616286, -0.71985994,  0.11007915, -0.34851921, -0.38631695,
         0.15248028, -0.29061578]]), array([[-1.08516529, -1.0623328 , -1.05665574, -1.09888913, -1.10196211,
        -1.05265193, -1.08673381, -1.09239008, -1.07920351, -1.06838446,
        -1.08118504, -1.05956187]])] 
 0.5, 
 1e-19, 
 10000