weigths: [array([[-0.64077689,  3.05342937, -2.53980714, -0.89358901, -3.74206322,
        -1.55838628],
       [-1.18715008,  0.70581502, -2.59798183,  0.38239996, -0.82084579,
        -1.50784342],
       [-0.92449296,  1.86070528, -2.90192758,  0.18153298, -1.37413017,
        -2.03331585],
       [-0.87254146,  2.16708897, -2.76424687, -0.29316775, -2.19734863,
        -1.70336955],
       [ 1.05133112,  0.71619166, -0.72767267,  2.25894334,  6.63003205,
        -2.67176766],
       [-1.57416243, -1.44739961, -2.14246843,  1.42973282,  0.27444973,
        -1.16640887]]), array([[-1.75429167, -2.30322665, -1.02353394, -1.30767042, -0.82175505,
        -2.93556009],
       [-5.83606181, -6.54153603, -3.82877849, -4.88781349,  4.40702081,
        -8.81015019],
       [-3.18920662, -3.47915377, -2.64730274, -2.35161964,  1.36302888,
        -5.05495467],
       [-1.4662065 , -0.78566006, -1.31993552, -1.41498668, -0.79970742,
        -1.42026334],
       [ 1.1324469 ,  1.36875914,  1.25000252,  0.47711323,  0.44045442,
         2.2712886 ],
       [-3.69118009, -3.88323388, -2.52011603, -3.08877119,  2.05489759,
        -5.63607969]]), array([[-1.06022991, -3.18569161, -2.23995747, -0.1494656 ,  1.50767291,
        -1.94335467],
       [-1.08030792, -4.1082196 , -1.6994719 , -0.17517838,  2.35068389,
        -2.38977106],
       [-0.08710512,  4.62298878,  1.57730261,  0.11445556, -2.47685613,
         2.46229614],
       [-0.81151481, -3.98542156, -2.04900246, -0.07664249,  2.30585913,
        -2.39555432],
       [-0.88947729, -2.90316049, -1.75773597, -0.69916698,  0.9584623 ,
        -1.8256173 ],
       [-0.64017331, -3.86908523, -1.44391317, -0.2849068 ,  1.47943456,
        -1.6318754 ]]), array([[-5.33755853, -6.30483575, 10.54484456, -6.26781273, -5.28497649,
        -5.70270592]])] 
 0.5, 
 1e-19, 
 10000