weigths: [array([[0.07517249, 0.40992757, 0.48997629, 0.53058283, 0.99868784,
        0.44833134],
       [0.55963158, 0.60259485, 0.12348737, 0.78544849, 0.54834781,
        0.19435464],
       [0.1266848 , 0.84413102, 0.41981509, 0.10360491, 0.43834511,
        0.61705083],
       [0.56024015, 0.46455826, 0.56681066, 0.39871406, 0.3984705 ,
        0.75933214],
       [0.34363166, 0.98695992, 0.8678991 , 0.57179503, 0.24019093,
        0.98967618],
       [0.48856477, 0.05604301, 0.15204098, 0.13783122, 0.70441771,
        0.59473237]]), array([[5.79607844e-01, 1.31186554e-01, 6.76618046e-01, 5.41161471e-01,
        9.27073967e-02, 5.88462027e-01],
       [8.86517182e-02, 1.55093074e-01, 4.89004113e-01, 2.23679865e-01,
        9.89494469e-01, 8.13382879e-01],
       [8.01598984e-01, 3.00029835e-02, 4.01771044e-01, 5.20658956e-01,
        9.88928803e-01, 7.80648172e-01],
       [2.98481708e-01, 5.46017638e-01, 6.84981897e-01, 3.09009844e-04,
        8.27047290e-01, 3.88355184e-01],
       [3.42848122e-01, 2.33899313e-01, 6.51509893e-01, 4.16213063e-01,
        9.46174647e-01, 5.44630865e-01],
       [8.00678034e-01, 7.22301387e-01, 7.04851814e-01, 3.05616854e-01,
        7.04963090e-03, 5.18602739e-01]]), array([[6.67894840e-01, 8.97406948e-01, 9.44095175e-02, 4.36439876e-01,
        6.93773802e-01, 3.17846630e-01],
       [6.83488304e-01, 6.17576114e-01, 3.06116661e-01, 8.89019681e-01,
        6.14571894e-01, 5.68274844e-01],
       [4.01487020e-02, 8.49873322e-01, 9.06431367e-01, 7.18660417e-01,
        4.63521834e-01, 5.95225610e-02],
       [4.07850664e-01, 5.00837757e-01, 1.29917311e-01, 1.06157117e-01,
        3.85488507e-01, 8.66171004e-01],
       [3.30931393e-01, 2.36795823e-01, 3.53289080e-02, 3.09823881e-01,
        8.07495779e-01, 8.42289788e-01],
       [1.52265341e-01, 6.57040372e-01, 4.98296890e-01, 4.79029887e-01,
        1.48865961e-04, 3.53971298e-01]]), array([[0.97452448, 0.74710478, 0.68001006, 0.11727083, 0.19126726,
        0.5224151 ],
       [0.27500123, 0.06699756, 0.47936798, 0.10085763, 0.99462559,
        0.01520839],
       [0.8228448 , 0.90259841, 0.80239594, 0.78026846, 0.52392511,
        0.08110693],
       [0.95651694, 0.28710403, 0.92177156, 0.73765359, 0.18087536,
        0.65685476],
       [0.78651968, 0.05867125, 0.81002517, 0.60497833, 0.88429354,
        0.64120432],
       [0.3775657 , 0.91642035, 0.23238884, 0.40878149, 0.52822721,
        0.61001151]]), array([[0.49040952, 0.29143225, 0.95717363, 0.28456419, 0.77919788,
        0.62524028],
       [0.46500239, 0.46364266, 0.69859622, 0.76459446, 0.28616397,
        0.12434042],
       [0.34628778, 0.57878552, 0.58474184, 0.06948798, 0.46328676,
        0.67401562],
       [0.32998169, 0.17859732, 0.11538312, 0.06118991, 0.04579843,
        0.84866716],
       [0.93673079, 0.97068903, 0.11512922, 0.03120399, 0.19716968,
        0.72969506],
       [0.03907441, 0.44887413, 0.6877963 , 0.49722819, 0.50896421,
        0.40322002]]), array([[0.12711659, 0.1331498 , 0.62926002, 0.38282176, 0.78747229,
        0.30165541],
       [0.4351808 , 0.60271554, 0.84230276, 0.79956245, 0.39193404,
        0.2310399 ],
       [0.34717379, 0.03192005, 0.72963298, 0.45520211, 0.53883618,
        0.6488503 ],
       [0.41940102, 0.67664748, 0.24414578, 0.37257553, 0.34416695,
        0.62061811],
       [0.42122685, 0.61785744, 0.90883425, 0.45388109, 0.75956662,
        0.16007785],
       [0.99201958, 0.60831817, 0.66958271, 0.68960932, 0.15390675,
        0.81545978]]), array([[0.6204728 , 0.4874967 , 0.97439557, 0.02473995, 0.96244012,
        0.731902  ],
       [0.1158815 , 0.98996571, 0.11870044, 0.36741833, 0.79240293,
        0.64246832],
       [0.4416864 , 0.36615566, 0.75770923, 0.48106303, 0.69210897,
        0.3924187 ],
       [0.20850317, 0.71146311, 0.35271506, 0.14250067, 0.79887847,
        0.24921574],
       [0.1152909 , 0.10309684, 0.90840889, 0.30851491, 0.37873521,
        0.31052061],
       [0.44951247, 0.35845049, 0.96617221, 0.31822077, 0.62551169,
        0.57653906]]), array([[0.96291786, 0.64680754, 0.80251573, 0.15988843, 0.9915649 ,
        0.91214867],
       [0.67869209, 0.54462912, 0.22386183, 0.44864147, 0.64396257,
        0.15860868],
       [0.8281202 , 0.47958948, 0.37499343, 0.58961714, 0.62464703,
        0.91277408],
       [0.96278924, 0.24275737, 0.89400815, 0.64200958, 0.23967754,
        0.21511601],
       [0.79778914, 0.40482097, 0.30653943, 0.98570126, 0.41409097,
        0.30555505],
       [0.46406505, 0.71451024, 0.37340372, 0.46561162, 0.64986482,
        0.71762247]]), array([[ 4.05087283e-01,  8.73568991e-02,  7.10296858e-01,
         5.30752098e-01,  2.68195519e-01,  6.70604210e-01],
       [ 9.93217393e-01,  9.62482734e-01,  7.68626921e-01,
         9.85995359e-01,  3.46665339e-04,  7.34054829e-01],
       [ 1.93760359e-01,  8.63678582e-01, -6.70163421e-02,
        -3.11470153e-02,  8.23985774e-02,  6.62135395e-02],
       [ 2.63678311e-01,  7.64904267e-01,  6.78333161e-01,
         3.15821344e-01,  7.86425930e-01,  2.55924806e-01],
       [ 3.43174607e-02,  3.49065210e-01,  6.15216418e-01,
         6.09075505e-01,  3.04614086e-01,  9.49963130e-01],
       [ 8.19279869e-01,  5.72743372e-01,  5.99467539e-01,
         1.84270377e-01,  4.07671890e-01,  8.86969206e-01]]), array([[ 0.07916394, -0.1748627 ,  0.29220019, -0.23237314, -0.0523224 ,
         0.14506249],
       [ 0.95654853,  0.08823943,  0.37402373,  0.78295085,  0.71784625,
         0.74756617],
       [ 0.4126071 ,  0.92443077,  0.32577032,  0.54205082,  0.92203078,
         0.59677783],
       [ 0.64051945,  0.59953788,  0.24285412, -0.21790726,  0.63400659,
        -0.16840138],
       [-0.13968749,  0.19277205,  0.02363628,  0.36552409, -0.2352496 ,
        -0.20398073],
       [-0.38700214, -0.08522639,  0.10922318,  0.03284485,  0.0472968 ,
         0.30158408]]), array([[ 1.14635183e-05, -6.49185715e-02,  4.73103246e-02,
         1.88541081e-02,  8.43027219e-07,  4.16524634e-06]])] 
 0.5, 
 1e-19, 
 10000