weigths: [array([[  0.46007127,  -1.06050036,   1.6653261 ,   0.50156727,
          2.10319676,   0.19265984],
       [  0.50464402,  -1.27080337,   1.95199021,   0.31544961,
          1.62930033,   0.65490631],
       [ -1.56689883,   1.04140321,  -3.03905587,   0.10414773,
          0.46541236,  -2.92756235],
       [ -1.3487001 ,   2.15818322,  -3.71729785,  -0.13016087,
          0.52123157,  -3.35214366],
       [  0.73410799,   5.56058255,  -4.50786836,  -1.22451022,
        -10.26237248,  -1.63355934],
       [  0.47016607,  -0.96294221,   1.59471819,   0.48957641,
          2.1424911 ,   0.1273871 ]]), array([[  3.80337816,   3.57531012, -30.87683882, -28.47641696,
        -25.89332483,   3.8234173 ]])] 
 0.5, 
 1e-19, 
 10000