weigths: [array([[ 13.50768677,   0.71626086,   1.99796357,   3.13509122,
         -0.21291151, -21.80462578],
       [ -2.55073157,   4.69686347,   3.744947  ,  -6.64970437,
         -7.39112773,   3.88188885],
       [  4.48412229,  -3.11805227,   4.86020311,  -1.84726732,
         16.22245762, -17.84042589],
       [ -1.90224028,  -6.5093784 ,   0.49573923,   3.80220005,
          0.53917539,   1.88950448],
       [  8.1500748 ,   3.18108944,  -7.53098365,   5.85029047,
        -22.37747898,   4.1274031 ],
       [ 13.90750893, -10.26645446, -10.59749987,   9.97015361,
         -7.45861199,   3.06890902]]), array([[-1.7859599 , -1.33714725,  1.69286293, -1.41655471,  1.05883249,
        -1.26306037]])] 
 0.5, 
 1e-19, 
 10000