weigths: [array([[ 0.63664901,  0.24161839,  1.3342145 ,  1.86255949,  3.60064903,
        -1.07302499],
       [-0.90211037,  0.93245181, -2.14739707, -0.96343687, -2.94535466,
        -0.4530802 ],
       [-1.60081553, -0.22508931, -2.03762233,  0.21736021, -2.32245629,
        -0.48365726],
       [ 0.82014153,  0.60702287,  1.06503618,  1.53410118,  3.50316329,
        -1.17190563],
       [ 0.50097919, -0.20696682,  0.56307756,  1.43510024,  2.76319882,
        -0.59361315],
       [-1.76844923, -0.58826389, -1.89762993,  0.77868338, -0.56341333,
        -1.30058877],
       [-1.24849731,  0.30615725, -2.15282429, -0.19442301, -2.70718611,
        -0.58769468],
       [-0.98087447, -1.0368152 , -0.90017447,  0.55600529,  0.76414929,
        -1.65423165],
       [-3.60855754, -4.10620002, -0.62406483,  1.93013454, -0.77237682,
         2.08437725],
       [-1.35815607,  0.05390606, -2.0841123 , -0.08527086, -2.60969131,
        -0.48927637],
       [-1.42605093,  0.02698776, -2.09499593, -0.02154569, -2.5390879 ,
        -0.48805648],
       [ 0.4805985 , -0.15575184, -1.20444141, -2.73139471, -6.18553446,
         1.45160241]]), array([[-0.47954956,  2.8271369 ,  2.70667258, -0.76148992, -0.85928011,
         1.33691432,  2.24908011,  0.1901362 ,  0.93661939,  2.2663351 ,
         2.73543658,  2.66633888],
       [ 1.35813063, -2.95066415, -2.9571861 ,  1.80128405,  1.01179468,
        -0.68893975, -3.27358548, -0.12921814, -4.90084151, -2.93374915,
        -3.01766573, -4.35788371],
       [-0.16737447,  1.55130543,  1.66199543, -0.01695504,  0.13180451,
         0.959434  ,  1.37259056,  0.57377183,  0.8617756 ,  1.25408926,
         1.60679788,  1.69650987],
       [-0.74366022,  2.11710289,  1.22869687, -0.57414145,  0.0450204 ,
         1.56065684,  2.03904273,  0.06797834,  1.03891994,  1.85907988,
         1.60481251,  1.91897323],
       [ 1.96810158, -2.181478  , -2.63730791,  1.61186943,  0.67446668,
        -1.12644425, -2.69857606,  0.04105648, -6.39718141, -1.89944935,
        -2.39661293, -3.91093832],
       [ 2.87980498, -2.98798367, -4.2457039 ,  2.3226945 ,  0.99990917,
        -1.57147804, -3.9521904 , -0.83208786, -7.10056758, -3.19620046,
        -3.83418142, -5.86327702],
       [ 2.5069688 , -3.44374215, -4.14759067,  2.27844253,  1.17006308,
        -1.83210115, -3.93432649, -0.25278138, -6.79086462, -4.09732265,
        -3.70091876, -5.71532106],
       [-0.20879767,  1.90714821,  2.48836478, -0.98812809, -0.72498708,
         1.52402196,  2.61356304,  1.11070291,  0.42345525,  1.73117385,
         2.60057084,  2.11154273],
       [ 2.33354426, -2.89765929, -4.01475651,  2.83401149,  1.21068817,
        -1.16316937, -3.76497545, -0.07086639, -8.17967649, -3.84786404,
        -4.08269222, -6.31113435],
       [-0.55226434,  2.46061641,  2.28770881, -0.81673991, -0.64107283,
         1.48813214,  2.41082116,  0.77814408,  0.99433154,  2.05207435,
         1.74715535,  2.51777306],
       [ 1.27244345, -1.80630557, -2.24358463,  0.67622469,  0.70138795,
        -0.81601908, -1.82603004, -0.20571975, -3.65205395, -2.04643889,
        -1.98497426, -3.26046166],
       [-0.19863098,  1.95688929,  1.4168494 , -0.67030808, -0.30139829,
         1.07138476,  1.88021252,  0.33111747,  1.47487843,  1.48171059,
         1.84988506,  1.59954913]]), array([[-1.89225966e-01, -9.95979365e-01, -4.66340536e-01,
        -2.40149829e-01, -3.60418092e-01, -3.81057420e-01,
        -3.81409017e-01, -2.40602596e-01, -1.08839790e+00,
        -2.49672073e-01, -9.00182104e-01, -6.25476691e-01],
       [-2.66292105e+00,  2.98674537e+00, -9.78742620e-01,
        -2.06295952e+00,  3.03293327e+00,  3.92670995e+00,
         3.27043172e+00, -1.96722962e+00,  4.48519553e+00,
        -1.94499829e+00,  1.38057801e+00, -2.09106671e+00],
       [-2.07878157e-01, -6.46661433e-01, -2.86133897e-01,
        -4.44309235e-01,  2.31535990e-02,  1.39867301e-01,
        -4.70184641e-01, -6.02857207e-01, -2.71939637e-03,
        -4.12329525e-01, -4.45819432e-01, -5.45299164e-01],
       [ 8.80669010e-01, -1.27812796e+00,  7.39153299e-01,
         9.46405012e-02, -6.13424798e-01, -7.25648594e-01,
        -1.51579684e+00,  8.31600551e-01, -1.18256842e+00,
         1.43777739e-01, -1.16723773e+00,  3.83755221e-01],
       [-5.70534257e+00,  3.56899312e+00, -5.13302104e+00,
        -4.52878794e+00,  2.39278792e+00,  4.86955372e+00,
         5.29089184e+00, -5.34322936e+00,  4.64051569e+00,
        -5.28399351e+00,  2.18248724e+00, -4.26748200e+00],
       [-7.19824214e-01,  1.00409415e+00, -3.88304189e-01,
         1.26533419e-01,  9.81796356e-01,  1.85840505e-01,
         6.93767055e-01,  4.57994325e-02,  9.50553630e-01,
         6.88720570e-02,  5.00416862e-01, -3.70822808e-01],
       [-1.09610816e-01, -1.53778675e+00,  4.95035180e-02,
        -2.06219000e-01, -1.09307084e+00, -1.76588769e+00,
        -1.58619899e+00, -1.67047590e-01, -1.75905593e+00,
        -1.61216350e-01, -1.10361848e+00,  1.38542750e-01],
       [ 2.07880450e-01,  5.58542969e-01, -1.65977730e-01,
        -9.86991047e-02, -1.53854904e-01, -1.56021153e-01,
         7.91424985e-02,  3.44527124e-01,  1.54335928e-01,
         3.66624226e-01,  5.87838302e-01,  2.85283061e-01],
       [ 1.07336826e+00, -3.36477647e+00,  1.77736509e+00,
         1.34268209e+00, -4.24575166e+00, -4.56652921e+00,
        -4.24629068e+00,  1.26025037e+00, -4.97407135e+00,
         1.34146538e+00, -2.96409886e+00,  7.39220903e-01],
       [-7.05623004e-02,  3.64277731e-01, -6.73279408e-01,
        -1.10756000e-01,  7.42911263e-01,  7.55099146e-01,
         9.97290385e-01, -1.35205549e-01,  1.03966738e+00,
        -8.44128220e-02,  8.81598970e-01, -7.78614582e-01],
       [-1.37499324e+00,  4.07635527e+00, -1.79753844e+00,
        -1.70176959e+00,  4.89540724e+00,  5.91151222e+00,
         5.74181290e+00, -1.24030146e+00,  6.25212743e+00,
        -1.89132708e+00,  2.95804377e+00, -1.52891382e+00],
       [-3.43071051e-01,  8.08690872e-03, -7.00812601e-01,
        -5.22835556e-01, -4.85426227e-01, -1.37153255e-01,
        -2.39947600e-01, -7.30139616e-01, -1.63270840e-01,
        -1.43295750e-01, -3.77189793e-01, -4.34976882e-01]]), array([[-0.08454112, -9.52587869, -0.33091308,  1.15042293, 12.48443441,
        -2.0348248 ,  0.10341757, -0.44928   , -6.52127161, -2.04112031,
         7.47914043, -0.59157115]])] 
 0.5, 
 1e-19, 
 10000