weigths: [array([[0.88384843, 0.06659697, 0.17693186, 0.47273381, 0.40670012,
        0.16607147],
       [0.76478697, 0.27453687, 0.83614131, 0.01488076, 0.80438816,
        0.63166158],
       [0.48912112, 0.46499427, 0.27435385, 0.60905005, 0.09244294,
        0.02931754],
       [0.86378987, 0.34818661, 0.81903543, 0.36571995, 0.69539046,
        0.12051187],
       [0.31135186, 0.41969065, 0.67595473, 0.0609988 , 0.28583951,
        0.85533624],
       [0.75878191, 0.16396793, 0.00244156, 0.87156343, 0.50812044,
        0.76918786]]), array([[0.69275234, 0.04527277, 0.88583995, 0.63972   , 0.20015477,
        0.43063376],
       [0.29191899, 0.78847755, 0.73524061, 0.55213147, 0.38595272,
        0.75927014],
       [0.39962326, 0.32770441, 0.22489292, 0.90320519, 0.9754058 ,
        0.65517052],
       [0.42385327, 0.1935462 , 0.52802091, 0.40679623, 0.46695217,
        0.6469804 ],
       [0.09441225, 0.54789865, 0.29988418, 0.78895598, 0.60608785,
        0.43375108],
       [0.62947505, 0.25766108, 0.53428596, 0.4383277 , 0.31601468,
        0.5954756 ]]), array([[0.62417545, 0.26799918, 0.66336984, 0.91402254, 0.87462408,
        0.19581372],
       [0.74109072, 0.55854565, 0.45921847, 0.68537976, 0.83563588,
        0.35023623],
       [0.06263743, 0.04763043, 0.75249045, 0.90711786, 0.0504967 ,
        0.02082128],
       [0.45608842, 0.09219344, 0.82075126, 0.34088424, 0.5214113 ,
        0.03326318],
       [0.89738055, 0.33589624, 0.38516073, 0.0114862 , 0.18363524,
        0.13146427],
       [0.63383674, 0.26250402, 0.20901859, 0.77675206, 0.05464769,
        0.47878581]]), array([[0.54681199, 0.07140568, 0.53706822, 0.09395585, 0.61170455,
        0.35324397],
       [0.67797532, 0.21611399, 0.48322347, 0.89426209, 0.79613716,
        0.85948606],
       [0.30763958, 0.64741138, 0.5541725 , 0.03428775, 0.22800538,
        0.26935026],
       [0.83678275, 0.99491773, 0.42071283, 0.32549631, 0.84199644,
        0.85267461],
       [0.29841467, 0.74844851, 0.29845865, 0.3825882 , 0.21981797,
        0.66319917],
       [0.13271153, 0.53521502, 0.16402401, 0.89356183, 0.27682619,
        0.45096589]]), array([[0.13863875, 0.97962096, 0.52257237, 0.56044582, 0.85537436,
        0.0862809 ],
       [0.66143623, 0.96618945, 0.3079076 , 0.19370166, 0.96158998,
        0.28391754],
       [0.02254274, 0.35982803, 0.80310979, 0.6102715 , 0.7394172 ,
        0.99098859],
       [0.75733291, 0.66545412, 0.50920385, 0.49399683, 0.02111874,
        0.39497455],
       [0.58388397, 0.21365463, 0.84264175, 0.08524872, 0.27423101,
        0.60219862],
       [0.48712155, 0.29859162, 0.51607786, 0.30289373, 0.18692058,
        0.50878648]]), array([[0.13369391, 0.67258086, 0.60204728, 0.61878708, 0.63396951,
        0.80870672],
       [0.01282754, 0.70570599, 0.22586504, 0.56027239, 0.75089587,
        0.54164327],
       [0.92133694, 0.56422305, 0.59843418, 0.20976445, 0.69877985,
        0.71824813],
       [0.91691428, 0.18730835, 0.59690658, 0.73060073, 0.36589498,
        0.83101411],
       [0.17077331, 0.40544044, 0.52701434, 0.46989471, 0.18660736,
        0.89314383],
       [0.37790748, 0.78203986, 0.59352849, 0.08539344, 0.34471863,
        0.76890819]]), array([[0.73964696, 0.64780046, 0.25658948, 0.81296943, 0.73865712,
        0.92608497],
       [0.41861804, 0.31524463, 0.65763977, 0.3117323 , 0.24632854,
        0.33328021],
       [0.99013194, 0.72628531, 0.34353795, 0.64792593, 0.12473118,
        0.21384899],
       [0.57657643, 0.22730588, 0.65670119, 0.99750116, 0.81119911,
        0.79476245],
       [0.35222392, 0.91757236, 0.1677305 , 0.64347231, 0.99558601,
        0.88628611],
       [0.48590834, 0.3377949 , 0.42303181, 0.78042169, 0.70912216,
        0.83806045]]), array([[0.43448814, 0.1495308 , 0.87864411, 0.61680819, 0.05565743,
        0.15716472],
       [0.72486678, 0.59093177, 0.43057144, 0.16991347, 0.85995073,
        0.9012795 ],
       [0.40376266, 0.48573365, 0.07961822, 0.64150634, 0.83261944,
        0.77205736],
       [0.98193678, 0.97408913, 0.48371324, 0.03403883, 0.99223152,
        0.8784216 ],
       [0.38468487, 0.75009182, 0.39774875, 0.55906158, 0.80358324,
        0.62638309],
       [0.19112432, 0.16949958, 0.7968045 , 0.69615263, 0.63075639,
        0.83832632]]), array([[0.94568088, 0.22756576, 0.71889892, 0.72982289, 0.15395605,
        0.94150852],
       [0.51510916, 0.74116619, 0.34576401, 0.02002427, 0.07115536,
        0.38949573],
       [0.21807604, 0.88859087, 0.94261757, 0.52589029, 0.7158332 ,
        0.57990608],
       [0.02002133, 0.33793574, 0.89740251, 0.64492678, 0.40291921,
        0.46252484],
       [0.19511624, 0.13968047, 0.91076927, 0.59332481, 0.03178755,
        0.18325062],
       [0.41684628, 0.25390936, 0.63565396, 0.61946564, 0.38838025,
        0.79656142]]), array([[0.62958428, 0.10973262, 0.75579195, 0.37594899, 0.08465199,
        0.53177387],
       [0.25599126, 0.86262058, 0.80967716, 0.4814623 , 0.13446539,
        0.91793769],
       [0.86425021, 0.87272362, 0.76505957, 0.61292715, 0.26910905,
        0.5826043 ],
       [0.55343551, 0.90562593, 0.13466579, 0.94542517, 0.83339921,
        0.85589715],
       [0.10839896, 0.5181827 , 0.70234214, 0.44834063, 0.07554343,
        0.92227374],
       [0.77831584, 0.38944467, 0.9872433 , 0.88173539, 0.14924846,
        0.91173026]]), array([[0.98794938, 0.83537934, 0.77006286, 0.46936794, 0.19941301,
        0.36135593],
       [0.39471982, 0.74452757, 0.95809705, 0.52262609, 0.09085219,
        0.41523814],
       [0.66903665, 0.04238889, 0.19081602, 0.6545014 , 0.87305996,
        0.12600981],
       [0.26427928, 0.11308935, 0.36207812, 0.17850022, 0.24059361,
        0.33420061],
       [0.4756149 , 0.83189463, 0.19963036, 0.39771605, 0.01561554,
        0.22945299],
       [0.45154765, 0.42014128, 0.56046791, 0.22692641, 0.29110471,
        0.34605947]]), array([[0.73703659, 0.44836603, 0.11023545, 0.07133129, 0.55205951,
        0.7102968 ],
       [0.06135723, 0.68141544, 0.81189422, 0.89623691, 0.36032168,
        0.29185655],
       [0.62593593, 0.12561767, 0.59887281, 0.30526785, 0.44947801,
        0.27624844],
       [0.32836252, 0.69364195, 0.479486  , 0.21507961, 0.84323951,
        0.01198344],
       [0.28778174, 0.65571387, 0.89700456, 0.79178825, 0.33731257,
        0.38300296],
       [0.56684339, 0.65727773, 0.91092704, 0.01580188, 0.37008272,
        0.82310465]]), array([[0.32249175, 0.46903876, 0.63135969, 0.84337042, 0.28328114,
        0.8636825 ],
       [0.04056861, 0.23609847, 0.30658075, 0.59923143, 0.88214689,
        0.05431504],
       [0.24570221, 0.38914226, 0.00139578, 0.74230763, 0.73579261,
        0.26732351],
       [0.20566569, 0.08477196, 0.50668253, 0.29277955, 0.83143954,
        0.7542997 ],
       [0.89480856, 0.987115  , 0.46281858, 0.09131153, 0.08652632,
        0.15775035],
       [0.90956441, 0.9554128 , 0.04425485, 0.7841464 , 0.62001494,
        0.79185787]]), array([[0.28393731, 0.90862593, 0.37290875, 0.32010634, 0.87684272,
        0.12425948],
       [0.50207298, 0.67896895, 0.19155552, 0.49729406, 0.83623029,
        0.38947557],
       [0.02884813, 0.53589201, 0.94114089, 0.63777489, 0.14292396,
        0.71142772],
       [0.91968124, 0.6602207 , 0.48918613, 0.03625129, 0.41711179,
        0.06162233],
       [0.06528126, 0.83653323, 0.03300057, 0.90498087, 0.01533481,
        0.13830349],
       [0.35845304, 0.36330676, 0.48338648, 0.40528565, 0.42312732,
        0.31684151]]), array([[0.77635205, 0.1437216 , 0.76733219, 0.42619518, 0.54639583,
        0.88127267],
       [0.82127487, 0.59858796, 0.74362159, 0.48329191, 0.61687071,
        0.75238325],
       [0.6308923 , 0.39804517, 0.43010116, 0.84224511, 0.25050456,
        0.67907489],
       [0.29910331, 0.79097076, 0.16047402, 0.58902099, 0.59330492,
        0.46541291],
       [0.84851875, 0.03191514, 0.0489324 , 0.49870102, 0.06052834,
        0.82078517],
       [0.26493452, 0.03899456, 0.44426339, 0.84635135, 0.95306729,
        0.98431414]]), array([[0.73693107, 0.08997344, 0.83895531, 0.26033273, 0.91507246,
        0.93855673],
       [0.86899249, 0.58566383, 0.09931986, 0.14813652, 0.63258494,
        0.33972607],
       [0.51948481, 0.98279283, 0.94514429, 0.10875166, 0.09812561,
        0.5461336 ],
       [0.80098203, 0.54735416, 0.57751335, 0.16287891, 0.95814437,
        0.84231398],
       [0.40779883, 0.75397731, 0.44762252, 0.04930505, 0.68475765,
        0.8821799 ],
       [0.52027247, 0.53412087, 0.66018394, 0.14899023, 0.41774123,
        0.87513406]]), array([[0.40791599, 0.70262362, 0.53590735, 0.64560685, 0.66479756,
        0.97886079],
       [0.82445027, 0.55685318, 0.36937286, 0.7357883 , 0.97592036,
        0.03439131],
       [0.498908  , 0.08189423, 0.83564757, 0.78382416, 0.84905083,
        0.20953171],
       [0.51895068, 0.57739424, 0.51718546, 0.78612983, 0.87075065,
        0.46254802],
       [0.38308911, 0.64345113, 0.04027794, 0.36997572, 0.27809958,
        0.38940145],
       [0.73007352, 0.30446668, 0.17850518, 0.40006203, 0.88281827,
        0.74884913]]), array([[0.34135461, 0.62747031, 0.01392534, 0.67004556, 0.08614244,
        0.11554859],
       [0.7853854 , 0.32179573, 0.9949475 , 0.55953637, 0.4837063 ,
        0.07875317],
       [0.4400115 , 0.17450299, 0.38314908, 0.20056767, 0.74262492,
        0.56365932],
       [0.3321697 , 0.66011975, 0.21693652, 0.60344245, 0.55337291,
        0.62522559],
       [0.75375993, 0.91661408, 0.33826056, 0.06974018, 0.38702251,
        0.24067489],
       [0.29890208, 0.76815251, 0.64514867, 0.30999187, 0.04467719,
        0.20645873]]), array([[0.98772693, 0.07261169, 0.95217577, 0.88279381, 0.1825471 ,
        0.74043413],
       [0.00841649, 0.58449582, 0.73086268, 0.07976035, 0.65123997,
        0.42892093],
       [0.85770687, 0.58727303, 0.78279792, 0.07379557, 0.26641008,
        0.75387592],
       [0.1266681 , 0.33483102, 0.05444068, 0.22096065, 0.35801973,
        0.37059253],
       [0.75144123, 0.51088586, 0.59401508, 0.08774969, 0.32106095,
        0.76300116],
       [0.08757589, 0.58480058, 0.99480514, 0.8088684 , 0.99602082,
        0.31120486]]), array([[0.0093136 , 0.58574626, 0.82391065, 0.6308907 , 0.40764381,
        0.46180534],
       [0.84977646, 0.67813953, 0.03637165, 0.98420517, 0.69093595,
        0.98333537],
       [0.56086492, 0.16710051, 0.32043053, 0.72181326, 0.7666924 ,
        0.22182675],
       [0.16199812, 0.98842501, 0.52953506, 0.57470675, 0.54901191,
        0.97878192],
       [0.57962858, 0.3863856 , 0.45500159, 0.33336905, 0.17509833,
        0.64989303],
       [0.72582373, 0.14962232, 0.83865601, 0.20244648, 0.51362169,
        0.4606162 ]]), array([[0.55848481, 0.08722841, 0.55449113, 0.48117483, 0.18177277,
        0.0842113 ],
       [0.04318995, 0.28223776, 0.10680053, 0.89559461, 0.07813877,
        0.81127908],
       [0.81080128, 0.80651742, 0.82180085, 0.80523981, 0.46235247,
        0.53453422],
       [0.57559599, 0.84932846, 0.811042  , 0.01834012, 0.80188582,
        0.20725262],
       [0.55150788, 0.86857872, 0.97027475, 0.02271474, 0.15045439,
        0.44149445],
       [0.30189224, 0.60703048, 0.70091974, 0.80792688, 0.04093086,
        0.33654169]]), array([[0.57524694, 0.52437605, 0.04275897, 0.00668665, 0.02706969,
        0.9133505 ],
       [0.86458656, 0.47740884, 0.66780829, 0.45240546, 0.93383678,
        0.26081528],
       [0.02487794, 0.80858235, 0.99445434, 0.7476696 , 0.19250137,
        0.32903813],
       [0.18711841, 0.78382765, 0.03828822, 0.76418303, 0.60075482,
        0.55095869],
       [0.89945413, 0.05579572, 0.83698204, 0.66804711, 0.33519532,
        0.42841631],
       [0.14925806, 0.96924503, 0.53866426, 0.56048012, 0.71723418,
        0.08332207]]), array([[0.37371508, 0.12588406, 0.5350128 , 0.46527447, 0.14142659,
        0.0613307 ],
       [0.18758279, 0.34269042, 0.84086285, 0.81170488, 0.69750555,
        0.15394667],
       [0.58714269, 0.35492294, 0.4740253 , 0.38717998, 0.74536254,
        0.5280425 ],
       [0.12494002, 0.09990259, 0.2760303 , 0.51681538, 0.19858657,
        0.04596058],
       [0.53471163, 0.93956777, 0.69837492, 0.76736811, 0.99047756,
        0.48227621],
       [0.83709417, 0.97643541, 0.38126424, 0.77862349, 0.83553663,
        0.92134769]]), array([[0.05954242, 0.62320382, 0.36296444, 0.93195642, 0.41320503,
        0.1886029 ],
       [0.45949491, 0.0903831 , 0.09052517, 0.89621618, 0.46264146,
        0.26603165],
       [0.63761136, 0.36633611, 0.42991025, 0.47724272, 0.29443946,
        0.74411389],
       [0.16550522, 0.37471182, 0.82667101, 0.47323922, 0.83366377,
        0.99285742],
       [0.23089233, 0.04413999, 0.52053102, 0.21970037, 0.93367125,
        0.04277749],
       [0.36865269, 0.08968518, 0.84127276, 0.43556368, 0.71055184,
        0.40697272]]), array([[0.10043385, 0.88876843, 0.15657526, 0.4930086 , 0.81731814,
        0.76817595],
       [0.56190659, 0.70731461, 0.62447304, 0.26965906, 0.98535631,
        0.97229137],
       [0.92910667, 0.40178768, 0.31622167, 0.31890526, 0.89322264,
        0.91456667],
       [0.47064186, 0.56431449, 0.08544832, 0.86936968, 0.53365621,
        0.31485699],
       [0.32033062, 0.90169684, 0.73796601, 0.19076557, 0.8073536 ,
        0.08300132],
       [0.66247063, 0.37899769, 0.43650929, 0.5703239 , 0.80241134,
        0.37038273]]), array([[0.03796828, 0.66373722, 0.44770779, 0.9360584 , 0.54393338,
        0.30430202],
       [0.93407758, 0.56773505, 0.77370274, 0.13865826, 0.9737529 ,
        0.81123754],
       [0.2997166 , 0.03535844, 0.05322832, 0.84544177, 0.13890329,
        0.41312111],
       [0.66602464, 0.52371823, 0.76870437, 0.17425643, 0.67098081,
        0.90367819],
       [0.84203454, 0.54021478, 0.08866513, 0.29943712, 0.77807826,
        0.89897613],
       [0.01213046, 0.24915273, 0.47683311, 0.43731051, 0.7797429 ,
        0.67435077]]), array([[0.45696247, 0.77738627, 0.56395132, 0.5148659 , 0.29717971,
        0.84902657],
       [0.17770205, 0.74167913, 0.46240009, 0.85204873, 0.5039416 ,
        0.60902519],
       [0.002801  , 0.83274191, 0.31094098, 0.21768749, 0.47460631,
        0.0878348 ],
       [0.64934868, 0.29330112, 0.45153504, 0.54602815, 0.24742381,
        0.71745707],
       [0.80745475, 0.11174872, 0.13113711, 0.84620377, 0.71846513,
        0.68467993],
       [0.97782988, 0.93773614, 0.94488526, 0.13013328, 0.76285138,
        0.03276745]]), array([[0.39703566, 0.548192  , 0.44454418, 0.7643766 , 0.7297043 ,
        0.2737229 ],
       [0.14030531, 0.75318153, 0.93174138, 0.85456614, 0.48949902,
        0.35744242],
       [0.02226568, 0.07722086, 0.03947729, 0.90229458, 0.39951114,
        0.65892972],
       [0.03016979, 0.06217493, 0.09619829, 0.03377939, 0.01702306,
        0.90332257],
       [0.41193542, 0.54222921, 0.43799897, 0.36548487, 0.80259915,
        0.4785427 ],
       [0.23357579, 0.43830601, 0.76208375, 0.83318903, 0.62015004,
        0.21430816]]), array([[0.08734507, 0.89888821, 0.6830409 , 0.71112296, 0.21920242,
        0.59997585],
       [0.54294512, 0.52425082, 0.16527786, 0.14344262, 0.82957036,
        0.06552225],
       [0.08071725, 0.976926  , 0.90168264, 0.56382554, 0.60356506,
        0.96798417],
       [0.67089786, 0.08452089, 0.73370406, 0.60300343, 0.07929691,
        0.1342204 ],
       [0.85613804, 0.48515754, 0.10904244, 0.87737104, 0.13146883,
        0.36715639],
       [0.98298109, 0.82257031, 0.35174013, 0.62459566, 0.6789087 ,
        0.18778083]]), array([[0.60315931, 0.75661384, 0.68612754, 0.28056719, 0.50710715,
        0.9881462 ],
       [0.74864576, 0.41437784, 0.37969233, 0.02022398, 0.96920181,
        0.95526002],
       [0.99407907, 0.82493497, 0.36305777, 0.89001365, 0.82573592,
        0.50900262],
       [0.364752  , 0.84796271, 0.87445053, 0.38857981, 0.92056564,
        0.64512895],
       [0.94875669, 0.18937737, 0.66204859, 0.50692631, 0.03551193,
        0.7902    ],
       [0.97322187, 0.81100131, 0.04010569, 0.85979703, 0.30921903,
        0.27488839]]), array([[0.39610658, 0.24272515, 0.13784504, 0.41475014, 0.8134088 ,
        0.28738485],
       [0.95821516, 0.13706314, 0.56425533, 0.54582037, 0.21711381,
        0.64361566],
       [0.73693761, 0.04476858, 0.87703196, 0.55597555, 0.84453169,
        0.88540473],
       [0.71594571, 0.736055  , 0.15471788, 0.9471297 , 0.41139325,
        0.86158417],
       [0.00670268, 0.01374185, 0.0876621 , 0.61728391, 0.57423536,
        0.08676451],
       [0.18818732, 0.7977993 , 0.84435534, 0.49276579, 0.23447401,
        0.34894756]]), array([[0.61334037, 0.01366952, 0.5531472 , 0.76790673, 0.70852369,
        0.60834266],
       [0.83259072, 0.61776348, 0.33785829, 0.55359059, 0.13980171,
        0.33897114],
       [0.52690215, 0.80379749, 0.06904419, 0.75705408, 0.12666143,
        0.20166055],
       [0.37173283, 0.7917794 , 0.78945146, 0.51249489, 0.53768987,
        0.20407086],
       [0.1413097 , 0.84343332, 0.9719174 , 0.48718181, 0.11267036,
        0.21434716],
       [0.2757279 , 0.32560076, 0.96240453, 0.67354333, 0.914446  ,
        0.57532784]]), array([[0.9685698 , 0.20389783, 0.63879741, 0.59029575, 0.09034088,
        0.67746949],
       [0.07215185, 0.02919604, 0.85151542, 0.43437376, 0.53593238,
        0.92913812],
       [0.13985711, 0.81298322, 0.19395727, 0.53175778, 0.73592877,
        0.25313792],
       [0.63819377, 0.55518248, 0.62788191, 0.65839026, 0.68328129,
        0.92844077],
       [0.07803984, 0.35716896, 0.46993699, 0.13098069, 0.55471747,
        0.87357681],
       [0.71746424, 0.79551494, 0.35586106, 0.01736608, 0.72260518,
        0.00615394]]), array([[0.27350936, 0.75700526, 0.73406336, 0.76982601, 0.54531134,
        0.99245769],
       [0.33514131, 0.2630741 , 0.36998297, 0.59781615, 0.66871891,
        0.8792205 ],
       [0.92823567, 0.37945555, 0.70844897, 0.12344822, 0.620414  ,
        0.62620908],
       [0.2717838 , 0.79644475, 0.21046846, 0.35381158, 0.44020835,
        0.38233065],
       [0.21779444, 0.72704957, 0.85214217, 0.31200798, 0.26084938,
        0.12871982],
       [0.39592736, 0.9792422 , 0.06917569, 0.1181788 , 0.6163722 ,
        0.29806998]]), array([[0.96442069, 0.7459322 , 0.27983916, 0.85529332, 0.68338929,
        0.07876601],
       [0.19953793, 0.02494387, 0.7886147 , 0.34557421, 0.3563968 ,
        0.92580895],
       [0.13691388, 0.24682723, 0.05491736, 0.35337702, 0.04582325,
        0.0278408 ],
       [0.44755889, 0.87988947, 0.57409884, 0.33796699, 0.80455718,
        0.69420881],
       [0.5853427 , 0.2265132 , 0.06242955, 0.17861776, 0.93901719,
        0.51378478],
       [0.3234903 , 0.79739023, 0.49303928, 0.06273633, 0.96305517,
        0.49906821]]), array([[0.85847058, 0.87076726, 0.22919533, 0.36588475, 0.82251622,
        0.55476802],
       [0.47726034, 0.53979527, 0.47427006, 0.4524903 , 0.98178916,
        0.76615303],
       [0.29102294, 0.72943056, 0.18861346, 0.77022253, 0.52518784,
        0.58688465],
       [0.67322518, 0.14417509, 0.69260946, 0.55128753, 0.84394083,
        0.08599395],
       [0.81705638, 0.62400392, 0.44755945, 0.61797212, 0.9870828 ,
        0.98629797],
       [0.81081488, 0.42115702, 0.88447519, 0.12063341, 0.74097408,
        0.20483103]]), array([[0.39771016, 0.11364642, 0.1043303 , 0.7705912 , 0.70208805,
        0.16667166],
       [0.05836701, 0.64507841, 0.09699546, 0.83714844, 0.84081638,
        0.76563782],
       [0.3560699 , 0.25208663, 0.43301392, 0.35825276, 0.1167473 ,
        0.17228746],
       [0.06648227, 0.35765509, 0.7562388 , 0.23328436, 0.32460342,
        0.25819238],
       [0.25220299, 0.19700816, 0.47805758, 0.37047034, 0.70736121,
        0.7848864 ],
       [0.42178163, 0.85563832, 0.39049258, 0.87753561, 0.50714262,
        0.44129867]]), array([[0.61189901, 0.01383152, 0.94712706, 0.15918694, 0.16727406,
        0.24042426],
       [0.40029312, 0.07258394, 0.29040949, 0.43372818, 0.75045229,
        0.34071518],
       [0.77568837, 0.93060463, 0.30172269, 0.96229123, 0.99894597,
        0.56516527],
       [0.15678223, 0.16572856, 0.84483643, 0.32098337, 0.38395508,
        0.937998  ],
       [0.42054349, 0.93637834, 0.18963977, 0.79315433, 0.66678461,
        0.86251088],
       [0.44302818, 0.7759877 , 0.19469157, 0.39774583, 0.59954343,
        0.92024774]]), array([[0.22697226, 0.79536713, 0.15596845, 0.48115458, 0.77544393,
        0.78383767],
       [0.25033305, 0.2222761 , 0.49578767, 0.09285893, 0.76142511,
        0.46816254],
       [0.72875913, 0.2695407 , 0.55715719, 0.03458958, 0.1042787 ,
        0.86974417],
       [0.84749791, 0.49087618, 0.80865587, 0.56436363, 0.72641924,
        0.72290089],
       [0.9485274 , 0.24322637, 0.57590263, 0.38402723, 0.93734734,
        0.64052973],
       [0.76895987, 0.99137971, 0.47268677, 0.76902882, 0.72387219,
        0.93751726]]), array([[0.33005328, 0.65461161, 0.05928772, 0.30177844, 0.02652621,
        0.97132288],
       [0.35543667, 0.59402789, 0.24863625, 0.01538716, 0.95742947,
        0.48172004],
       [0.52620953, 0.2419019 , 0.46956078, 0.99620378, 0.82620532,
        0.79315002],
       [0.02537452, 0.41292308, 0.24621178, 0.10662662, 0.44301843,
        0.68172369],
       [0.28356914, 0.61365624, 0.91230354, 0.92642856, 0.84469767,
        0.47044118],
       [0.81492718, 0.50552865, 0.21443064, 0.88793414, 0.743088  ,
        0.14866764]]), array([[0.0209334 , 0.9944546 , 0.03313559, 0.20637404, 0.02705085,
        0.90676324],
       [0.45178229, 0.3123983 , 0.95063227, 0.50828897, 0.42181951,
        0.05321874],
       [0.36859681, 0.30943772, 0.39533383, 0.84440138, 0.32739772,
        0.74299683],
       [0.78296728, 0.62886136, 0.90373062, 0.87416629, 0.46629717,
        0.04414907],
       [0.51709699, 0.17284219, 0.47322487, 0.09813809, 0.33291751,
        0.74099188],
       [0.61700806, 0.81715176, 0.37580292, 0.6181301 , 0.46449591,
        0.49459098]]), array([[0.7062164 , 0.08937975, 0.19815282, 0.08971584, 0.26222676,
        0.33768515],
       [0.38327902, 0.85928414, 0.00126164, 0.25774121, 0.31305217,
        0.56020247],
       [0.74120039, 0.37139176, 0.56131467, 0.23788703, 0.15324702,
        0.85212748],
       [0.76456344, 0.55438854, 0.92450763, 0.74762023, 0.1168046 ,
        0.62523093],
       [0.11043503, 0.76915624, 0.41933628, 0.17024414, 0.19792141,
        0.42585272],
       [0.995559  , 0.73820411, 0.85763878, 0.9122765 , 0.21353432,
        0.17608525]]), array([[0.27576371, 0.6325523 , 0.34914563, 0.31949483, 0.31516684,
        0.41469206],
       [0.7741835 , 0.76881283, 0.7833797 , 0.0148076 , 0.28447814,
        0.08535402],
       [0.40739616, 0.96516366, 0.84435723, 0.1341467 , 0.80083397,
        0.79314334],
       [0.17573753, 0.71351744, 0.23252808, 0.72394738, 0.70431902,
        0.4361745 ],
       [0.02836444, 0.0190977 , 0.00357846, 0.46537213, 0.95932259,
        0.61392948],
       [0.64038713, 0.02473108, 0.79270012, 0.44305705, 0.16253929,
        0.51259547]]), array([[0.39469332, 0.12307156, 0.34242378, 0.4342112 , 0.77100078,
        0.76969843],
       [0.23071622, 0.47020974, 0.60797298, 0.18987864, 0.91090172,
        0.69303076],
       [0.66436589, 0.32559602, 0.36674498, 0.25301833, 0.55822689,
        0.2546255 ],
       [0.79293548, 0.20750293, 0.4987016 , 0.69071559, 0.54204848,
        0.53975495],
       [0.96196312, 0.52165909, 0.18849671, 0.1589338 , 0.96778098,
        0.6476699 ],
       [0.00873253, 0.01188963, 0.56994562, 0.21128834, 0.5653874 ,
        0.74568624]]), array([[0.7426613 , 0.92784241, 0.95203527, 0.33196319, 0.67710612,
        0.48688546],
       [0.49130732, 0.41537629, 0.73657339, 0.92605464, 0.15852618,
        0.29752918],
       [0.41735248, 0.19133996, 0.98498169, 0.73207641, 0.04794093,
        0.02902684],
       [0.21264985, 0.61306207, 0.46302359, 0.9050775 , 0.16904548,
        0.84734931],
       [0.29381933, 0.29594625, 0.40925913, 0.23100291, 0.94007363,
        0.35964175],
       [0.06345253, 0.64588676, 0.78332956, 0.4202431 , 0.9107438 ,
        0.18243258]]), array([[0.69074027, 0.93135763, 0.10536186, 0.46747622, 0.67080112,
        0.91237132],
       [0.12767018, 0.18670022, 0.60937764, 0.94284665, 0.32983722,
        0.783332  ],
       [0.83837922, 0.62479774, 0.82194042, 0.73058631, 0.96526727,
        0.9778557 ],
       [0.92760245, 0.99888881, 0.00449456, 0.14496696, 0.45824814,
        0.37271417],
       [0.47441404, 0.30177672, 0.53578606, 0.47408651, 0.53400374,
        0.73533943],
       [0.09611153, 0.17718972, 0.21816443, 0.9474926 , 0.84153904,
        0.0453941 ]]), array([[0.85068054, 0.65843263, 0.21798583, 0.11527528, 0.43261522,
        0.50157264],
       [0.8515082 , 0.09805306, 0.45672819, 0.56014531, 0.68215475,
        0.91277198],
       [0.35782214, 0.67258952, 0.09482307, 0.90760681, 0.48721991,
        0.53675567],
       [0.53975972, 0.27636801, 0.53769808, 0.46978461, 0.71893401,
        0.21279347],
       [0.65577028, 0.44183885, 0.03200196, 0.24774643, 0.65484504,
        0.79872246],
       [0.12974148, 0.28367198, 0.35829606, 0.77406676, 0.56314724,
        0.12124542]]), array([[0.25757991, 0.89932093, 0.80835955, 0.11913575, 0.85863271,
        0.14277696],
       [0.27434366, 0.63996675, 0.08031732, 0.49683171, 0.37045396,
        0.34168345],
       [0.85646874, 0.82278403, 0.4279533 , 0.18434234, 0.667939  ,
        0.12489471],
       [0.94413974, 0.32490514, 0.6629444 , 0.42678342, 0.58146181,
        0.10147658],
       [0.21045032, 0.41999447, 0.18309402, 0.62059236, 0.93939703,
        0.78024623],
       [0.22471537, 0.31173812, 0.38919684, 0.0988122 , 0.9839915 ,
        0.4431444 ]]), array([[0.27329174, 0.45058226, 0.63753463, 0.13898201, 0.62682541,
        0.20458477],
       [0.60965238, 0.48187593, 0.74689719, 0.52802652, 0.55234941,
        0.7387716 ],
       [0.24764261, 0.88064666, 0.02635395, 0.96671346, 0.58624221,
        0.78506806],
       [0.35857323, 0.46631625, 0.40723108, 0.71910555, 0.05155064,
        0.87400956],
       [0.5259197 , 0.31987974, 0.69297353, 0.14488459, 0.27829092,
        0.95245606],
       [0.11867162, 0.23765954, 0.65385884, 0.79532055, 0.56601105,
        0.35076514]]), array([[-0.2217263 , -0.41709448,  0.02651519,  0.42717765, -0.2023044 ,
         0.38774934],
       [ 0.33367116,  0.5089954 ,  0.07099861,  0.16885187, -0.41249259,
         0.00664358],
       [-0.43410547,  0.05234302,  0.47975956, -0.04356866,  0.1683059 ,
        -0.23133853],
       [ 0.6177951 ,  0.660622  ,  0.73131584,  0.2591569 ,  0.675983  ,
         0.35598109],
       [ 0.41810624,  0.4543867 ,  0.25391185, -0.00377934, -0.0621265 ,
        -0.45021227],
       [ 0.76195622,  0.02463791,  0.53535426,  0.36455117,  0.93921502,
         0.73917669]]), array([[ 1.04606539e-05,  1.87402507e-01,  2.96105673e-05,
         2.62448104e-01,  6.51127268e-02, -4.07664660e-01]])] 
 0.5, 
 1e-19, 
 10000