weigths: [array([[0.5064957 , 0.26224374, 0.58640223, 0.45408436, 0.6292679 ,
        0.83894687],
       [0.12334248, 0.93546804, 0.10080521, 0.96292074, 0.44007399,
        0.45130332],
       [0.72666411, 0.97856109, 0.37830334, 0.69331088, 0.87374069,
        0.97867874],
       [0.37729171, 0.68041868, 0.54861068, 0.40335169, 0.26911214,
        0.11305747],
       [0.35638747, 0.38368442, 0.42817401, 0.11031483, 0.80018392,
        0.18463805],
       [0.46108968, 0.43485797, 0.35393776, 0.28027788, 0.39903759,
        0.08971403]]), array([[0.80485877, 0.08281589, 0.367565  , 0.92422912, 0.35481865,
        0.02080937],
       [0.43626124, 0.62009264, 0.07944568, 0.16757311, 0.09754847,
        0.29430769],
       [0.15285986, 0.69436703, 0.82279436, 0.22379055, 0.92451238,
        0.65743937],
       [0.68934151, 0.56297586, 0.69144286, 0.4927938 , 0.9643556 ,
        0.35094875],
       [0.55889144, 0.96371835, 0.78502196, 0.55914151, 0.54307088,
        0.96013571],
       [0.61238497, 0.80918701, 0.51157056, 0.21163739, 0.42389545,
        0.12308325]]), array([[0.26614819, 0.78768863, 0.88247905, 0.94150452, 0.58887771,
        0.93060158],
       [0.04880742, 0.06946679, 0.62535429, 0.99046351, 0.21761046,
        0.91894153],
       [0.91662485, 0.86191973, 0.23046837, 0.12517666, 0.17452983,
        0.0596126 ],
       [0.58898286, 0.96710582, 0.87014235, 0.21404133, 0.47422305,
        0.43975562],
       [0.0938147 , 0.13491921, 0.70857287, 0.76693435, 0.06335672,
        0.59797298],
       [0.1062913 , 0.91110148, 0.6368975 , 0.6161509 , 0.76443574,
        0.76601196]]), array([[7.94120315e-01, 8.47255064e-01, 2.94500410e-01, 2.34765031e-01,
        7.51578247e-01, 5.19356337e-01],
       [9.38288538e-01, 7.96631284e-01, 4.55594752e-01, 4.11305279e-01,
        4.47306720e-01, 2.54960390e-01],
       [1.62321641e-01, 2.12395918e-01, 3.25933629e-01, 4.45766519e-01,
        3.26559099e-01, 1.05630311e-01],
       [1.52264824e-01, 2.08356911e-01, 8.19203555e-01, 7.30513108e-02,
        5.54664538e-01, 6.14097576e-01],
       [1.63505129e-01, 4.25818740e-02, 4.84411005e-04, 7.63195854e-01,
        5.14502260e-01, 8.86565281e-01],
       [3.73862312e-01, 2.37811183e-01, 6.28721050e-01, 8.69868478e-01,
        8.25379168e-01, 8.78064599e-01]]), array([[0.47964425, 0.72857566, 0.94962898, 0.35373926, 0.13486992,
        0.3662145 ],
       [0.76757841, 0.69851835, 0.55597021, 0.73194869, 0.91420191,
        0.29719707],
       [0.95399784, 0.24509485, 0.74255495, 0.1026153 , 0.02348411,
        0.61965488],
       [0.89713284, 0.68693465, 0.31072454, 0.60132005, 0.45558919,
        0.13605032],
       [0.78258536, 0.89252749, 0.34926481, 0.67042059, 0.94671334,
        0.28315162],
       [0.67389897, 0.27034192, 0.47156735, 0.83119715, 0.21879422,
        0.47392704]]), array([[0.25724972, 0.47935893, 0.43047438, 0.98111442, 0.07722254,
        0.52196777],
       [0.74840698, 0.69908911, 0.76970912, 0.2649494 , 0.96360373,
        0.93492908],
       [0.35784803, 0.24057218, 0.13080414, 0.22198687, 0.80367034,
        0.09375109],
       [0.01417002, 0.11188302, 0.62617246, 0.46500446, 0.48221622,
        0.63317866],
       [0.65742881, 0.50484986, 0.38928767, 0.43974192, 0.44419037,
        0.33380201],
       [0.36543296, 0.61986484, 0.71245809, 0.68668274, 0.19438439,
        0.00562457]]), array([[0.26677137, 0.17903133, 0.75723269, 0.32870961, 0.31626661,
        0.43811115],
       [0.13352505, 0.50981408, 0.93045513, 0.82263957, 0.14706876,
        0.92154389],
       [0.22144463, 0.17496221, 0.68231897, 0.97173957, 0.68187512,
        0.61707277],
       [0.0334694 , 0.15930437, 0.66041123, 0.63620615, 0.50495047,
        0.82416448],
       [0.5877448 , 0.35581841, 0.14590555, 0.2346516 , 0.12033026,
        0.48107295],
       [0.77078335, 0.69695841, 0.11290488, 0.54579233, 0.6050544 ,
        0.00671641]]), array([[0.14488305, 0.64185023, 0.38416628, 0.80049916, 0.19648009,
        0.26795441],
       [0.19261658, 0.06910566, 0.33681212, 0.11168953, 0.92502016,
        0.47235401],
       [0.39884768, 0.84759192, 0.63245042, 0.6159872 , 0.41118496,
        0.07025575],
       [0.71843609, 0.10869043, 0.87302076, 0.95115461, 0.01519854,
        0.17658932],
       [0.68122933, 0.6140236 , 0.92705097, 0.96246876, 0.37607693,
        0.32204617],
       [0.04982263, 0.86796983, 0.40425094, 0.29490059, 0.30035182,
        0.31063581]]), array([[0.55088616, 0.62753524, 0.31745862, 0.22731368, 0.77907103,
        0.52868085],
       [0.93866024, 0.19088887, 0.51971061, 0.11175286, 0.71084981,
        0.7525527 ],
       [0.54660018, 0.61457006, 0.52893111, 0.3601909 , 0.12170931,
        0.58776964],
       [0.00236433, 0.1800894 , 0.3339975 , 0.82857013, 0.60915281,
        0.14916141],
       [0.53476739, 0.51717195, 0.7340318 , 0.88430715, 0.59720165,
        0.8140586 ],
       [0.60626233, 0.32314561, 0.76943472, 0.49299787, 0.86203856,
        0.40608614]]), array([[0.7019229 , 0.80996164, 0.13285029, 0.42356004, 0.24939103,
        0.6010059 ],
       [0.35476932, 0.42453899, 0.67821894, 0.94329802, 0.71604621,
        0.87099977],
       [0.60860595, 0.58289404, 0.20029614, 0.56801862, 0.27673586,
        0.51168745],
       [0.29576832, 0.27251439, 0.31149584, 0.98004065, 0.69788383,
        0.95719719],
       [0.65385017, 0.58943999, 0.27995003, 0.62146277, 0.80069184,
        0.85274652],
       [0.69469284, 0.49443486, 0.13453559, 0.82630977, 0.29934976,
        0.92703256]]), array([[0.89425811, 0.74358127, 0.72762205, 0.72162276, 0.40433302,
        0.35827811],
       [0.65353104, 0.95738441, 0.70931601, 0.13034228, 0.77248864,
        0.33988934],
       [0.38911599, 0.7180207 , 0.45139888, 0.92029841, 0.85940967,
        0.02084032],
       [0.68300038, 0.06766817, 0.92274836, 0.47460381, 0.48284062,
        0.7007889 ],
       [0.60990157, 0.77867307, 0.48688294, 0.59794562, 0.45112212,
        0.2812131 ],
       [0.56412156, 0.35035152, 0.54082356, 0.87101249, 0.73038392,
        0.71052285]]), array([[0.98457266, 0.34391442, 0.72316068, 0.83205419, 0.52783911,
        0.35375122],
       [0.64950445, 0.25695647, 0.9133556 , 0.54988913, 0.04034335,
        0.79195775],
       [0.59942608, 0.26207267, 0.31299922, 0.14019892, 0.23850364,
        0.76296731],
       [0.36232307, 0.68036973, 0.69323649, 0.42675841, 0.59045736,
        0.90747637],
       [0.27988651, 0.15801604, 0.73795084, 0.14722411, 0.08974205,
        0.64979428],
       [0.54796179, 0.45410465, 0.1327949 , 0.24562094, 0.06470872,
        0.61691857]]), array([[0.57579767, 0.23376588, 0.63897237, 0.33778197, 0.2455032 ,
        0.70686204],
       [0.00776235, 0.29166535, 0.20066136, 0.35790681, 0.73734379,
        0.7079893 ],
       [0.11670482, 0.78638047, 0.1852738 , 0.22911736, 0.91215318,
        0.56092998],
       [0.78866721, 0.28937314, 0.97641455, 0.67158264, 0.26625746,
        0.63547985],
       [0.91983507, 0.22284322, 0.86887911, 0.84120904, 0.4525108 ,
        0.6942289 ],
       [0.78171097, 0.92438497, 0.32402579, 0.50946677, 0.27992016,
        0.9943862 ]]), array([[0.79724768, 0.80643055, 0.88822921, 0.22360326, 0.25375265,
        0.64738241],
       [0.09533391, 0.2891795 , 0.70582304, 0.20778432, 0.26849252,
        0.92849338],
       [0.83482569, 0.107828  , 0.77064892, 0.42823172, 0.64656827,
        0.17787296],
       [0.99957169, 0.92759067, 0.57205102, 0.22981238, 0.56413887,
        0.71371046],
       [0.64970589, 0.5456833 , 0.62903868, 0.51806867, 0.13451136,
        0.97153802],
       [0.39109461, 0.24428313, 0.62620737, 0.96784754, 0.19162533,
        0.24182469]]), array([[0.78521531, 0.47819403, 0.54626634, 0.41947673, 0.27446643,
        0.29219338],
       [0.18220896, 0.12946859, 0.46718599, 0.47354867, 0.67945903,
        0.73218801],
       [0.6512926 , 0.46898274, 0.80125641, 0.08226072, 0.95966939,
        0.5361997 ],
       [0.92535459, 0.12845889, 0.02844985, 0.14430213, 0.57423026,
        0.30994471],
       [0.1859861 , 0.02703356, 0.08308087, 0.01598708, 0.63742254,
        0.02402745],
       [0.48994199, 0.93090358, 0.66719597, 0.00962583, 0.44798262,
        0.34260614]]), array([[0.46939786, 0.72893786, 0.59870935, 0.40142706, 0.45902225,
        0.69351672],
       [0.00770215, 0.00393662, 0.89097047, 0.03722536, 0.26414427,
        0.2380869 ],
       [0.45768849, 0.10872944, 0.78080584, 0.92297993, 0.19787032,
        0.31445545],
       [0.92799971, 0.19902611, 0.20252642, 0.02259187, 0.78785079,
        0.7637962 ],
       [0.87126387, 0.60722877, 0.87764682, 0.30937812, 0.91908774,
        0.97893159],
       [0.84444834, 0.39887975, 0.06717233, 0.78498216, 0.93868447,
        0.96115904]]), array([[0.44670177, 0.68684525, 0.86523909, 0.7860824 , 0.49711372,
        0.0912145 ],
       [0.19035472, 0.22229274, 0.76733974, 0.24968717, 0.04167049,
        0.93505998],
       [0.13721341, 0.70787734, 0.54697425, 0.11235049, 0.25163959,
        0.43607339],
       [0.94606895, 0.49306379, 0.20998948, 0.40235744, 0.91849785,
        0.57155952],
       [0.73882903, 0.48014895, 0.61244152, 0.4999348 , 0.77258479,
        0.48817558],
       [0.41157809, 0.42847712, 0.95743383, 0.92961789, 0.36824796,
        0.57932806]]), array([[0.33331913, 0.00374946, 0.09510759, 0.52184113, 0.87311893,
        0.13246666],
       [0.4163201 , 0.09390936, 0.7288338 , 0.70049289, 0.39234104,
        0.89191527],
       [0.53022736, 0.05470982, 0.10863118, 0.07110806, 0.8879626 ,
        0.766135  ],
       [0.57655704, 0.10242878, 0.38493093, 0.16171292, 0.94180101,
        0.98645852],
       [0.86362075, 0.61868315, 0.91896169, 0.13412285, 0.09705531,
        0.12489966],
       [0.53001416, 0.49771364, 0.2274141 , 0.32247123, 0.47546333,
        0.40014261]]), array([[0.47811498, 0.04779216, 0.6163017 , 0.97719715, 0.72117481,
        0.15859906],
       [0.05227069, 0.88757059, 0.4346748 , 0.2159857 , 0.89921382,
        0.69840857],
       [0.78451456, 0.31779395, 0.58893664, 0.30951778, 0.3152494 ,
        0.34000513],
       [0.28009832, 0.05189356, 0.60278309, 0.42257841, 0.82307325,
        0.78997095],
       [0.12165513, 0.35598348, 0.86606995, 0.14217782, 0.4874846 ,
        0.81461196],
       [0.44451646, 0.31585591, 0.1074122 , 0.40473511, 0.92849726,
        0.52656396]]), array([[0.86517665, 0.9826097 , 0.3764456 , 0.07907869, 0.25150364,
        0.54676421],
       [0.88705162, 0.11351829, 0.14969141, 0.50134977, 0.05760502,
        0.06703688],
       [0.90440074, 0.48264724, 0.91316508, 0.77928542, 0.04963107,
        0.5107353 ],
       [0.17447818, 0.87477616, 0.56645464, 0.37811639, 0.10601333,
        0.80349527],
       [0.45033202, 0.91407822, 0.71453658, 0.59312188, 0.48201628,
        0.11341742],
       [0.81221432, 0.56677688, 0.19524268, 0.76646106, 0.22147674,
        0.07994475]]), array([[0.952507  , 0.55862387, 0.33406034, 0.04289012, 0.18530974,
        0.73839293],
       [0.05462636, 0.51401904, 0.37350074, 0.09599737, 0.61922952,
        0.14822979],
       [0.55532432, 0.05514096, 0.48281029, 0.28215306, 0.64484634,
        0.33058201],
       [0.30886083, 0.50930908, 0.03522445, 0.03344524, 0.35331865,
        0.22060174],
       [0.03168761, 0.53503231, 0.71875778, 0.05152248, 0.50323594,
        0.91482003],
       [0.58573472, 0.70024285, 0.86191659, 0.57784728, 0.47357205,
        0.0902001 ]]), array([[0.45472136, 0.53259798, 0.7625677 , 0.75205317, 0.82663302,
        0.40793341],
       [0.56143051, 0.35675889, 0.59423936, 0.93384263, 0.42702012,
        0.78786737],
       [0.66114834, 0.62138672, 0.76670316, 0.03783106, 0.16339   ,
        0.40464209],
       [0.06172868, 0.18608179, 0.51025467, 0.86119594, 0.65911481,
        0.72621802],
       [0.23243726, 0.2315917 , 0.69480605, 0.44687139, 0.96551823,
        0.87731794],
       [0.39512167, 0.17159617, 0.97164771, 0.46072739, 0.14400968,
        0.45699203]]), array([[0.40686946, 0.43204613, 0.14696671, 0.1256538 , 0.41830631,
        0.58029523],
       [0.82176666, 0.77413895, 0.06700334, 0.07077382, 0.38465812,
        0.6532739 ],
       [0.45842954, 0.19151767, 0.94703128, 0.19086709, 0.37575789,
        0.72649148],
       [0.27254629, 0.95738336, 0.50855954, 0.90706613, 0.47507922,
        0.1116493 ],
       [0.59148784, 0.60340303, 0.43405533, 0.1555046 , 0.40679208,
        0.58431888],
       [0.50297211, 0.69723595, 0.78827124, 0.75606661, 0.94200601,
        0.80701797]]), array([[0.39044423, 0.82083472, 0.93270001, 0.9651686 , 0.55107095,
        0.99050295],
       [0.90579231, 0.04930729, 0.54106378, 0.50853118, 0.26380575,
        0.16425138],
       [0.75023981, 0.44581116, 0.76834299, 0.55882329, 0.40789946,
        0.78822166],
       [0.96531094, 0.32502349, 0.45696688, 0.40752791, 0.88735296,
        0.20462019],
       [0.11808274, 0.06401516, 0.33955884, 0.87051558, 0.97645837,
        0.92482293],
       [0.66723139, 0.51063982, 0.95178198, 0.05184806, 0.01299138,
        0.25449773]]), array([[0.16121057, 0.91492468, 0.07572701, 0.72444329, 0.92153147,
        0.72829521],
       [0.14328132, 0.70284539, 0.03687976, 0.85201468, 0.65046792,
        0.48287126],
       [0.86544771, 0.39411034, 0.23295776, 0.57369736, 0.02197287,
        0.5812411 ],
       [0.42245962, 0.85072324, 0.69925117, 0.49019335, 0.22961968,
        0.49135519],
       [0.12066765, 0.71806885, 0.55542728, 0.44336206, 0.33266224,
        0.76821349],
       [0.06379938, 0.49077355, 0.09753278, 0.21665702, 0.7851827 ,
        0.35106385]]), array([[0.4122391 , 0.52387402, 0.28809365, 0.37235158, 0.0487581 ,
        0.06100479],
       [0.21273027, 0.7954182 , 0.68165845, 0.82333917, 0.65942799,
        0.74940282],
       [0.22014158, 0.81679835, 0.1358159 , 0.4658703 , 0.87666749,
        0.45860173],
       [0.32533822, 0.71678074, 0.2015567 , 0.89283429, 0.77305074,
        0.6843719 ],
       [0.43990516, 0.36921113, 0.56380823, 0.90581804, 0.32013592,
        0.00875794],
       [0.36251774, 0.44250701, 0.76914625, 0.94330281, 0.21181398,
        0.0275505 ]]), array([[0.56815132, 0.59931163, 0.14752239, 0.19264439, 0.44861817,
        0.50464731],
       [0.96773508, 0.24672811, 0.15447089, 0.4405342 , 0.74053446,
        0.50444793],
       [0.53973559, 0.95889801, 0.32789793, 0.21671958, 0.30277429,
        0.36568435],
       [0.67944644, 0.00419264, 0.82350649, 0.05991454, 0.19224335,
        0.88855017],
       [0.00791604, 0.99574966, 0.37765158, 0.02487327, 0.24406313,
        0.8193842 ],
       [0.27805093, 0.13318535, 0.05739863, 0.88469432, 0.11917034,
        0.09669207]]), array([[0.7637146 , 0.70776647, 0.52020937, 0.76689325, 0.10691295,
        0.62445287],
       [0.6169065 , 0.16940402, 0.68148943, 0.58749256, 0.58061555,
        0.53110354],
       [0.57154473, 0.42271075, 0.55679767, 0.52441764, 0.83428029,
        0.17843191],
       [0.00631373, 0.72938514, 0.00385162, 0.55168835, 0.11709174,
        0.12052455],
       [0.56967478, 0.44137922, 0.03512843, 0.82624896, 0.89583675,
        0.17135891],
       [0.00283358, 0.26311717, 0.94459064, 0.90615041, 0.55162543,
        0.09593549]]), array([[0.03005007, 0.66885398, 0.8093634 , 0.91229034, 0.43559569,
        0.47584818],
       [0.93227624, 0.14085169, 0.23788545, 0.80985186, 0.31996924,
        0.42605967],
       [0.85231439, 0.51381519, 0.98560867, 0.50054008, 0.67463502,
        0.50057076],
       [0.9988294 , 0.48312444, 0.50768976, 0.88307478, 0.24669941,
        0.87528488],
       [0.41386215, 0.31621413, 0.66888844, 0.24635711, 0.3190393 ,
        0.61940289],
       [0.1896907 , 0.19392709, 0.19033818, 0.03847937, 0.63715674,
        0.26816099]]), array([[1.44516580e-01, 3.69840448e-01, 8.71163579e-01, 6.76798787e-01,
        4.20791259e-01, 3.18526801e-01],
       [9.41514547e-01, 7.62211996e-01, 5.91064474e-01, 5.50661961e-01,
        2.51015397e-01, 1.04052383e-01],
       [9.86007269e-01, 4.13817400e-02, 3.14312353e-01, 7.29159660e-01,
        7.42307719e-01, 7.68671402e-01],
       [1.06900732e-01, 5.10273508e-01, 7.80008770e-01, 5.73590754e-01,
        4.39465300e-01, 5.80810224e-01],
       [7.53087380e-01, 3.26703621e-01, 5.71401321e-01, 1.62963476e-04,
        6.94197649e-01, 3.63929639e-01],
       [9.68690852e-01, 1.63067720e-01, 5.87831964e-01, 5.41939973e-01,
        2.40295704e-01, 7.52846538e-01]]), array([[0.67786779, 0.80253733, 0.24703437, 0.92888381, 0.02392946,
        0.84629274],
       [0.21904276, 0.13936288, 0.42403238, 0.24376841, 0.30820639,
        0.51600635],
       [0.89410156, 0.68116931, 0.7956364 , 0.87934118, 0.08871928,
        0.1555021 ],
       [0.41591234, 0.58242785, 0.37224214, 0.71599431, 0.84071315,
        0.61042989],
       [0.04678728, 0.98786363, 0.011906  , 0.26347071, 0.54737675,
        0.6127099 ],
       [0.50066776, 0.02354188, 0.17402632, 0.43171496, 0.36401843,
        0.02246568]]), array([[0.58632131, 0.29613354, 0.34144896, 0.76343374, 0.46804253,
        0.90355658],
       [0.17409913, 0.24040424, 0.83559961, 0.94156228, 0.82938312,
        0.14040624],
       [0.16351788, 0.4757439 , 0.21658443, 0.25599267, 0.36601784,
        0.26859235],
       [0.0044683 , 0.33892804, 0.41614423, 0.37068399, 0.77977963,
        0.30145595],
       [0.99051489, 0.86759504, 0.7446012 , 0.49433664, 0.10204673,
        0.76448263],
       [0.03846944, 0.45293316, 0.53692075, 0.1571502 , 0.6848261 ,
        0.69398677]]), array([[0.67256589, 0.88175653, 0.7977308 , 0.92868182, 0.07371521,
        0.65109209],
       [0.31571756, 0.411795  , 0.95337204, 0.04926369, 0.05170178,
        0.35635261],
       [0.35926634, 0.19290341, 0.71915647, 0.85828541, 0.37044056,
        0.56639191],
       [0.45207595, 0.60064246, 0.93504348, 0.22785856, 0.18930821,
        0.45381871],
       [0.72921601, 0.80392468, 0.59285148, 0.48914688, 0.81988256,
        0.05333421],
       [0.98810918, 0.6795333 , 0.75000464, 0.44724145, 0.4234805 ,
        0.90962158]]), array([[0.2576493 , 0.57566308, 0.44901814, 0.25907347, 0.13524038,
        0.3715166 ],
       [0.21297864, 0.00251977, 0.18415139, 0.02251988, 0.26682933,
        0.59593993],
       [0.84142579, 0.1539782 , 0.47821616, 0.00317451, 0.83655683,
        0.38483375],
       [0.84165892, 0.17577322, 0.9951725 , 0.32784899, 0.50977898,
        0.11403543],
       [0.36147364, 0.9883499 , 0.96831827, 0.060728  , 0.10584066,
        0.46504122],
       [0.27578524, 0.13786714, 0.62639034, 0.59020851, 0.4440663 ,
        0.75606947]]), array([[0.82093567, 0.68157065, 0.52283854, 0.74424933, 0.55966594,
        0.11080889],
       [0.24594249, 0.25492504, 0.17766332, 0.57778296, 0.57306932,
        0.73782628],
       [0.07003567, 0.10252716, 0.39692648, 0.07266778, 0.4602796 ,
        0.26922438],
       [0.02005152, 0.40500511, 0.15368927, 0.46224703, 0.69128665,
        0.33660914],
       [0.84595007, 0.52406016, 0.86944934, 0.36240239, 0.89069285,
        0.48185554],
       [0.76999665, 0.60881125, 0.91397738, 0.35473814, 0.54918026,
        0.45321293]]), array([[8.30933561e-01, 9.96687031e-02, 5.14988720e-01, 7.10046833e-05,
        5.20403180e-02, 7.60855386e-01],
       [3.07685741e-01, 9.20235201e-01, 1.84471973e-01, 3.14697043e-01,
        6.96555168e-01, 1.70312945e-01],
       [7.69934736e-01, 4.65634985e-01, 7.42518634e-02, 8.90966741e-01,
        5.60073729e-01, 9.26642876e-01],
       [9.43706324e-01, 6.26139025e-01, 2.00069075e-01, 8.02880468e-01,
        7.23945194e-01, 8.77720771e-01],
       [3.61275892e-01, 2.10856231e-01, 6.85758007e-01, 5.28947080e-02,
        6.41292825e-01, 9.34403353e-01],
       [7.39994022e-01, 6.65353576e-01, 4.96127099e-02, 5.89096229e-01,
        8.21969127e-01, 2.08222762e-01]]), array([[0.26613555, 0.86992549, 0.7597157 , 0.80224341, 0.05683772,
        0.43482324],
       [0.88244001, 0.94473502, 0.45303826, 0.61892423, 0.12365762,
        0.96933293],
       [0.12533186, 0.91131926, 0.45535844, 0.88286566, 0.92383326,
        0.17298675],
       [0.32142222, 0.90334756, 0.50044832, 0.14392121, 0.11719912,
        0.29994739],
       [0.06846666, 0.79467929, 0.37317604, 0.79980907, 0.44944513,
        0.55569326],
       [0.17725803, 0.98796697, 0.20108505, 0.00730337, 0.25580925,
        0.6277293 ]]), array([[0.71846007, 0.64389593, 0.69915564, 0.77805217, 0.34094802,
        0.86370503],
       [0.64753196, 0.09336377, 0.5425233 , 0.38212152, 0.27121736,
        0.63196001],
       [0.29304226, 0.34001272, 0.42107344, 0.08598169, 0.64792908,
        0.43744239],
       [0.52196093, 0.91552227, 0.28842957, 0.38170518, 0.08227146,
        0.47159111],
       [0.46218451, 0.87290874, 0.50836687, 0.70056171, 0.07042224,
        0.08269068],
       [0.03594838, 0.33770278, 0.63797972, 0.2262087 , 0.11026696,
        0.41839031]]), array([[0.72701817, 0.80386131, 0.23655666, 0.52021535, 0.03444635,
        0.46019117],
       [0.97356552, 0.77451709, 0.4939158 , 0.484118  , 0.73810768,
        0.93005189],
       [0.61685659, 0.17230258, 0.86313913, 0.66764023, 0.5154985 ,
        0.22580266],
       [0.6272799 , 0.03725943, 0.44180738, 0.64095942, 0.65003908,
        0.9578948 ],
       [0.13829524, 0.3213606 , 0.9385307 , 0.95637796, 0.81944536,
        0.24861762],
       [0.39710028, 0.23267586, 0.82629509, 0.24511592, 0.42096298,
        0.78303104]]), array([[0.56991954, 0.60655517, 0.61041333, 0.29702658, 0.26732624,
        0.48976431],
       [0.62016332, 0.42599933, 0.92771172, 0.92024186, 0.1443336 ,
        0.38785533],
       [0.34846302, 0.21736737, 0.09283073, 0.73868105, 0.10731856,
        0.92508627],
       [0.73617155, 0.39486487, 0.82543557, 0.55583032, 0.20314873,
        0.80920837],
       [0.12463013, 0.45807078, 0.90199822, 0.65929012, 0.76843729,
        0.24143408],
       [0.67391612, 0.68932382, 0.83278785, 0.59116807, 0.01432648,
        0.70162345]]), array([[0.48360258, 0.70016321, 0.84799075, 0.59825638, 0.10239471,
        0.96265114],
       [0.44966511, 0.23753579, 0.31533667, 0.676944  , 0.22837133,
        0.17831959],
       [0.4755296 , 0.61500733, 0.13681299, 0.69313658, 0.65727579,
        0.32367682],
       [0.96003642, 0.83258266, 0.41743462, 0.91993726, 0.71307261,
        0.88104431],
       [0.35255212, 0.96369547, 0.64788036, 0.67658239, 0.68349338,
        0.92205992],
       [0.73718136, 0.49209711, 0.43450006, 0.94015563, 0.47030988,
        0.9684754 ]]), array([[0.8287224 , 0.19692124, 0.55921832, 0.67334161, 0.04842554,
        0.76953591],
       [0.07668219, 0.76646824, 0.29224291, 0.39608713, 0.99592541,
        0.87059031],
       [0.68047914, 0.96475922, 0.00959557, 0.17092968, 0.10176646,
        0.37303053],
       [0.56776363, 0.05564837, 0.73774806, 0.64818961, 0.36818784,
        0.05443674],
       [0.00900198, 0.78421105, 0.90258862, 0.96286273, 0.4561275 ,
        0.26729627],
       [0.97313346, 0.05757251, 0.68683237, 0.18831294, 0.67368648,
        0.45753089]]), array([[0.85426461, 0.23888652, 0.68751042, 0.77317955, 0.21254134,
        0.40795997],
       [0.69669482, 0.04967916, 0.73311995, 0.29812742, 0.26620575,
        0.26705175],
       [0.07344626, 0.07201948, 0.99489257, 0.5105972 , 0.5630684 ,
        0.0997128 ],
       [0.78004055, 0.99503873, 0.56840899, 0.03589288, 0.20184509,
        0.96293256],
       [0.82025929, 0.30515157, 0.72032529, 0.7671719 , 0.01280816,
        0.52305715],
       [0.84639803, 0.30073854, 0.33702321, 0.73927166, 0.86359673,
        0.32075595]]), array([[0.70217638, 0.37537534, 0.32538363, 0.86791681, 0.17433654,
        0.97370089],
       [0.5664027 , 0.5915508 , 0.60228417, 0.10375862, 0.48112804,
        0.8266563 ],
       [0.61487304, 0.99836772, 0.84153571, 0.15718362, 0.97009648,
        0.16064455],
       [0.97614259, 0.74628266, 0.64057674, 0.32926324, 0.5143166 ,
        0.19812453],
       [0.74864193, 0.78435091, 0.82163834, 0.24276939, 0.44497236,
        0.36354143],
       [0.78982672, 0.4172439 , 0.17054663, 0.93517065, 0.38754957,
        0.50123834]]), array([[0.3042336 , 0.64385142, 0.47647918, 0.73540879, 0.25594077,
        0.03199065],
       [0.39610924, 0.95929692, 0.26525656, 0.43771303, 0.15143089,
        0.04281052],
       [0.99585283, 0.36715349, 0.79905479, 0.22919382, 0.09690042,
        0.49990705],
       [0.17446846, 0.19520405, 0.51458977, 0.90111436, 0.51536959,
        0.35850944],
       [0.67180063, 0.00349254, 0.01780128, 0.90365463, 0.56680627,
        0.30909085],
       [0.07289682, 0.05341581, 0.7183165 , 0.56315001, 0.11971628,
        0.66826379]]), array([[0.73213267, 0.52573432, 0.19616906, 0.31388475, 0.02889946,
        0.89239779],
       [0.3574069 , 0.30845008, 0.16622443, 0.8330676 , 0.8763559 ,
        0.9617714 ],
       [0.14390345, 0.02112709, 0.33114906, 0.09743699, 0.3624641 ,
        0.24227599],
       [0.18603842, 0.99086922, 0.70020018, 0.53580381, 0.97854828,
        0.1992945 ],
       [0.93672922, 0.29718536, 0.05064467, 0.8201274 , 0.58029503,
        0.76470005],
       [0.55274501, 0.29454023, 0.25798354, 0.736509  , 0.91458453,
        0.61267683]]), array([[0.70459805, 0.49003934, 0.84236955, 0.97041749, 0.06301675,
        0.58731891],
       [0.35790501, 0.72114585, 0.05639008, 0.41754754, 0.43742555,
        0.12239788],
       [0.77490384, 0.25678609, 0.32814088, 0.81272318, 0.57648693,
        0.59108605],
       [0.28426663, 0.57610888, 0.14741992, 0.1322509 , 0.36696767,
        0.34996826],
       [0.52739996, 0.05697845, 0.17032002, 0.24479822, 0.73322767,
        0.12865646],
       [0.36479061, 0.35169722, 0.70232277, 0.91506208, 0.96414882,
        0.18864563]]), array([[ 0.50264521,  0.07422683,  0.2805836 ,  0.29334883,  0.46986611,
         0.40012242],
       [ 0.4146398 ,  0.75032407,  0.37001405,  0.62556586,  0.80478497,
         0.91005957],
       [-0.10110259,  0.04349483,  0.37462722,  0.48236876,  0.69473649,
        -0.10967396],
       [ 0.81925264,  0.30391976,  0.0567333 ,  0.23824596,  0.8518347 ,
         0.44913548],
       [ 0.57164754,  0.72351784,  0.14945913,  0.71484761,  0.92552446,
         0.04134239],
       [ 0.03306387,  0.28454147,  0.41797538,  0.7285105 ,  0.04892166,
         0.04294557]]), array([[ 0.50246836,  0.75795384,  0.18256461,  0.94364529,  0.79543226,
         0.23960172],
       [-0.62221408, -0.46586642, -0.24450852, -0.37807871, -0.41341701,
        -0.41382899],
       [-0.19283972, -0.61772574, -0.04220325, -0.80760669,  0.1064223 ,
        -0.05405571],
       [-0.13569373, -0.71929486, -0.64703327, -0.37869636, -0.65663928,
        -0.30956486],
       [ 0.26338723,  0.38541671,  0.8591896 ,  0.81914566,  0.95889844,
         0.62305887],
       [ 0.22638551,  0.62571102,  0.56007547,  0.58994129,  0.52148873,
         0.68963711]]), array([[-0.94052751, -0.43294219,  0.10278399,  0.27202582, -1.26028725,
        -0.65922485],
       [-0.54339756, -0.31053665, -0.26284588, -0.20649114, -1.19218827,
        -1.01268647],
       [-0.72884058, -0.03434587, -0.50234803, -0.23051081, -0.97905321,
        -1.01631663],
       [-1.02264783,  0.27861544, -0.23870444, -0.24399732, -1.06042996,
        -0.74715299],
       [-1.22282943, -0.12940848,  0.22343076, -0.16653171, -1.16941899,
        -0.50265159],
       [-1.21355246,  0.05200509,  0.00882744,  0.13137532, -0.80479166,
        -0.88405733]]), array([[-1.61843874, -1.57381316, -1.56043291, -1.61573856, -1.6489241 ,
        -1.63457188]])] 
 0.5, 
 1e-19, 
 10000