weigths: [array([[ 0.52781434, -1.14004896,  1.71821592,  0.41394588,  2.00365337,
         0.504127  ],
       [ 0.42466076, -1.27317563,  1.66023846,  0.60523521,  2.55837707,
         0.22859941],
       [-1.33594625,  2.37314056, -3.93288135, -0.14580605,  1.28358866,
        -3.58344192],
       [ 0.49668352, -1.17316724,  1.69277391,  0.47625249,  2.18443132,
         0.40841626],
       [-0.9284746 ,  3.7182998 , -4.52612605, -0.49154877,  0.33078635,
        -3.59909756],
       [-0.27871955,  1.08244353, -1.41289016, -0.39566507, -7.74451846,
         0.39777026]]), array([[  4.25668266,   4.48763809, -28.8556662 ,   4.37361975,
        -25.77432704, -30.9551073 ]])] 
 0.5, 
 1e-19, 
 10000