error: 9.967512018749954e-10 
 weigths: [array([[ 0.63027902,  1.07744136,  0.46759329,  0.86188911,  0.5007857 ,
         0.37758328],
       [-1.17641663, -0.54226687, -1.15430141, -0.84899366, -1.41406369,
        -0.34787327],
       [-1.9651206 , -4.33155116,  1.18459634, -0.97616906, -3.30847337,
         2.34218783],
       [-0.47190843,  0.39758297, -0.01449673,  0.33527538, -0.36339609,
        -0.05351703],
       [-0.82951029,  0.32156733, -0.0393388 ,  0.22400707, -0.17569901,
         0.36387402],
       [ 0.90214739,  2.0467265 , -0.03054254,  1.26146747,  1.28674979,
        -0.52036848],
       [-0.52119158,  1.0600616 , -0.24646033,  0.37101919, -0.63428715,
         0.17882965]]), array([[-8.76346838e-01,  4.01973155e-01,  1.49793034e+00,
         5.23886251e-02, -5.11188161e-01, -3.10119517e-02,
        -4.90106501e-01],
       [ 1.61969421e+00,  1.75577350e+00,  1.66884333e+00,
         1.21392583e+00,  8.77782616e-01,  1.18795765e+00,
         1.12341253e+00],
       [ 1.67450200e+00,  1.61242189e+00,  1.67956168e+00,
         1.40050957e+00,  1.07861007e+00,  7.14432438e-01,
         8.29628548e-01],
       [ 9.09667170e-01, -1.82229647e+00, -7.65540617e+00,
        -1.27794519e-01, -2.61411069e-01,  9.42742930e-01,
        -1.40083847e-01],
       [ 7.95033461e-01, -2.97415796e+00, -9.21659964e+00,
        -5.56950423e-01, -2.82402312e-01,  1.83386899e+00,
        -2.79587199e-01],
       [ 9.49554356e-01, -3.56905273e+00, -1.01092449e+01,
         1.62306231e-04, -3.92234109e-01,  1.77552567e+00,
        -4.82766988e-01]]), array([[-2.03858677, -5.63129372, -5.23680737,  4.85902481,  6.34990704,
         7.1083175 ]])] 
 0.5, 
 1e-09, 
 1000