error: 1.4722006306245522e-09 
 weigths: [array([[-0.98628518,  0.69397355, -1.48948758,  0.33248252, -2.53540785,
        -0.42184346],
       [ 0.70929999,  1.44430358, -0.00771643,  0.66978624,  1.33359114,
        -0.6140092 ],
       [-0.9387179 ,  0.59845644, -1.41778332,  0.47234617, -2.39994565,
        -0.34044998],
       [ 0.5194295 ,  1.04217509,  0.14022417,  1.70622828,  1.03022986,
        -0.54405489],
       [ 0.19848959,  1.04919855, -0.09312622,  1.00971712,  0.58289501,
        -0.41269281],
       [-2.12919396, -2.45418749, -0.39265022,  0.23436628, -3.23695568,
         0.41791278],
       [-1.5860962 , -2.2064497 , -1.93774005, -1.82320065, -0.39764489,
        -0.91479001]]), array([[-1.59930547,  0.32114657, -1.1923992 ,  0.30783346,  0.75469045,
        -4.45521846, -3.55045692],
       [ 1.28561144,  1.14692999,  1.62480873,  0.82485523,  1.21593245,
         1.09967609,  1.22780872],
       [-1.13871544,  0.37569433, -1.38715081,  0.53779479, -0.03857829,
        -3.46763392, -3.08372879],
       [ 1.99292389,  1.03347336,  1.8085082 ,  0.96226275,  1.50691159,
         1.08843068,  1.78142334],
       [-2.19936978,  1.33952046, -2.12712088,  0.79899952,  0.83571892,
        -5.80710321, -5.33670624],
       [-2.76083457,  1.72790782, -1.71468687,  1.76462413,  0.79820053,
        -7.85656287, -7.09954431]]), array([[ 3.54456083, -4.82688303,  2.9014962 , -7.64609258,  5.3650861 ,
         7.354548  ]])] 
 0.5, 
 1e-09, 
 1000