error: 9.953912574731637e-10 
 weigths: [array([[ 0.40357711,  0.55687259,  0.72302957,  0.83567749,  0.28787187,
         0.49280504],
       [ 0.80329433,  1.76937454,  0.59296133,  1.24667442,  0.34450357,
         0.37706216],
       [-1.26937549, -1.64826175, -1.23791329, -1.68229798, -1.27431932,
        -0.32963432],
       [ 0.49496564,  1.20634243,  0.47658362,  0.33140088,  0.3832399 ,
         0.43142466],
       [-0.927373  ,  0.41908053, -0.44129099,  0.30816493, -0.24360666,
        -0.22661075],
       [-1.06166315,  0.33308048, -0.40829126, -0.01883706, -1.32177228,
         0.04180887],
       [-2.05947816, -1.9602225 , -0.2467881 ,  0.43070587, -3.12601842,
         0.94386621]]), array([[ -0.39014907,  -0.04542534,  -0.20563141,  -0.06551613,
         -0.09641629,  -0.50891711,   0.2182402 ],
       [  0.74018076,   0.52438487,  -5.18505026,   0.6900023 ,
         -0.13118777,  -0.57515712,  -5.61033861],
       [  1.0462245 ,   2.35279961, -10.24854654,   1.14238953,
         -0.7644462 ,  -1.31251479, -11.84043804],
       [  0.50872015,   0.93260375,   1.41971019,   1.24818924,
          1.15923778,   0.73142273,   1.25646482],
       [  1.41244176,   1.61995912,   1.11625253,   1.44790404,
          1.29258819,   1.04345244,   0.95631007],
       [ -0.40460319,  -0.76502869,   2.88848849,  -0.66481359,
         -0.01237282,   0.65926062,   2.57864468]]), array([[-0.59236704,  4.65504713, 10.6860988 , -3.86195806, -4.85611047,
        -3.47512142]])] 
 0.5, 
 1e-09, 
 1000