error: 9.930949634914662e-10 
 weigths: [array([[-1.24616604, -0.7586781 , -1.01880593, -0.85516013, -1.15756628,
        -0.37294658],
       [ 0.59392311,  1.17379047, -0.01599268,  1.75132824,  1.71714289,
        -0.89862286],
       [ 0.41177862,  1.29900208, -0.06930105,  0.46922367,  0.47228277,
         0.16626457],
       [-1.93032582, -4.23810808,  1.24503873, -0.96592344, -3.03119175,
         2.25677474],
       [-1.04834453,  0.18556085, -0.91823406,  0.05160844, -1.24400438,
         0.13853369],
       [ 0.12232769,  1.10768893, -0.4052068 ,  0.58945181,  0.33893967,
         0.39391724],
       [ 0.51440573,  1.38835498,  0.14096038,  0.91561199,  0.45728544,
         0.14151201]]), array([[ 1.07630933,  1.12800889,  1.19681448,  0.7853379 ,  1.6190429 ,
         1.70295072,  0.9130526 ],
       [ 1.7084556 ,  0.97317549,  1.22543043,  1.35020146,  1.5212854 ,
         1.55431336,  1.49248486],
       [ 0.68618732,  1.30126495,  1.31995487,  1.24495306,  0.98119439,
         1.47046249,  1.07717623],
       [-2.70038411,  0.78888012,  0.88854255, -8.18622279, -1.00026012,
         0.04493203,  0.77671813],
       [-3.20640557,  1.7440069 ,  0.24854583, -9.91752869, -1.62490302,
         0.29782325,  0.73806874],
       [-1.98324658,  1.25496309,  0.11823193, -6.21560935, -1.01810321,
         0.29663374,  0.29720013]]), array([[-3.616763  , -5.11779134, -3.21832141,  6.32468563,  7.80463008,
         4.77247997]])] 
 0.5, 
 1e-09, 
 1000