error: 9.986413761921162e-10 
 weigths: [array([[-4.60688171e-01,  2.52026236e-01, -1.79819303e-02,
        -5.62322611e-01, -2.44169519e-01,  4.23501820e-01],
       [-1.35875049e+00, -2.82600272e-01, -1.38117452e+00,
        -2.36498135e-01, -1.90502944e+00, -5.29402109e-01],
       [-1.71221681e+00, -2.38511375e+00, -1.65620980e+00,
        -1.11390617e+00, -9.26722116e-01, -6.69398887e-01],
       [-1.65396461e+00, -4.42060644e-01, -8.99105665e-01,
         1.81574243e-01, -3.75464315e+00,  1.86691211e-02],
       [-8.24834976e-01,  3.21790184e-03, -9.94502161e-01,
         3.94971511e-01, -1.01488028e+00, -3.65943537e-01],
       [ 4.92775565e-01,  5.80561157e-02,  1.06354807e+00,
         9.27503848e-01,  1.05255716e+00,  2.12474745e-01],
       [ 9.08504956e-01,  1.48418046e+00,  8.70740945e-01,
         9.08520381e-01,  6.07659616e-01,  2.49175793e-01]]), array([[-4.76961941e-01,  2.40476669e-01,  3.22688461e-01,
         1.12694408e+00,  2.98156323e-02, -4.67255129e-01,
        -3.41462782e-01],
       [-1.19071343e-01,  2.36043584e+00,  4.87068369e+00,
         4.86183117e+00,  6.39662461e-01, -1.35481173e+00,
        -1.33421817e+00],
       [ 4.84780807e-03,  2.55628223e-01,  1.31192164e+00,
         1.02282787e+00,  2.29335059e-01, -8.28751124e-01,
        -4.75278987e-01],
       [-4.57883646e-01,  2.71705421e-01,  1.36979023e+00,
         1.34292594e+00,  3.37428931e-01, -4.31286255e-01,
        -3.45768856e-01],
       [ 8.32311667e-01,  1.24553100e+00,  1.47828426e+00,
         2.30252817e+00,  1.09956470e+00, -1.94157415e-02,
         6.52813812e-02],
       [ 1.83709489e-01, -4.39799206e+00, -9.92951393e+00,
        -8.88749286e+00, -6.89621864e-01,  1.96654963e+00,
         2.34019182e+00]]), array([[-1.48154655, -5.83499619, -1.98318779, -1.91782248, -3.73251414,
         8.70461613]])] 
 0.5, 
 1e-09, 
 1000