error: 9.888665669094784e-10 
 weigths: [array([[ 0.68675673,  0.86815113,  0.57681997,  0.31252087,  0.84387965,
         0.17344089],
       [-1.38225568, -1.20109942, -0.94792339, -0.91119885, -1.46693526,
        -0.12778372],
       [-1.893879  , -1.81058973, -0.32182305, -0.25936919, -2.48113197,
         0.58886864],
       [ 0.42402817,  1.13266142,  0.12770354,  0.4732848 ,  0.25910428,
         0.31499449],
       [ 0.71426791,  1.1778322 ,  0.60768737,  0.43038777,  0.15346208,
         0.50539116],
       [ 0.46844755,  0.32336431,  0.56680059,  0.72540264,  0.66517599,
         0.22829757],
       [-1.49772415, -0.86773967, -1.14193182, -0.57520594, -1.55659683,
        -0.34254796]]), array([[-1.36759857,  5.37916414,  9.68674615, -0.84496101, -1.34144071,
        -1.21001412,  6.94189592],
       [ 0.99491651,  0.9817725 ,  1.30403796,  1.16833576,  1.22000335,
         0.4636057 ,  0.8197436 ],
       [ 1.05452474, -1.84932506, -4.58929776,  0.2792302 ,  0.61447741,
         0.31701023, -3.70167585],
       [-0.28860397, -0.06856014, -0.22192592,  0.01137913,  0.48991281,
        -0.2853548 ,  0.48726256],
       [ 0.42361925, -1.52149469, -2.45866506,  0.13103418,  0.30338177,
         0.39196824, -1.93420463],
       [-0.06660992, -0.63516452, -0.90731416,  0.54365012,  0.21923083,
        -0.20759863, -0.95627532]]), array([[-10.60755565,  -2.04649535,   4.45201962,  -0.04964918,
          2.52756594,   1.0105366 ]])] 
 0.5, 
 1e-09, 
 1000