error: 9.993883111342854e-10 
 weigths: [array([[ 0.16641865,  0.67503459,  0.50186392,  0.75780121,  0.47412608,
         0.13452829],
       [ 0.05968594,  0.72212167,  0.40245861,  0.84194047, -0.16506124,
         0.49714363],
       [ 0.52173158,  1.02489018,  0.79828128,  1.22893751,  0.27979522,
         0.4483893 ],
       [-1.57258799, -0.19830907, -0.77844885,  0.38241666, -2.02536868,
        -0.1044268 ],
       [-1.85817024, -1.57948025, -0.72204948, -0.04447932, -2.15941711,
         0.0876686 ],
       [ 0.56818111,  1.17144724,  0.83636824,  1.33705533,  0.21228318,
         0.45536139],
       [-1.70653689, -1.98590838, -0.64176747, -0.91439626, -2.16474482,
         0.41831982]]), array([[ 7.80113378e-01,  1.60769459e+00,  6.80412989e-01,
         1.12391690e+00,  1.67343701e+00,  1.31903935e+00,
         1.32356063e+00],
       [ 4.15594408e-03, -1.52407999e-01,  9.86327078e-02,
        -1.22981003e-01, -1.58544308e+00, -4.01514336e-01,
        -1.46327540e+00],
       [ 9.22363379e-01,  8.32198824e-01,  1.00680828e+00,
        -3.02012390e+00, -8.13840389e+00,  1.21586099e+00,
        -8.62528275e+00],
       [ 1.00986098e+00,  1.38605078e+00,  1.26555229e+00,
         1.10426315e+00,  1.02300156e+00,  1.26841858e+00,
         1.58186994e+00],
       [-1.80739325e-01, -3.73786947e-01, -7.74016587e-01,
         4.37010736e-01,  1.44090805e+00, -5.77722594e-01,
         1.37156437e+00],
       [ 5.47619252e-01,  1.95976078e-01,  1.41070039e+00,
        -2.87133783e+00, -7.75376675e+00,  1.50262970e+00,
        -8.27788138e+00]]), array([[-5.18647791,  0.68613245,  7.75016037, -5.07686218, -2.43284386,
         7.38657836]])] 
 0.5, 
 1e-09, 
 1000