weigths: [array([[0.92152871, 0.84001579, 0.96286512, 0.8747252 , 0.90438935,
        0.59015066],
       [0.24853193, 0.74022983, 0.98242625, 0.85841865, 0.88664966,
        0.91796119],
       [0.43605406, 0.1815241 , 0.55519933, 0.23546439, 0.40476443,
        0.31492452],
       [0.29667366, 0.63132226, 0.9470066 , 0.49084274, 0.97821642,
        0.26335839],
       [0.38940299, 0.60371793, 0.43266114, 0.43904851, 0.08846389,
        0.38821111],
       [0.87266604, 0.24691016, 0.94212138, 0.23122234, 0.33006144,
        0.72236491],
       [0.04816329, 0.42681775, 0.88090884, 0.6228655 , 0.71278474,
        0.97661599],
       [0.08482918, 0.20244727, 0.94455084, 0.77570406, 0.80163805,
        0.98865623],
       [0.08007467, 0.54121777, 0.72095063, 0.61309054, 0.82887747,
        0.19985423],
       [0.56397958, 0.93572254, 0.26763132, 0.37677838, 0.22522531,
        0.457392  ],
       [0.14288018, 0.38715491, 0.77188946, 0.49069113, 0.37457976,
        0.1066031 ],
       [0.89446341, 0.5627299 , 0.21583639, 0.5497967 , 0.28733621,
        0.27548369]]), array([[0.47903511, 0.93611696, 0.53105073, 0.23347114, 0.85029293,
        0.75611853, 0.26252319, 0.72611668, 0.80538907, 0.13010999,
        0.62271137, 0.21550441],
       [0.43001262, 0.72459723, 0.82773517, 0.91782615, 0.39396036,
        0.68281523, 0.30279455, 0.90334039, 0.1202259 , 0.06168447,
        0.41743892, 0.05673387],
       [0.96582597, 0.61333282, 0.6741833 , 0.15382156, 0.71367629,
        0.55271167, 0.11578249, 0.06298518, 0.71270871, 0.85540622,
        0.32164576, 0.71280249],
       [0.54695494, 0.12074474, 0.431749  , 0.47794353, 0.22430749,
        0.93428817, 0.8866668 , 0.13821713, 0.4643212 , 0.3481945 ,
        0.3544933 , 0.50322162],
       [0.40557726, 0.15786717, 0.59955069, 0.29497148, 0.24955708,
        0.05715361, 0.67458553, 0.89626919, 0.10673339, 0.94333252,
        0.7081912 , 0.54893191],
       [0.48690734, 0.76006311, 0.48137563, 0.22432617, 0.8507131 ,
        0.55510295, 0.52057111, 0.02209842, 0.2718082 , 0.85243675,
        0.17050192, 0.09590392],
       [0.63652892, 0.72640932, 0.79068948, 0.01148281, 0.00778677,
        0.38082179, 0.34367051, 0.75704812, 0.74486388, 0.66576196,
        0.71427037, 0.21523022],
       [0.30283989, 0.21554041, 0.70951487, 0.52661819, 0.4805023 ,
        0.54212966, 0.57218021, 0.16450201, 0.11677082, 0.3117503 ,
        0.66075583, 0.64712747],
       [0.74911332, 0.88706125, 0.12657967, 0.55956935, 0.74652621,
        0.71262512, 0.53668939, 0.29006502, 0.73037125, 0.40617128,
        0.04957147, 0.56524995],
       [0.79991485, 0.13262811, 0.66055985, 0.08625235, 0.83339971,
        0.86800855, 0.62203876, 0.2535673 , 0.81766362, 0.04085556,
        0.78598634, 0.12736791],
       [0.22123155, 0.9084635 , 0.6197258 , 0.53349206, 0.24629765,
        0.12828428, 0.03050612, 0.704049  , 0.67931004, 0.91890767,
        0.029598  , 0.95916   ],
       [0.19885013, 0.50414779, 0.07495366, 0.43207029, 0.13539163,
        0.70059219, 0.6572949 , 0.35825795, 0.60024976, 0.7014047 ,
        0.87338697, 0.35746164]]), array([[0.39498149, 0.8749279 , 0.01359353, 0.0090035 , 0.03721025,
        0.77067643, 0.92091881, 0.00504115, 0.23169967, 0.56651668,
        0.43727223, 0.59482589],
       [0.3155663 , 0.93325507, 0.11846713, 0.69441858, 0.73941102,
        0.64344833, 0.3287538 , 0.01109946, 0.1504937 , 0.58547745,
        0.58057701, 0.94592938],
       [0.16102417, 0.52986962, 0.12812754, 0.66700897, 0.71582475,
        0.91688401, 0.87274933, 0.06709457, 0.39050752, 0.85901419,
        0.17333285, 0.16671221],
       [0.80446368, 0.85335529, 0.31245555, 0.05801951, 0.31577819,
        0.83128625, 0.3029924 , 0.7632901 , 0.03694501, 0.37358795,
        0.58006916, 0.74910129],
       [0.07549702, 0.88785618, 0.31405217, 0.62725559, 0.19645762,
        0.16917958, 0.76096473, 0.55410353, 0.1612782 , 0.43947712,
        0.35299156, 0.70188542],
       [0.30115972, 0.900373  , 0.13382942, 0.82971078, 0.23676199,
        0.03376055, 0.08537829, 0.41838518, 0.80752624, 0.30383215,
        0.05548196, 0.37312399],
       [0.33552542, 0.84997776, 0.85769349, 0.67426785, 0.44495964,
        0.25540171, 0.67592208, 0.83418346, 0.86803125, 0.72770666,
        0.64575958, 0.91787108],
       [0.72326593, 0.60554043, 0.31473325, 0.45700397, 0.28060304,
        0.78244257, 0.41727413, 0.98857227, 0.86789294, 0.08872397,
        0.38008402, 0.99503924],
       [0.20230533, 0.28049389, 0.77381217, 0.30744674, 0.28715857,
        0.24666928, 0.44500381, 0.3176662 , 0.82700645, 0.0779625 ,
        0.14176742, 0.3802376 ],
       [0.55327415, 0.58480938, 0.08575307, 0.70907507, 0.07912011,
        0.86617488, 0.24082721, 0.39419399, 0.0732598 , 0.80912734,
        0.65240726, 0.14021315],
       [0.29741282, 0.33156931, 0.69926964, 0.45582978, 0.93177186,
        0.98279926, 0.56336167, 0.10208268, 0.53419957, 0.01516409,
        0.41841112, 0.79730907],
       [0.54440641, 0.70575149, 0.33746603, 0.56126514, 0.55685048,
        0.73296608, 0.64317817, 0.94786616, 0.81998246, 0.00874153,
        0.9517527 , 0.18571869]]), array([[0.28417989, 0.48279449, 0.40421783, 0.87978556, 0.48420382,
        0.65892262, 0.30684892, 0.37734894, 0.61195712, 0.97431194,
        0.51430977, 0.5323295 ],
       [0.19698296, 0.62351548, 0.82620975, 0.22863175, 0.06506779,
        0.69726169, 0.54548186, 0.37847517, 0.44358002, 0.72412837,
        0.56304339, 0.35845164],
       [0.3717293 , 0.57694194, 0.28215742, 0.41502268, 0.62932626,
        0.97395163, 0.64778983, 0.19633433, 0.63955222, 0.90320134,
        0.53278578, 0.99625337],
       [0.29991854, 0.69379598, 0.48548681, 0.73643411, 0.34646559,
        0.23944101, 0.53431641, 0.89967348, 0.05203261, 0.985969  ,
        0.11242889, 0.40156344],
       [0.52614722, 0.36083942, 0.84310397, 0.15896754, 0.82922176,
        0.99937504, 0.67588014, 0.79954913, 0.38979758, 0.83347781,
        0.44539314, 0.23175477],
       [0.95411985, 0.01769395, 0.25003529, 0.20481137, 0.44058691,
        0.32562893, 0.6136062 , 0.63203924, 0.03962316, 0.90621804,
        0.80817312, 0.87425703],
       [0.73899022, 0.81391055, 0.6229741 , 0.84538243, 0.79630893,
        0.40767228, 0.94781831, 0.02071743, 0.11669675, 0.82941739,
        0.32710481, 0.03626329],
       [0.38312655, 0.63715514, 0.51914322, 0.72072302, 0.14382926,
        0.99809757, 0.42633622, 0.85996063, 0.54185331, 0.05849684,
        0.33344075, 0.23604302],
       [0.07285591, 0.52392396, 0.11135956, 0.04253816, 0.41613073,
        0.69625355, 0.38493911, 0.73031458, 0.08829642, 0.26448348,
        0.74994052, 0.27343644],
       [0.52358205, 0.45416263, 0.89308006, 0.71705834, 0.05975853,
        0.86097198, 0.01028517, 0.13486619, 0.84706894, 0.20260891,
        0.79158274, 0.37605084],
       [0.49668947, 0.87103161, 0.01146211, 0.23173182, 0.78603655,
        0.61535563, 0.43971388, 0.98151584, 0.2819313 , 0.70867314,
        0.40271239, 0.43271888],
       [0.41834001, 0.88913092, 0.78885301, 0.50610735, 0.52178924,
        0.97613704, 0.36175642, 0.3315105 , 0.81362682, 0.51350268,
        0.51413675, 0.35726061]]), array([[0.89690041, 0.13199228, 0.5431989 , 0.73023982, 0.13151182,
        0.80524627, 0.11466975, 0.03657753, 0.6425224 , 0.38654375,
        0.40700554, 0.50229678],
       [0.82062419, 0.42444807, 0.83378866, 0.40889644, 0.38989357,
        0.41817905, 0.03544341, 0.63623898, 0.17184246, 0.72637045,
        0.57184593, 0.93865351],
       [0.73636462, 0.78158595, 0.36745744, 0.71106654, 0.59207264,
        0.75013563, 0.72673414, 0.55944131, 0.66420157, 0.28758292,
        0.39720033, 0.91459395],
       [0.24572045, 0.6207272 , 0.75845766, 0.39450761, 0.32135615,
        0.7941958 , 0.56369205, 0.79803335, 0.59406385, 0.83271635,
        0.63050647, 0.30367898],
       [0.21721487, 0.88785946, 0.68190186, 0.75671112, 0.98259311,
        0.94681852, 0.88136657, 0.05651783, 0.47649505, 0.1906055 ,
        0.26805197, 0.52851045],
       [0.98544079, 0.29344896, 0.08999653, 0.51116606, 0.816367  ,
        0.8454335 , 0.93801392, 0.13476588, 0.26250476, 0.13158281,
        0.21187789, 0.36820966],
       [0.86508391, 0.27350592, 0.93324172, 0.41042103, 0.10458246,
        0.27382417, 0.84347641, 0.98603248, 0.85809052, 0.10831569,
        0.70875221, 0.48065176],
       [0.18898412, 0.34741653, 0.67184663, 0.79983073, 0.27800974,
        0.1716328 , 0.88385973, 0.71836687, 0.28800866, 0.75709244,
        0.97637086, 0.72433906],
       [0.71506721, 0.63475663, 0.3379466 , 0.39756784, 0.66256138,
        0.34661657, 0.00355315, 0.4666864 , 0.69850824, 0.57423787,
        0.92399895, 0.47653018],
       [0.51377423, 0.10958553, 0.62587329, 0.20890496, 0.84660719,
        0.57098589, 0.66814899, 0.69703812, 0.0155587 , 0.07197159,
        0.91197945, 0.77892412],
       [0.27681212, 0.44545163, 0.23651075, 0.28962318, 0.19713716,
        0.60686618, 0.86901732, 0.10326771, 0.70485599, 0.12558659,
        0.06218982, 0.62661121],
       [0.46818794, 0.71864391, 0.296903  , 0.92341325, 0.51965241,
        0.61444622, 0.67083387, 0.02322793, 0.08608367, 0.7970305 ,
        0.47304934, 0.00195191]]), array([[0.64324062, 0.23311522, 0.74180198, 0.81852352, 0.02560477,
        0.95274383, 0.56590116, 0.22844814, 0.05213616, 0.06376869,
        0.47241334, 0.38794458],
       [0.14366907, 0.6913528 , 0.60471652, 0.69621113, 0.98216463,
        0.62142142, 0.53526622, 0.57172634, 0.15891533, 0.88077566,
        0.7569632 , 0.55192756],
       [0.34023187, 0.73500459, 0.49871455, 0.59784877, 0.53512071,
        0.72806265, 0.43451898, 0.21491736, 0.09372443, 0.44977354,
        0.48764229, 0.29027602],
       [0.14993664, 0.51981087, 0.03557155, 0.83831322, 0.14833868,
        0.36525705, 0.20763948, 0.41099283, 0.72563256, 0.93344377,
        0.44816477, 0.54368125],
       [0.7055611 , 0.72985626, 0.85203724, 0.98545146, 0.83638771,
        0.17522371, 0.61733706, 0.26126937, 0.9492416 , 0.71479296,
        0.41114933, 0.19594273],
       [0.88124767, 0.99538568, 0.39589519, 0.56114963, 0.93100136,
        0.66958618, 0.74783794, 0.94854862, 0.39602299, 0.7356471 ,
        0.76931558, 0.45987116],
       [0.99570602, 0.45142215, 0.4401217 , 0.09132872, 0.2291499 ,
        0.32435467, 0.85463805, 0.81393958, 0.23055145, 0.80532356,
        0.45847285, 0.22282397],
       [0.43303657, 0.51026554, 0.44070812, 0.95003319, 0.27610425,
        0.36238533, 0.4681721 , 0.76727113, 0.56861322, 0.15532417,
        0.98639056, 0.46455335],
       [0.59564143, 0.3210832 , 0.65161611, 0.96207081, 0.55470436,
        0.49875073, 0.69761919, 0.68486064, 0.27319879, 0.45977411,
        0.82623596, 0.07004119],
       [0.45465401, 0.88893272, 0.77974281, 0.84032149, 0.26171974,
        0.64869515, 0.29188849, 0.05578529, 0.72791273, 0.06427589,
        0.67107398, 0.98074006],
       [0.22345612, 0.75007981, 0.64688396, 0.32040001, 0.79496548,
        0.96828703, 0.21416749, 0.77132428, 0.99415186, 0.56029556,
        0.3620563 , 0.56117983],
       [0.50910103, 0.94706972, 0.9460726 , 0.24747602, 0.87442768,
        0.18302184, 0.23991396, 0.84095868, 0.46496433, 0.50607601,
        0.24614353, 0.00110648]]), array([[0.49032066, 0.52955795, 0.90986596, 0.93307797, 0.57243946,
        0.7590325 , 0.0700375 , 0.93346065, 0.12638179, 0.17296772,
        0.50482262, 0.73916953],
       [0.74529886, 0.82132659, 0.09953646, 0.3436977 , 0.2016175 ,
        0.17410003, 0.92045038, 0.54609712, 0.65004392, 0.21316836,
        0.65710216, 0.66762251],
       [0.4160615 , 0.60143149, 0.2949667 , 0.7615092 , 0.41125848,
        0.25345666, 0.48507922, 0.37966776, 0.86802974, 0.13739317,
        0.06703703, 0.65034608],
       [0.90641135, 0.24638304, 0.88468753, 0.21083279, 0.03125854,
        0.51507111, 0.14531641, 0.78770489, 0.34639586, 0.7117184 ,
        0.30305501, 0.26942269],
       [0.96183762, 0.81025774, 0.46714093, 0.37995728, 0.29910801,
        0.02691895, 0.98113056, 0.71009386, 0.6220515 , 0.1138817 ,
        0.73901591, 0.36429601],
       [0.48147896, 0.33034659, 0.49537629, 0.75105496, 0.17925884,
        0.68201425, 0.09358687, 0.04324684, 0.87246299, 0.36084119,
        0.72657109, 0.86861992],
       [0.62733361, 0.78031347, 0.76272271, 0.4597983 , 0.59808231,
        0.11562012, 0.14826321, 0.21276889, 0.4727521 , 0.08092696,
        0.33461783, 0.33125765],
       [0.41672402, 0.53621211, 0.55114142, 0.06051906, 0.89225497,
        0.48944673, 0.05016908, 0.5187567 , 0.21859632, 0.62815713,
        0.08643821, 0.69401388],
       [0.43140319, 0.22235858, 0.6542979 , 0.96005129, 0.83236547,
        0.89826766, 0.90122701, 0.43346967, 0.3064173 , 0.633353  ,
        0.60968229, 0.24622728],
       [0.0083513 , 0.30219568, 0.03874333, 0.18944975, 0.51343841,
        0.98857179, 0.31967659, 0.06073771, 0.9808244 , 0.44788266,
        0.9131685 , 0.80807337],
       [0.82265167, 0.84659807, 0.10539614, 0.43770882, 0.24087334,
        0.11636522, 0.7773533 , 0.03291687, 0.03525766, 0.51035421,
        0.24118384, 0.36257027],
       [0.09055125, 0.76633175, 0.56956917, 0.71516313, 0.32574786,
        0.84033992, 0.6119293 , 0.45280956, 0.34375312, 0.02055   ,
        0.67450777, 0.90577648]]), array([[0.38869708, 0.01072384, 0.88365047, 0.22054514, 0.32829767,
        0.62726834, 0.7354721 , 0.77836718, 0.69601512, 0.20074994,
        0.11157272, 0.10255429],
       [0.52133307, 0.9120956 , 0.9489879 , 0.34015701, 0.01090385,
        0.01720185, 0.42317261, 0.30127977, 0.95876763, 0.83470213,
        0.74448829, 0.77394547],
       [0.09334263, 0.65798275, 0.36946927, 0.36481018, 0.97346658,
        0.05567923, 0.14560379, 0.03817478, 0.58802934, 0.86941783,
        0.10328141, 0.1024035 ],
       [0.20807725, 0.98486892, 0.52986918, 0.02522417, 0.14994442,
        0.19256979, 0.49433808, 0.62576498, 0.65069336, 0.63115168,
        0.85271982, 0.93536501],
       [0.26573531, 0.62667916, 0.86060239, 0.37979846, 0.03841119,
        0.5354372 , 0.63988446, 0.95954371, 0.45768139, 0.77914765,
        0.29826826, 0.69802489],
       [0.6092356 , 0.22186424, 0.57939388, 0.85899429, 0.06221626,
        0.43458294, 0.54870042, 0.81262165, 0.46144834, 0.3948915 ,
        0.76796971, 0.55826289],
       [0.06665609, 0.37376222, 0.43716046, 0.07750578, 0.73607793,
        0.07683383, 0.37980791, 0.45155035, 0.99576135, 0.23021208,
        0.63452496, 0.77528865],
       [0.7273736 , 0.91872077, 0.81437783, 0.74000709, 0.54996344,
        0.72634041, 0.64587805, 0.48490691, 0.60143225, 0.4111354 ,
        0.83347364, 0.97464501],
       [0.21911828, 0.08258891, 0.65088186, 0.56395319, 0.98638073,
        0.52267018, 0.97580139, 0.62178788, 0.88599676, 0.18618986,
        0.01961713, 0.86222269],
       [0.85041604, 0.77083724, 0.45606791, 0.08216424, 0.25264   ,
        0.43464169, 0.15298387, 0.50750403, 0.1837049 , 0.91778179,
        0.27466044, 0.29877065],
       [0.58127337, 0.1516279 , 0.86628331, 0.1946821 , 0.79229216,
        0.8361453 , 0.83980916, 0.45211918, 0.97969489, 0.23901552,
        0.43885189, 0.51046895],
       [0.82279454, 0.30388839, 0.0140301 , 0.82257214, 0.97137971,
        0.77937831, 0.0132268 , 0.96828024, 0.8259934 , 0.13975587,
        0.11514334, 0.099641  ]]), array([[0.70699355, 0.17332403, 0.8971718 , 0.05982618, 0.7777029 ,
        0.72892279, 0.73147199, 0.48173745, 0.89203239, 0.92961152,
        0.04434056, 0.54842284],
       [0.93895111, 0.88216368, 0.25159958, 0.3002067 , 0.56313839,
        0.95406339, 0.63341942, 0.42892273, 0.47840803, 0.19545791,
        0.44367932, 0.74263114],
       [0.63377396, 0.47212496, 0.27048639, 0.16876358, 0.06622852,
        0.33523773, 0.74621966, 0.05538711, 0.98165188, 0.61345286,
        0.62375643, 0.03375138],
       [0.47506191, 0.77065666, 0.40544597, 0.04459598, 0.89456336,
        0.79546757, 0.19002111, 0.58418321, 0.50361724, 0.03592476,
        0.95939452, 0.60214433],
       [0.79152352, 0.92731416, 0.05404136, 0.67038791, 0.83568177,
        0.05290557, 0.30433782, 0.09817801, 0.71560543, 0.88820657,
        0.8160831 , 0.75966327],
       [0.50421635, 0.81906183, 0.6149425 , 0.62910184, 0.38099263,
        0.69484496, 0.58763122, 0.5050194 , 0.18472166, 0.17037815,
        0.9180325 , 0.74131771],
       [0.93107771, 0.37714555, 0.55658289, 0.93677301, 0.86174233,
        0.86549357, 0.77745573, 0.66641266, 0.1765875 , 0.22200877,
        0.50090169, 0.15826158],
       [0.69324197, 0.84490853, 0.27180035, 0.01386779, 0.2752234 ,
        0.35310395, 0.2341545 , 0.2453692 , 0.01324046, 0.34638472,
        0.51299124, 0.56741508],
       [0.77376903, 0.00152782, 0.0292587 , 0.28565314, 0.49525307,
        0.57958869, 0.2039004 , 0.75652534, 0.65747021, 0.19107769,
        0.30841823, 0.55420399],
       [0.90012428, 0.09154915, 0.30680157, 0.44058945, 0.91576113,
        0.0883358 , 0.23913744, 0.96117401, 0.17301195, 0.07207118,
        0.36939813, 0.62708936],
       [0.96466165, 0.56616837, 0.24884152, 0.17899918, 0.68850694,
        0.59013523, 0.93001189, 0.24370364, 0.29418395, 0.29383956,
        0.30129031, 0.70973681],
       [0.70166534, 0.27813114, 0.11147423, 0.53643454, 0.09575824,
        0.58814657, 0.71280091, 0.4424398 , 0.92306272, 0.60324696,
        0.97313427, 0.68566756]]), array([[0.49201345, 0.69948358, 0.27254311, 0.07288112, 0.20897507,
        0.24786697, 0.0548574 , 0.1888234 , 0.38175987, 0.39700841,
        0.84801748, 0.78762181],
       [0.98982574, 0.83308111, 0.32244292, 0.63068799, 0.49166002,
        0.05703247, 0.79823583, 0.60860162, 0.02383165, 0.07445179,
        0.96230597, 0.74902217],
       [0.0174597 , 0.21246464, 0.99932057, 0.88102845, 0.6476266 ,
        0.72775268, 0.09873416, 0.7553082 , 0.0783225 , 0.25040229,
        0.29680032, 0.71984492],
       [0.23057622, 0.90666298, 0.25153698, 0.56979927, 0.94972181,
        0.69164224, 0.56347556, 0.04262796, 0.97871031, 0.14302477,
        0.24700745, 0.47138958],
       [0.71643144, 0.98548582, 0.13300812, 0.0050931 , 0.43207747,
        0.4192637 , 0.51734808, 0.22724761, 0.30542823, 0.20625252,
        0.03909635, 0.48102558],
       [0.48073203, 0.90466432, 0.72505062, 0.8052251 , 0.25347102,
        0.38069253, 0.02088465, 0.34853427, 0.3354034 , 0.30100713,
        0.49830936, 0.52317775],
       [0.36901321, 0.61518015, 0.02474601, 0.78372768, 0.69823993,
        0.74624387, 0.76004151, 0.1311249 , 0.95687063, 0.07116801,
        0.43379464, 0.52785602],
       [0.56302325, 0.0985259 , 0.89768627, 0.56985074, 0.42901385,
        0.17806203, 0.08484803, 0.28508493, 0.80230826, 0.42885607,
        0.08288553, 0.52997825],
       [0.20137261, 0.31417477, 0.49381232, 0.87843186, 0.21549633,
        0.63685857, 0.46026378, 0.87133131, 0.33521116, 0.79913026,
        0.10027917, 0.95119159],
       [0.20681903, 0.46095721, 0.68488369, 0.95715207, 0.8755729 ,
        0.68994234, 0.18051234, 0.9768509 , 0.82294822, 0.41116883,
        0.56000607, 0.47089091],
       [0.81974549, 0.40792757, 0.9707657 , 0.5862195 , 0.85990809,
        0.40768939, 0.94212015, 0.63113121, 0.90431237, 0.71500316,
        0.11030042, 0.7888544 ],
       [0.82019056, 0.85469965, 0.88797391, 0.32916555, 0.85857401,
        0.03411282, 0.05587888, 0.97119155, 0.47858669, 0.25126905,
        0.83855716, 0.8354442 ]]), array([[6.76665639e-05, 5.16783075e-02, 5.66869282e-01, 3.42445059e-01,
        6.83142492e-01, 4.02296520e-01, 1.94624785e-01, 5.07708155e-01,
        1.24729538e-02, 7.01110512e-01, 3.70218223e-01, 9.56427676e-01],
       [3.62381505e-01, 2.02332627e-01, 7.08107201e-01, 6.61395358e-01,
        2.86647292e-01, 4.16918428e-01, 3.16974761e-01, 6.52285525e-02,
        8.81418940e-01, 8.54833971e-01, 6.65441079e-01, 2.47912618e-01],
       [4.88790306e-01, 5.72013864e-01, 8.06973769e-01, 1.06615644e-01,
        6.45512266e-01, 8.95993344e-01, 4.76520166e-01, 7.53413432e-01,
        9.91915203e-01, 8.00294737e-01, 5.66936836e-01, 1.12798253e-01],
       [8.15805130e-01, 3.73443922e-01, 4.66437724e-01, 3.18640354e-01,
        7.56909883e-01, 3.99955919e-01, 8.34479479e-01, 8.25782865e-01,
        2.01690374e-01, 8.02457087e-01, 1.56430792e-01, 5.62071386e-01],
       [2.21076841e-01, 2.68152125e-01, 7.65911795e-01, 5.46906343e-01,
        3.24528563e-01, 9.41116926e-01, 9.69431580e-01, 4.52696138e-01,
        9.70374877e-02, 6.53552607e-01, 3.09211492e-01, 1.99860829e-01],
       [6.56184770e-01, 8.73529652e-01, 7.25435795e-01, 1.10421015e-01,
        8.38928059e-01, 1.65277081e-01, 6.55554107e-01, 9.72928620e-01,
        5.58837388e-01, 9.76514277e-02, 6.18467191e-01, 7.00128381e-01],
       [7.68019117e-01, 6.34758193e-01, 2.10561740e-01, 5.68873888e-01,
        5.07719595e-01, 6.51533155e-02, 7.30555223e-01, 9.92791958e-01,
        9.27176998e-01, 5.68105499e-01, 1.39191233e-01, 8.76408788e-01],
       [5.65623551e-01, 4.68790825e-02, 4.95174690e-01, 3.42248235e-01,
        3.38994532e-01, 4.69098927e-01, 6.52736966e-01, 9.69385768e-01,
        7.62575216e-01, 9.70075349e-01, 4.17556554e-01, 1.99839834e-01],
       [3.83512359e-01, 4.36570158e-01, 9.14891644e-01, 1.71319271e-01,
        1.43658587e-01, 1.88269869e-01, 9.33572870e-01, 3.18193195e-01,
        7.74156696e-01, 9.04614510e-02, 5.47209842e-01, 6.61986993e-01],
       [9.30932406e-01, 7.48055604e-01, 9.12537706e-01, 9.11376833e-01,
        5.19694356e-01, 1.92835534e-01, 2.92615562e-01, 8.72931297e-01,
        6.50217448e-01, 8.90404453e-01, 8.27886772e-01, 3.81907306e-01],
       [4.39461121e-01, 8.45157238e-01, 6.28418768e-01, 1.52721998e-02,
        6.96035947e-01, 9.95522524e-01, 5.72869810e-01, 8.78937812e-01,
        2.36952144e-01, 8.67006919e-01, 5.80006736e-01, 6.34166833e-01],
       [4.23829450e-01, 1.66768829e-01, 5.03160075e-01, 7.50951558e-01,
        1.51293606e-02, 4.12112050e-01, 4.70224190e-01, 7.11188856e-01,
        8.24194321e-01, 6.97362075e-02, 2.34164836e-01, 9.61415628e-01]]), array([[0.21423407, 0.78202009, 0.1568446 , 0.84905976, 0.31530765,
        0.5084953 , 0.70768265, 0.37043869, 0.5517928 , 0.87020404,
        0.61660146, 0.55914078],
       [0.99447729, 0.41208256, 0.68957484, 0.08038036, 0.8679935 ,
        0.88738607, 0.84377944, 0.78259481, 0.6769664 , 0.23520473,
        0.19688056, 0.42408934],
       [0.25157955, 0.04861588, 0.08614455, 0.65787182, 0.42904885,
        0.69175378, 0.92274335, 0.70094105, 0.1705296 , 0.78057165,
        0.00628949, 0.41838233],
       [0.35346198, 0.83008632, 0.61014859, 0.50912694, 0.75567567,
        0.96629894, 0.56426537, 0.23561172, 0.60927379, 0.20484904,
        0.35029118, 0.03119097],
       [0.86267022, 0.86822226, 0.40113938, 0.03402486, 0.99333616,
        0.3366936 , 0.89024923, 0.04252831, 0.18141131, 0.71537752,
        0.16208391, 0.22913392],
       [0.16960809, 0.14496015, 0.0437877 , 0.21732249, 0.35941549,
        0.17283275, 0.16749697, 0.54976266, 0.60044081, 0.61025577,
        0.97546193, 0.23096071],
       [0.76428777, 0.29850637, 0.95320016, 0.78211079, 0.43744321,
        0.64509782, 0.2717627 , 0.48922494, 0.3082585 , 0.65181748,
        0.99659449, 0.90781725],
       [0.91403294, 0.30850247, 0.19136002, 0.89433218, 0.1652195 ,
        0.85551173, 0.93478849, 0.00140994, 0.53781754, 0.31271951,
        0.56719295, 0.93585786],
       [0.6880692 , 0.8478011 , 0.11958657, 0.64897778, 0.90730174,
        0.80846064, 0.59828503, 0.50350457, 0.8831495 , 0.28528408,
        0.26291975, 0.19853416],
       [0.62961451, 0.32967388, 0.70881531, 0.74926655, 0.61105017,
        0.83592983, 0.32060243, 0.83492316, 0.55973459, 0.4344133 ,
        0.41413422, 0.56668733],
       [0.14484451, 0.58655663, 0.21459638, 0.84652357, 0.47580218,
        0.77255779, 0.88785682, 0.59658748, 0.54462364, 0.27342439,
        0.65062407, 0.73813795],
       [0.48607044, 0.16044336, 0.06467465, 0.03000125, 0.39844645,
        0.41071318, 0.55634397, 0.46545446, 0.4815682 , 0.87487381,
        0.72579307, 0.84862924]]), array([[0.56356499, 0.30358407, 0.35013902, 0.65203378, 1.05898991,
        0.27959254, 0.84947404, 0.55229864, 0.466514  , 0.91506166,
        0.29056421, 0.12434215]])] 
 0.5, 
 1e-19, 
 10000