weigths: [array([[ -3.07299973,   6.53378569,  -7.86583778,  -3.06117438,
          2.55188045,  -8.28558957],
       [ -1.35508942,   3.98691182,   1.3811692 ,  12.82595296,
         -2.4304106 ,   1.15707578],
       [  3.76834502,  10.08880227,   2.30358791,   6.30468301,
          7.58617447,  -4.4901696 ],
       [  3.27291742,   4.47958232,  -0.81685541,   0.70682234,
          3.18105501,  -1.40845425],
       [  3.48546551,  10.37363136,  -5.80583407,   1.20526076,
          6.91849096, -11.95796453],
       [  4.11636605,   1.3722271 ,   2.73875124,   2.56733533,
          3.85686393,   2.83205917]]), array([[ -2.27185329,   2.52198713,   2.40229303,   0.85212007,
          1.31676446,  -2.18760013],
       [  7.36551168,  -7.2439534 ,   7.63232374,   3.41493075,
          8.08230549, -10.03454816],
       [ -2.67522927,   1.3115832 ,   4.60919997,   1.82109484,
          2.98723921,  -3.10775159],
       [  1.7654586 ,   2.99777639,   1.30553555,   3.13077724,
          1.29819643,  -0.40922759],
       [  5.97738504,   3.95300009,  -0.97521165,   1.58409627,
         10.95879515,  -3.5933968 ],
       [  7.09419861,   3.02068805,   1.3782871 ,  -1.39033082,
          3.82327855, -10.06308014]]), array([[-0.28722706,  0.59314039,  0.2654412 ,  0.38257811, -0.01337684,
        -0.16177812],
       [-0.4137914 ,  0.63789945,  0.30129444,  0.4861134 , -0.01383813,
        -0.1912428 ],
       [ 1.82659749, -3.04718786, -1.8201774 ,  0.46694381,  0.0172255 ,
         3.42884373],
       [-0.94044564, -2.02413953,  1.31581996,  0.1232099 ,  0.66560055,
        -2.44886395],
       [ 0.05042094, -1.37831917,  0.28911104, -0.31909097,  4.13153539,
        -1.29482875],
       [-0.11078415,  0.95710279,  1.0472315 , -0.56474583, -0.01558232,
        -0.50301981]]), array([[ 0.0338661 ,  0.03500794, -0.04167409,  0.01228888,  0.00283853,
         0.03942452]])] 
 0.5, 
 1e-19, 
 10000