weigths: [array([[0.38951614, 0.96734928, 0.15619273, 0.0530229 , 0.65417748,
        0.76446776],
       [0.75346155, 0.58435685, 0.75329182, 0.62030191, 0.6509346 ,
        0.5332792 ],
       [0.09647028, 0.80202274, 0.62035854, 0.26795739, 0.04754579,
        0.06810448],
       [0.83606765, 0.93632705, 0.02176349, 0.54596717, 0.71302114,
        0.43597493],
       [0.64266883, 0.12394561, 0.32964045, 0.74837072, 0.41645309,
        0.47133877],
       [0.80331808, 0.13814611, 0.11743749, 0.84651231, 0.5453324 ,
        0.95733155]]), array([[0.2659941 , 0.36353902, 0.31735575, 0.02252171, 0.0032779 ,
        0.12031885],
       [0.20494154, 0.52540146, 0.52676881, 0.57043018, 0.98386796,
        0.34273185],
       [0.11017447, 0.72998866, 0.07943661, 0.6866068 , 0.31688331,
        0.2865806 ],
       [0.01530207, 0.24239646, 0.0528251 , 0.71269751, 0.32094692,
        0.3197986 ],
       [0.54290081, 0.76434189, 0.88408538, 0.89779953, 0.47526428,
        0.2604076 ],
       [0.11208862, 0.16498424, 0.20893906, 0.22146495, 0.2488669 ,
        0.14024384]]), array([[0.12086429, 0.06719987, 0.91432328, 0.52159505, 0.48735092,
        0.44272587],
       [0.30256308, 0.45056826, 0.78369911, 0.76115474, 0.64631647,
        0.90358602],
       [0.10508545, 0.52184521, 0.47541472, 0.50884509, 0.11327565,
        0.07796053],
       [0.68994804, 0.03767522, 0.49721646, 0.90812422, 0.50646297,
        0.59136445],
       [0.25501501, 0.20796138, 0.99310659, 0.72308894, 0.75229939,
        0.35076669],
       [0.7799682 , 0.15162275, 0.58218069, 0.00714041, 0.81034923,
        0.03210992]]), array([[0.96120767, 0.61746214, 0.14784582, 0.60041077, 0.1011579 ,
        0.90781233],
       [0.40808403, 0.29866496, 0.52827752, 0.41129493, 0.35232232,
        0.76103511],
       [0.03270776, 0.48753903, 0.28414525, 0.31954775, 0.097236  ,
        0.90371049],
       [0.20776507, 0.62329263, 0.78373357, 0.2816772 , 0.71665615,
        0.73030151],
       [0.06124788, 0.12726337, 0.2680785 , 0.81735564, 0.31889313,
        0.01218052],
       [0.92342972, 0.99219936, 0.74538654, 0.50437735, 0.26258823,
        0.41344866]]), array([[0.12530735, 0.22693845, 0.11867891, 0.89890295, 0.95441867,
        0.89855627],
       [0.75416444, 0.90228849, 0.13143534, 0.73923058, 0.20432479,
        0.0975142 ],
       [0.16432949, 0.17784732, 0.06481201, 0.48095678, 0.4530679 ,
        0.03609407],
       [0.94209807, 0.89209539, 0.26449488, 0.4102242 , 0.672384  ,
        0.11659372],
       [0.06469622, 0.67089017, 0.7730881 , 0.95722305, 0.41464116,
        0.51261333],
       [0.19809194, 0.47014698, 0.45697912, 0.66293686, 0.48403389,
        0.09729767]]), array([[0.3565347 , 0.30560249, 0.6619841 , 0.02954637, 0.21726112,
        0.98086551],
       [0.50944646, 0.9891001 , 0.65777125, 0.76355858, 0.90760359,
        0.48980661],
       [0.73669871, 0.65061878, 0.80025107, 0.25505325, 0.22658768,
        0.49071217],
       [0.87007307, 0.33861439, 0.43731101, 0.9862869 , 0.61131368,
        0.79132086],
       [0.20627019, 0.07162272, 0.34869061, 0.93181066, 0.9616515 ,
        0.20917641],
       [0.52730517, 0.15601575, 0.98503487, 0.51800456, 0.3185647 ,
        0.23363681]]), array([[0.42564646, 0.84391004, 0.08280661, 0.89801731, 0.31181117,
        0.6751183 ],
       [0.06265554, 0.01696636, 0.68660092, 0.51889315, 0.27524479,
        0.63246847],
       [0.67938323, 0.06835801, 0.08043022, 0.32099705, 0.38807879,
        0.04168282],
       [0.88696314, 0.79282632, 0.40294341, 0.79248978, 0.57360935,
        0.63029728],
       [0.92708604, 0.79134549, 0.36264238, 0.35047116, 0.66059694,
        0.97902345],
       [0.71976681, 0.94363141, 0.15052239, 0.21276587, 0.75600089,
        0.65303205]]), array([[0.57261084, 0.94663093, 0.9642507 , 0.10968801, 0.51751461,
        0.67677311],
       [0.5007252 , 0.29823541, 0.76986523, 0.52242882, 0.90758236,
        0.93490619],
       [0.6379564 , 0.41988752, 0.28410492, 0.15283061, 0.13360846,
        0.82716387],
       [0.20302   , 0.08618335, 0.05631396, 0.16365146, 0.61448434,
        0.73709737],
       [0.81699681, 0.75146056, 0.7436321 , 0.2867274 , 0.97315408,
        0.65433232],
       [0.46793117, 0.73755491, 0.21065696, 0.13667152, 0.66103314,
        0.07359845]]), array([[0.36506252, 0.25592442, 0.07966697, 0.38994245, 0.06051583,
        0.1082252 ],
       [0.97175637, 0.37284663, 0.69001119, 0.06905246, 0.57156894,
        0.60686388],
       [0.6626388 , 0.35831662, 0.21652841, 0.90242636, 0.17123724,
        0.4037479 ],
       [0.76486384, 0.53172858, 0.93680128, 0.7893036 , 0.24314174,
        0.77880046],
       [0.46263961, 0.00882255, 0.27922599, 0.13647045, 0.01986372,
        0.46836233],
       [0.39596776, 0.57369954, 0.27870502, 0.43550069, 0.25183985,
        0.51314889]]), array([[0.45204   , 0.32233362, 0.9256585 , 0.55508321, 0.1731351 ,
        0.03699911],
       [0.22643953, 0.12068036, 0.82739328, 0.27475402, 0.4845274 ,
        0.73486103],
       [0.38312858, 0.11554326, 0.77876627, 0.65733309, 0.12636172,
        0.64994728],
       [0.54295257, 0.78148062, 0.16408744, 0.44010217, 0.56931232,
        0.85276423],
       [0.53880228, 0.74840565, 0.74759173, 0.0377181 , 0.59684753,
        0.14452055],
       [0.60268   , 0.88026538, 0.37602928, 0.38406825, 0.43686416,
        0.80877991]]), array([[0.150439  , 0.40314169, 0.79366221, 0.65701988, 0.95879454,
        0.01076542],
       [0.91037807, 0.1247494 , 0.50063857, 0.19866412, 0.94071791,
        0.49928348],
       [0.51160874, 0.77992992, 0.74105607, 0.94963773, 0.23030463,
        0.88815754],
       [0.98289591, 0.32374131, 0.21064025, 0.03296883, 0.35649594,
        0.78024127],
       [0.25890409, 0.84479265, 0.60776773, 0.89124231, 0.27410592,
        0.05411973],
       [0.42329667, 0.83985711, 0.4012734 , 0.24955139, 0.09170483,
        0.15822673]]), array([[0.61932683, 0.3640173 , 0.67021161, 0.38005256, 0.95882591,
        0.85827715],
       [0.00540552, 0.80644367, 0.09210778, 0.02605666, 0.16371371,
        0.09235238],
       [0.57418466, 0.96728359, 0.75195722, 0.32758727, 0.50585137,
        0.01228533],
       [0.59327643, 0.61898731, 0.56213826, 0.57927402, 0.31878384,
        0.44248429],
       [0.11641226, 0.27706663, 0.70231936, 0.30890568, 0.49580643,
        0.58341001],
       [0.84904163, 0.39570855, 0.99204879, 0.35683376, 0.69134501,
        0.38434917]]), array([[0.99343355, 0.51519922, 0.56496743, 0.37346813, 0.23345422,
        0.9375182 ],
       [0.75007371, 0.60143738, 0.70428944, 0.81633442, 0.59142063,
        0.18214789],
       [0.11733655, 0.81859941, 0.22562647, 0.97307363, 0.15915861,
        0.65917975],
       [0.33298142, 0.80311353, 0.24539454, 0.54528456, 0.4483864 ,
        0.81704861],
       [0.18108406, 0.35771016, 0.38599199, 0.91863069, 0.96070316,
        0.90309166],
       [0.98008245, 0.35249197, 0.77717177, 0.11660982, 0.86766448,
        0.98066489]]), array([[0.84008429, 0.75396847, 0.55923292, 0.53675264, 0.94207114,
        0.28011295],
       [0.17118063, 0.72005201, 0.90987533, 0.09960673, 0.77753035,
        0.0861672 ],
       [0.61087782, 0.7699546 , 0.5561683 , 0.27088379, 0.46331768,
        0.21015924],
       [0.7391881 , 0.73489974, 0.54852721, 0.04543339, 0.73896308,
        0.77825364],
       [0.49863032, 0.87529931, 0.95265933, 0.92912956, 0.85582253,
        0.41651428],
       [0.39969776, 0.69228795, 0.2392134 , 0.83943327, 0.06665139,
        0.47171091]]), array([[0.77305095, 0.92602846, 0.07287404, 0.40122077, 0.85033011,
        0.83697069],
       [0.92941781, 0.43211404, 0.09896251, 0.93487456, 0.4661342 ,
        0.92922945],
       [0.4324156 , 0.2282751 , 0.4263568 , 0.12059642, 0.39260225,
        0.02899402],
       [0.51493358, 0.28145007, 0.85039605, 0.6065814 , 0.2542461 ,
        0.15499886],
       [0.7029909 , 0.16508746, 0.74637607, 0.98824205, 0.80579684,
        0.0406688 ],
       [0.44310014, 0.66655043, 0.5066767 , 0.1312744 , 0.63510315,
        0.37321693]]), array([[0.10923941, 0.24141861, 0.58642422, 0.46887575, 0.69964834,
        0.28307823],
       [0.06655226, 0.68447496, 0.29595326, 0.09724119, 0.19441771,
        0.52722985],
       [0.81456522, 0.00560031, 0.23846159, 0.28227643, 0.3983472 ,
        0.6439286 ],
       [0.68568648, 0.0121673 , 0.99702325, 0.63531491, 0.62515219,
        0.08405937],
       [0.17736471, 0.15085083, 0.72961203, 0.35579578, 0.20985826,
        0.41284179],
       [0.10299547, 0.72298211, 0.71480661, 0.82619584, 0.05889782,
        0.17609993]]), array([[0.90181674, 0.66989756, 0.37500862, 0.05206589, 0.47279772,
        0.86451262],
       [0.82319728, 0.33220988, 0.70591715, 0.08878479, 0.04080752,
        0.29792057],
       [0.13218144, 0.76569186, 0.99303285, 0.42832343, 0.15314448,
        0.56040793],
       [0.31062031, 0.8420135 , 0.60842797, 0.73987087, 0.34774659,
        0.0265421 ],
       [0.81963917, 0.6289341 , 0.36667197, 0.23325951, 0.31376016,
        0.63445882],
       [0.85391167, 0.60647936, 0.56509148, 0.99076648, 0.3728892 ,
        0.26475839]]), array([[0.53637356, 0.59768022, 0.96103041, 0.58237169, 0.74447842,
        0.96030116],
       [0.40147023, 0.95838757, 0.46027263, 0.85211441, 0.64732647,
        0.15399974],
       [0.30489248, 0.79657745, 0.63294611, 0.23954352, 0.53033121,
        0.53155153],
       [0.02348142, 0.18567666, 0.16786079, 0.15044124, 0.82961621,
        0.69411965],
       [0.5505131 , 0.0152064 , 0.96994945, 0.00610658, 0.67557614,
        0.28843899],
       [0.729988  , 0.3753392 , 0.39026664, 0.84657061, 0.61596458,
        0.26147258]]), array([[0.14226724, 0.69150428, 0.11880829, 0.76626951, 0.68733407,
        0.7608653 ],
       [0.9452276 , 0.23227404, 0.11119072, 0.6293613 , 0.97037061,
        0.74165209],
       [0.75508712, 0.65050003, 0.98235452, 0.07850661, 0.15493878,
        0.67490915],
       [0.86468475, 0.71542101, 0.08818117, 0.47920704, 0.81729964,
        0.36490779],
       [0.57847725, 0.76196959, 0.64794287, 0.0246368 , 0.2761686 ,
        0.81535019],
       [0.84218853, 0.28445192, 0.2920988 , 0.84849877, 0.76669087,
        0.91675216]]), array([[0.09327322, 0.41140812, 0.08551213, 0.14218104, 0.27439033,
        0.49974034],
       [0.26990081, 0.53894342, 0.11837116, 0.82270335, 0.46501745,
        0.27980805],
       [0.58253544, 0.68147872, 0.85222042, 0.97953884, 0.69874288,
        0.82533169],
       [0.57454106, 0.80958039, 0.18961728, 0.21329114, 0.88019162,
        0.45933826],
       [0.83528595, 0.40097085, 0.8227531 , 0.06527868, 0.83516864,
        0.06334066],
       [0.01693131, 0.16642855, 0.54039031, 0.18218942, 0.42433006,
        0.95927644]]), array([[0.47392322, 0.82939136, 0.19172847, 0.77641863, 0.94423254,
        0.52917655],
       [0.92319726, 0.21241201, 0.51291654, 0.20647181, 0.82154439,
        0.10745845],
       [0.61367819, 0.9800949 , 0.53481867, 0.36790273, 0.01502011,
        0.85340279],
       [0.30551167, 0.73632779, 0.56731501, 0.85999304, 0.06567444,
        0.88786427],
       [0.06347496, 0.26401259, 0.99989218, 0.70861355, 0.88997623,
        0.35583544],
       [0.69041345, 0.37807582, 0.81385927, 0.85731525, 0.97719556,
        0.12310735]]), array([[0.36467712, 0.53849678, 0.41827883, 0.28428489, 0.29396551,
        0.60404723],
       [0.20478145, 0.81908775, 0.19377545, 0.54560048, 0.53460554,
        0.23929259],
       [0.51185354, 0.71135412, 0.97783948, 0.49897757, 0.43846333,
        0.43150297],
       [0.13844122, 0.66296903, 0.81840335, 0.87456542, 0.72122042,
        0.49672899],
       [0.76391872, 0.2901988 , 0.06129286, 0.55109727, 0.53112577,
        0.14231546],
       [0.67617044, 0.00990274, 0.22136323, 0.77523034, 0.12191216,
        0.46533058]]), array([[0.34507639, 0.00192169, 0.26985671, 0.9502035 , 0.50481711,
        0.5948297 ],
       [0.78781862, 0.60348841, 0.72517161, 0.12218161, 0.61669752,
        0.34788757],
       [0.34896438, 0.331436  , 0.00349723, 0.05457399, 0.07256085,
        0.13759217],
       [0.5712689 , 0.36115532, 0.37527734, 0.60895168, 0.5560773 ,
        0.10142428],
       [0.91185935, 0.32034367, 0.99471897, 0.08255413, 0.05038234,
        0.82028116],
       [0.84746516, 0.85976096, 0.63340962, 0.09535893, 0.14844775,
        0.67613782]]), array([[0.67137764, 0.43343866, 0.13166801, 0.4076994 , 0.64038623,
        0.41644289],
       [0.46954596, 0.44768851, 0.17060505, 0.16040627, 0.97191838,
        0.31410201],
       [0.72416335, 0.060433  , 0.87600715, 0.93441041, 0.65388308,
        0.3770257 ],
       [0.3691589 , 0.85048716, 0.06960311, 0.28225892, 0.95013266,
        0.36220744],
       [0.10277166, 0.66788916, 0.84810563, 0.87876916, 0.89756732,
        0.20986133],
       [0.14296598, 0.27976575, 0.08357169, 0.49539971, 0.31469184,
        0.56661015]]), array([[0.37192041, 0.75957191, 0.36887985, 0.1971373 , 0.80099592,
        0.01227557],
       [0.25883963, 0.76928841, 0.5310537 , 0.2402567 , 0.94267141,
        0.32520734],
       [0.17202494, 0.00316204, 0.63819991, 0.62007557, 0.11442457,
        0.30225288],
       [0.68337245, 0.27071811, 0.59876223, 0.09943138, 0.97813387,
        0.1699723 ],
       [0.96809896, 0.23815033, 0.90651049, 0.76111168, 0.62880413,
        0.52627106],
       [0.37329476, 0.52185502, 0.56255977, 0.2181021 , 0.96688394,
        0.53635267]]), array([[0.59016102, 0.15760512, 0.70821133, 0.16298307, 0.15046166,
        0.33416079],
       [0.34320205, 0.69353402, 0.94081169, 0.93559745, 0.30306199,
        0.86304983],
       [0.14901366, 0.08205595, 0.10958001, 0.57311452, 0.36203461,
        0.30712079],
       [0.56302359, 0.24783274, 0.15622827, 0.33995022, 0.89016557,
        0.85257703],
       [0.36111684, 0.1455798 , 0.36308885, 0.944172  , 0.12832761,
        0.55957521],
       [0.51930872, 0.88311346, 0.18081734, 0.88348872, 0.68882539,
        0.62568546]]), array([[0.99990788, 0.73606683, 0.64846557, 0.17074317, 0.77024227,
        0.44305196],
       [0.28086022, 0.42901546, 0.13440792, 0.62230647, 0.52185506,
        0.88374447],
       [0.43136774, 0.51177676, 0.6161722 , 0.02991751, 0.15456044,
        0.75764906],
       [0.13141037, 0.34716443, 0.47044176, 0.86753214, 0.92219069,
        0.20651326],
       [0.12324626, 0.67355184, 0.39849006, 0.74161109, 0.04548791,
        0.03051614],
       [0.39573719, 0.59905934, 0.83322893, 0.35599277, 0.26330293,
        0.87786684]]), array([[0.01034495, 0.49184118, 0.51722438, 0.31728704, 0.36634076,
        0.28529365],
       [0.46726651, 0.10691372, 0.51451566, 0.0308734 , 0.62219243,
        0.9928335 ],
       [0.23292246, 0.06459853, 0.46116497, 0.82233552, 0.27387241,
        0.52861479],
       [0.10546368, 0.58035384, 0.55399388, 0.13365824, 0.79923103,
        0.87493399],
       [0.8861437 , 0.35178611, 0.09976848, 0.73428782, 0.11196867,
        0.94259369],
       [0.14222144, 0.40820586, 0.09359019, 0.00420897, 0.30586325,
        0.75047097]]), array([[0.11621438, 0.45462142, 0.15976423, 0.6202995 , 0.64903722,
        0.92150565],
       [0.23316993, 0.21449156, 0.13253756, 0.36796205, 0.50245244,
        0.19645216],
       [0.05046294, 0.08450201, 0.97666603, 0.84806596, 0.89336838,
        0.63516473],
       [0.39904187, 0.5755549 , 0.27669414, 0.03909009, 0.42650976,
        0.25105404],
       [0.45871822, 0.71450119, 0.62233154, 0.62634867, 0.45260955,
        0.06473864],
       [0.1416133 , 0.90885941, 0.03829438, 0.05057932, 0.86152203,
        0.48063562]]), array([[0.62649637, 0.98372861, 0.46438314, 0.16627534, 0.45163911,
        0.3459547 ],
       [0.60157937, 0.68790227, 0.38846398, 0.30281866, 0.80491466,
        0.27779978],
       [0.9460091 , 0.53664313, 0.04539605, 0.95569226, 0.85947775,
        0.06053325],
       [0.92833925, 0.01681162, 0.70869968, 0.33198643, 0.9621827 ,
        0.7571471 ],
       [0.79480378, 0.15323039, 0.27144214, 0.08575658, 0.86201726,
        0.17687198],
       [0.15807491, 0.19888826, 0.66037536, 0.72632791, 0.37445665,
        0.32094704]]), array([[0.35539728, 0.75222272, 0.06600164, 0.76464157, 0.41871608,
        0.71453729],
       [0.03519224, 0.48368591, 0.33798999, 0.90009853, 0.27342018,
        0.23190752],
       [0.6686749 , 0.21867079, 0.88563543, 0.08853695, 0.03788233,
        0.11866541],
       [0.891678  , 0.84612689, 0.72238501, 0.95842272, 0.92566206,
        0.72287298],
       [0.62480019, 0.03351887, 0.90154606, 0.29763537, 0.95514653,
        0.07704546],
       [0.85124509, 0.8222223 , 0.29049133, 0.88041866, 0.48103974,
        0.78447839]]), array([[8.06312531e-01, 6.71535795e-01, 9.88195551e-01, 6.78440624e-01,
        5.39478852e-01, 6.14317890e-01],
       [1.42239349e-01, 8.97341317e-01, 8.36904725e-01, 8.90307975e-01,
        5.87592241e-01, 6.58900228e-01],
       [8.20288399e-01, 2.72602414e-01, 9.31273802e-01, 1.12158426e-01,
        4.77346974e-01, 9.58734947e-01],
       [9.63362228e-01, 1.39615364e-01, 6.76210686e-01, 3.02770009e-01,
        9.19516191e-01, 4.95317624e-01],
       [3.12126748e-01, 5.23569336e-01, 7.14819557e-01, 8.62263936e-01,
        9.57062054e-01, 6.80067353e-01],
       [6.92418196e-04, 6.78395007e-01, 6.88052407e-01, 8.00661488e-01,
        1.80435254e-01, 7.78623442e-01]]), array([[0.71719903, 0.56535567, 0.85691881, 0.04019526, 0.89054617,
        0.22163938],
       [0.61078157, 0.85710271, 0.7892356 , 0.55600778, 0.44149544,
        0.13202777],
       [0.4178531 , 0.56646275, 0.71272195, 0.1976341 , 0.31739251,
        0.815138  ],
       [0.33786854, 0.2885508 , 0.05867583, 0.67852145, 0.74385645,
        0.47478184],
       [0.65947067, 0.94369583, 0.95820645, 0.86996728, 0.98965046,
        0.48937405],
       [0.88770205, 0.74744885, 0.73737663, 0.75189727, 0.27286781,
        0.11262718]]), array([[0.36713056, 0.35655716, 0.16190353, 0.33466525, 0.10228053,
        0.74830731],
       [0.10795608, 0.97125326, 0.77628489, 0.10389328, 0.72996683,
        0.09429509],
       [0.56196862, 0.72864819, 0.25418399, 0.17233847, 0.3772113 ,
        0.58571493],
       [0.38791316, 0.97301462, 0.98123587, 0.71415896, 0.22470632,
        0.20612554],
       [0.05056856, 0.37741362, 0.95973808, 0.29044067, 0.45442279,
        0.20610496],
       [0.7136282 , 0.24603411, 0.27170829, 0.42554839, 0.83650844,
        0.92541367]]), array([[0.71556437, 0.20293619, 0.18128329, 0.70644597, 0.14639038,
        0.56410999],
       [0.36824411, 0.68993789, 0.12990052, 0.92643397, 0.17249247,
        0.80128052],
       [0.26288909, 0.75646821, 0.95843816, 0.32554548, 0.14319974,
        0.12542697],
       [0.81833484, 0.23753288, 0.27659367, 0.30627192, 0.17342778,
        0.33585738],
       [0.16438932, 0.92621575, 0.57653722, 0.10759754, 0.37982132,
        0.85048304],
       [0.30885767, 0.98918416, 0.00266015, 0.78973962, 0.11719336,
        0.45628787]]), array([[0.46902602, 0.66232125, 0.73829646, 0.06989708, 0.42578505,
        0.50521034],
       [0.50457425, 0.92819165, 0.90293189, 0.88719352, 0.92687547,
        0.10609437],
       [0.87166801, 0.77118937, 0.39526138, 0.12299377, 0.37660047,
        0.64420089],
       [0.3911281 , 0.98459136, 0.15869035, 0.03697313, 0.90040803,
        0.83990672],
       [0.61170468, 0.49132779, 0.86706738, 0.17282122, 0.78958145,
        0.65557923],
       [0.92882157, 0.46196208, 0.46357407, 0.48702328, 0.80333823,
        0.39074167]]), array([[0.73604099, 0.2584394 , 0.26156399, 0.1782491 , 0.50286061,
        0.68004785],
       [0.35441052, 0.8412457 , 0.76430384, 0.38635303, 0.09961458,
        0.50801161],
       [0.7382456 , 0.92525865, 0.47590358, 0.72155136, 0.73351322,
        0.56276286],
       [0.40191791, 0.76385632, 0.74597925, 0.62745254, 0.46350466,
        0.69661064],
       [0.34184683, 0.34378269, 0.31009433, 0.50632834, 0.23929895,
        0.22939127],
       [0.50394637, 0.17961772, 0.95998691, 0.08787244, 0.536907  ,
        0.59201704]]), array([[0.58189461, 0.935972  , 0.99982294, 0.58263829, 0.91223739,
        0.9097527 ],
       [0.12896751, 0.38922322, 0.27486156, 0.8908112 , 0.5313575 ,
        0.87507469],
       [0.83244583, 0.93125748, 0.44906914, 0.94282993, 0.24367242,
        0.05387842],
       [0.19930465, 0.30778997, 0.7485995 , 0.41105218, 0.18416335,
        0.23887793],
       [0.5916806 , 0.77292759, 0.75098233, 0.67083918, 0.61600246,
        0.30670936],
       [0.77640157, 0.65897132, 0.33281999, 0.18890565, 0.56347837,
        0.46466694]]), array([[0.34188135, 0.58352824, 0.31769229, 0.18566485, 0.80028436,
        0.92300645],
       [0.97695422, 0.38432066, 0.96552583, 0.67492155, 0.30878147,
        0.65885985],
       [0.18234966, 0.54071931, 0.6057007 , 0.59739693, 0.97784182,
        0.31332014],
       [0.95603823, 0.8874216 , 0.25641969, 0.16941309, 0.59492465,
        0.98856576],
       [0.51885814, 0.62400819, 0.69636915, 0.80288123, 0.37320594,
        0.19894376],
       [0.63745928, 0.65467831, 0.27557396, 0.01534905, 0.71643564,
        0.71456205]]), array([[0.99268081, 0.79534511, 0.38294962, 0.80065185, 0.30213738,
        0.66069981],
       [0.80267669, 0.82929102, 0.43035398, 0.72667174, 0.57562102,
        0.24293781],
       [0.2117332 , 0.31761949, 0.58622103, 0.18561418, 0.49997078,
        0.07593581],
       [0.95252015, 0.72833952, 0.09996348, 0.62400023, 0.5296947 ,
        0.29180082],
       [0.2472062 , 0.11873617, 0.591032  , 0.43371035, 0.18946095,
        0.99355397],
       [0.82667251, 0.4243344 , 0.88321732, 0.87783014, 0.92519279,
        0.60168619]]), array([[0.53978904, 0.01971393, 0.14566564, 0.37932457, 0.29630512,
        0.64196857],
       [0.06462607, 0.62275391, 0.21547635, 0.57026719, 0.83118257,
        0.71871109],
       [0.86898337, 0.15894604, 0.36655648, 0.02057785, 0.81486641,
        0.75015409],
       [0.9193799 , 0.62023492, 0.21205745, 0.91186851, 0.81813222,
        0.85813109],
       [0.27999418, 0.1940392 , 0.83857703, 0.06532675, 0.3552341 ,
        0.13714329],
       [0.01595445, 0.71156733, 0.99130077, 0.39035782, 0.81873232,
        0.07484031]]), array([[0.67207407, 0.28618259, 0.01276585, 0.21403607, 0.36735512,
        0.29314447],
       [0.80121256, 0.57394043, 0.87401364, 0.38961863, 0.09796665,
        0.7494353 ],
       [0.98266514, 0.39980214, 0.75727988, 0.67681605, 0.78968322,
        0.93011639],
       [0.30994109, 0.94743124, 0.97976362, 0.46215043, 0.09398085,
        0.29767857],
       [0.89018588, 0.68126599, 0.70474827, 0.57588417, 0.90961249,
        0.09626296],
       [0.35811227, 0.78464201, 0.73723134, 0.2772436 , 0.65518911,
        0.96376752]]), array([[0.75244187, 0.14188146, 0.86913673, 0.06498984, 0.07270949,
        0.65423723],
       [0.05943184, 0.9353946 , 0.01673115, 0.10837624, 0.77643766,
        0.3726953 ],
       [0.76062561, 0.87518903, 0.7929386 , 0.66340399, 0.42506581,
        0.12852434],
       [0.1929743 , 0.7929831 , 0.48506253, 0.519324  , 0.62101274,
        0.61237775],
       [0.71692111, 0.69729805, 0.94538474, 0.85469623, 0.91609072,
        0.52752544],
       [0.50290572, 0.81021169, 0.34648358, 0.41263212, 0.68283911,
        0.19163161]]), array([[0.64460306, 0.34315576, 0.94588062, 0.53947848, 0.79735572,
        0.73577792],
       [0.35649165, 0.0529    , 0.82229838, 0.01647887, 0.41428188,
        0.77357077],
       [0.91268803, 0.96375429, 0.49474785, 0.43090276, 0.55418631,
        0.98730398],
       [0.80812331, 0.7110109 , 0.03206356, 0.26602445, 0.69375884,
        0.47195565],
       [0.22235067, 0.65641047, 0.14429919, 0.63196933, 0.25379387,
        0.9370662 ],
       [0.75367022, 0.16104474, 0.70704528, 0.84139368, 0.26276441,
        0.07253696]]), array([[0.68858998, 0.02777146, 0.99681997, 0.71005001, 0.48643323,
        0.14973067],
       [0.15912707, 0.35858821, 0.8232187 , 0.07920593, 0.54632133,
        0.75803818],
       [0.62722099, 0.95164942, 0.00875221, 0.39945432, 0.6871896 ,
        0.03275507],
       [0.1300491 , 0.57679208, 0.18881759, 0.83339648, 0.06460054,
        0.53453727],
       [0.14627172, 0.16447799, 0.71376695, 0.08941831, 0.92059767,
        0.27635533],
       [0.10100933, 0.28934648, 0.97044178, 0.1843047 , 0.81951257,
        0.17116976]]), array([[0.33700993, 0.45576931, 0.73364729, 0.51734759, 0.68318789,
        0.72703158],
       [0.29085966, 0.36170575, 0.39019455, 0.55417398, 0.21555497,
        0.46815377],
       [0.42444396, 0.11146419, 0.45025053, 0.017009  , 0.23764516,
        0.49145221],
       [0.64045493, 0.49261983, 0.70541106, 0.23693306, 0.63669802,
        0.51931394],
       [0.22988407, 0.96971   , 0.4263968 , 0.19216731, 0.72589058,
        0.76764664],
       [0.64179413, 0.01626402, 0.83886795, 0.46958327, 0.43741983,
        0.86357809]]), array([[0.32003071, 0.70556764, 0.52306108, 0.49770901, 0.02937037,
        0.60460176],
       [0.31652272, 0.63618766, 0.26209905, 0.6204572 , 0.74656872,
        0.01097737],
       [0.07356392, 0.8371976 , 0.02200991, 0.69361697, 0.55383344,
        0.82348174],
       [0.35974478, 0.67838752, 0.17941297, 0.52154664, 0.89292929,
        0.42200749],
       [0.76677056, 0.94261288, 0.9254139 , 0.98400721, 0.10782458,
        0.14744831],
       [0.42211805, 0.12869894, 0.40860383, 0.27409087, 0.03955206,
        0.49899876]]), array([[0.70096848, 0.30362377, 0.83923547, 0.94345353, 0.01731535,
        0.60139606],
       [0.61840456, 0.19882719, 0.13564047, 0.62790927, 0.61609147,
        0.48363458],
       [0.9447293 , 0.22055579, 0.25155223, 0.01861613, 0.39469057,
        0.58999044],
       [0.9733299 , 0.49211264, 0.1349523 , 0.15050815, 0.37824323,
        0.3262146 ],
       [0.55167231, 0.29193009, 0.39983326, 0.90634929, 0.52981158,
        0.43412504],
       [0.02209936, 0.73451403, 0.50912986, 0.95038299, 0.39049768,
        0.04520332]]), array([[0.37930883, 0.3290997 , 0.29136243, 0.58821659, 0.84933517,
        0.13650464],
       [0.83568585, 0.74943658, 0.91630676, 0.44825171, 0.35417446,
        0.46584898],
       [0.39272986, 0.67052017, 0.4118652 , 0.9399358 , 0.56023222,
        0.70973802],
       [0.10805813, 0.12350014, 0.15086792, 0.94046508, 0.23171005,
        0.55485656],
       [0.89463753, 0.80288251, 0.0326792 , 0.9269621 , 0.10908302,
        0.55246439],
       [0.34518396, 0.29875344, 0.55673956, 0.11337084, 0.67033503,
        0.03359485]]), array([[0.24156893, 0.15415694, 0.45338647, 0.796687  , 0.1856829 ,
        0.67390817],
       [0.48963399, 0.34212825, 0.77728992, 0.91939934, 0.10426647,
        0.3260741 ],
       [0.37671053, 0.15593113, 0.88140951, 0.77431298, 0.64872643,
        0.63865991],
       [0.91913866, 0.79962884, 0.09111866, 0.98611262, 0.86290065,
        0.23776816],
       [0.12267717, 0.28990548, 0.73043957, 0.78159098, 0.20089703,
        0.69803268],
       [0.58208517, 0.27549124, 0.9404634 , 0.705806  , 0.66669402,
        0.43047992]]), array([[0.1659532 , 0.80201949, 0.68968953, 0.660461  , 0.52785486,
        0.54775719],
       [0.28781902, 0.92097626, 0.24402087, 0.16300831, 0.65835764,
        0.23433425],
       [0.52632721, 0.81841581, 0.50458877, 0.24662707, 0.20286826,
        0.49879995],
       [0.46730647, 0.96772537, 0.37859712, 0.77664102, 0.25248515,
        0.4200846 ],
       [0.81403963, 0.09305281, 0.01366752, 0.39410236, 0.1448893 ,
        0.44279714],
       [0.29011159, 0.85327826, 0.06803202, 0.85125877, 0.33389537,
        0.1897368 ]]), array([[0.13467743, 0.73383994, 0.60833306, 0.26331202, 0.71690447,
        0.39237138],
       [0.15884904, 0.21086516, 0.00409148, 0.18447808, 0.28113033,
        0.35226902],
       [0.63265259, 0.86476437, 0.75017555, 0.35204904, 0.95019939,
        0.35349073],
       [0.84690723, 0.69823769, 0.3550998 , 0.8654005 , 0.97761356,
        0.11482934],
       [0.38084191, 0.21624533, 0.06778861, 0.53878844, 0.19940767,
        0.4880292 ],
       [0.32214636, 0.96677999, 0.81542159, 0.45670655, 0.30381481,
        0.20684015]]), array([[0.79941491, 0.50270215, 0.70846876, 0.78585854, 0.59889495,
        0.83561829],
       [0.28372895, 0.10530396, 0.61365505, 0.44344158, 0.46274375,
        0.49763612],
       [0.83669657, 0.99240344, 0.55281465, 0.08299675, 0.23067883,
        0.58463205],
       [0.42280577, 0.99168736, 0.88862712, 0.5620208 , 0.96841825,
        0.49517041],
       [0.00815755, 0.09362482, 0.48210503, 0.00898486, 0.01113135,
        0.17787594],
       [0.60399803, 0.37293928, 0.58747501, 0.17510916, 0.34028493,
        0.53808043]]), array([[0.21167468, 0.88358294, 0.58174429, 0.34349774, 0.46059654,
        0.74401128],
       [0.16543121, 0.69803711, 0.36821972, 0.76847197, 0.71511077,
        0.65851533],
       [0.29960701, 0.11575138, 0.19661655, 0.86990589, 0.88034667,
        0.3802189 ],
       [0.07329019, 0.23877445, 0.96294293, 0.12185468, 0.32307407,
        0.11554145],
       [0.1330942 , 0.61840366, 0.23257741, 0.07555195, 0.32813941,
        0.77843468],
       [0.45807765, 0.74416078, 0.84781493, 0.46110239, 0.2876528 ,
        0.28935372]]), array([[0.61359486, 0.2228126 , 0.71435081, 0.23052861, 0.78463631,
        0.6044048 ],
       [0.28591738, 0.62184385, 0.26370417, 0.82076972, 0.47800293,
        0.25044189],
       [0.54325461, 0.35028061, 0.35699535, 0.6885264 , 0.08745358,
        0.3826821 ],
       [0.51932171, 0.28993193, 0.52538651, 0.12216907, 0.30568708,
        0.288333  ],
       [0.53750717, 0.25556061, 0.67520516, 0.61422257, 0.32251951,
        0.37292151],
       [0.51822681, 0.20578802, 0.46567991, 0.45053552, 0.74069004,
        0.25948472]]), array([[0.95107751, 0.26229688, 0.37085426, 0.8678542 , 0.46376883,
        0.2563969 ],
       [0.43560945, 0.9317072 , 0.33612891, 0.52686772, 0.93182101,
        0.60592549],
       [0.91657888, 0.43232225, 0.59123   , 0.18577571, 0.01526752,
        0.99485284],
       [0.55207294, 0.98959876, 0.66604598, 0.10877886, 0.91253912,
        0.97686215],
       [0.51089193, 0.25199021, 0.96386203, 0.25636883, 0.10065339,
        0.13386736],
       [0.73058318, 0.40464614, 0.48064277, 0.9657694 , 0.19380916,
        0.91751658]]), array([[0.98866747, 0.95341949, 0.0865116 , 0.51910496, 0.92666203,
        0.97673621],
       [0.7429012 , 0.16450548, 0.54684936, 0.56098531, 0.04496427,
        0.42299847],
       [0.38632402, 0.97512912, 0.46244374, 0.47732004, 0.59883828,
        0.7271988 ],
       [0.29555728, 0.44025821, 0.3624059 , 0.98393674, 0.58278474,
        0.19688893],
       [0.41482441, 0.88448087, 0.15948003, 0.95209151, 0.45366879,
        0.09538636],
       [0.68206185, 0.47157234, 0.4855288 , 0.44338332, 0.82611263,
        0.76009392]]), array([[0.25718737, 0.12727861, 0.04747438, 0.15187613, 0.02660534,
        0.90408419],
       [0.25818001, 0.3143956 , 0.17020732, 0.93679618, 0.21027898,
        0.07450993],
       [0.92562157, 0.2151347 , 0.52475077, 0.90906102, 0.00834095,
        0.2503259 ],
       [0.13066782, 0.11777395, 0.5890964 , 0.02713707, 0.49355873,
        0.78272862],
       [0.08504385, 0.88382212, 0.74020691, 0.57249611, 0.51764243,
        0.20563912],
       [0.81523966, 0.12712871, 0.37443666, 0.4623073 , 0.89109507,
        0.48345773]]), array([[0.75885043, 0.1355731 , 0.21857401, 0.58991121, 0.25937817,
        0.51741629],
       [0.06399648, 0.01521658, 0.46276795, 0.99330425, 0.04758227,
        0.81463515],
       [0.91997552, 0.93782194, 0.43046557, 0.97304163, 0.86805965,
        0.78344406],
       [0.65757249, 0.72163324, 0.31625183, 0.18431128, 0.73030904,
        0.18297044],
       [0.65101067, 0.90374872, 0.22389064, 0.70159988, 0.78831434,
        0.98339465],
       [0.87258699, 0.85137462, 0.74595386, 0.02543841, 0.05434437,
        0.74110393]]), array([[0.25539839, 0.69436326, 0.94596769, 0.19539009, 0.27865081,
        0.5989965 ],
       [0.12940593, 0.54603357, 0.46906905, 0.26669131, 0.09867636,
        0.95943811],
       [0.65949834, 0.78394747, 0.93951581, 0.97633871, 0.9302984 ,
        0.56936524],
       [0.95365185, 0.6389979 , 0.04362217, 0.80130793, 0.6863034 ,
        0.90197199],
       [0.68914834, 0.09369184, 0.35848195, 0.11505668, 0.67275309,
        0.82504499],
       [0.22726251, 0.5848146 , 0.89945598, 0.81828182, 0.87751098,
        0.61709346]]), array([[0.80593468, 0.63057675, 0.73410006, 0.87116838, 0.3113435 ,
        0.62007719],
       [0.51343583, 0.50765977, 0.26399014, 0.61318283, 0.12361004,
        0.8453481 ],
       [0.54300782, 0.57523699, 0.73646567, 0.41244803, 0.7949394 ,
        0.29147705],
       [0.3528272 , 0.03547093, 0.96385322, 0.61778339, 0.85547475,
        0.79302277],
       [0.28039652, 0.99393875, 0.86343609, 0.06593778, 0.34331541,
        0.23934373],
       [0.10665981, 0.92398024, 0.24611148, 0.70228448, 0.06071805,
        0.87129411]]), array([[0.75090735, 0.96569443, 0.86776086, 0.00614171, 0.29154077,
        0.1416712 ],
       [0.48992702, 0.5855304 , 0.78374629, 0.90954534, 0.07727813,
        0.5070692 ],
       [0.12892346, 0.18115547, 0.29126606, 0.03350731, 0.21220133,
        0.4611586 ],
       [0.94178053, 0.09552439, 0.13197884, 0.14039032, 0.96649669,
        0.02295265],
       [0.68047402, 0.66459643, 0.51241501, 0.65212389, 0.91267031,
        0.12209634],
       [0.49997076, 0.94349511, 0.22246052, 0.38531054, 0.21117942,
        0.79067344]]), array([[0.70002035, 0.79147922, 0.74588102, 0.37304152, 0.46690623,
        0.4858507 ],
       [0.45359913, 0.9519029 , 0.92905543, 0.34437243, 0.27454947,
        0.40344912],
       [0.78410464, 0.15163492, 0.32866313, 0.9574315 , 0.92614448,
        0.18018469],
       [0.74987449, 0.92197723, 0.45433514, 0.07911927, 0.9360006 ,
        0.50042404],
       [0.11141208, 0.62369869, 0.54863682, 0.9911024 , 0.14761306,
        0.70271935],
       [0.24990219, 0.87089004, 0.04567002, 0.37904228, 0.82152597,
        0.9442667 ]]), array([[0.2094627 , 0.04858365, 0.95087739, 0.23069099, 0.16755179,
        0.97559639],
       [0.0766616 , 0.6032279 , 0.11494748, 0.94840844, 0.61150854,
        0.73988003],
       [0.86761012, 0.42685335, 0.24339651, 0.41480581, 0.71039205,
        0.63905112],
       [0.59084024, 0.1077663 , 0.51526677, 0.66240979, 0.2447361 ,
        0.47406377],
       [0.4643424 , 0.19421268, 0.10848125, 0.2760615 , 0.63702142,
        0.3501227 ],
       [0.61605732, 0.0664061 , 0.95734845, 0.27431978, 0.39427853,
        0.91096279]]), array([[0.43088546, 0.54996678, 0.18792518, 0.13536183, 0.98108492,
        0.66094045],
       [0.45451127, 0.6264641 , 0.79849371, 0.25131123, 0.90893632,
        0.891105  ],
       [0.81009854, 0.57369371, 0.97083108, 0.64419966, 0.0017176 ,
        0.99940929],
       [0.84268956, 0.19096249, 0.49556954, 0.44222809, 0.2796485 ,
        0.4266871 ],
       [0.18094154, 0.72004644, 0.36451599, 0.49277887, 0.31385576,
        0.93079216],
       [0.17927227, 0.00934488, 0.98729754, 0.29993535, 0.48376268,
        0.79291786]]), array([[0.35263062, 0.52288846, 0.5162838 , 0.5017907 , 0.05615401,
        0.63509853],
       [0.79396041, 0.50493649, 0.17307874, 0.41929944, 0.63579423,
        0.02340417],
       [0.8125912 , 0.06238168, 0.57926899, 0.85466847, 0.58521109,
        0.19879691],
       [0.79725753, 0.36529017, 0.62262303, 0.64923815, 0.49393346,
        0.50806461],
       [0.88468668, 0.8998436 , 0.51993516, 0.54061267, 0.9770757 ,
        0.46799572],
       [0.80031967, 0.06313365, 0.91582876, 0.20295189, 0.77789229,
        0.4723475 ]]), array([[0.00567383, 0.13661285, 0.92058442, 0.61961986, 0.67597408,
        0.0397315 ],
       [0.45702474, 0.57872337, 0.40136586, 0.82645575, 0.34471226,
        0.53930525],
       [0.5653618 , 0.97355885, 0.84316779, 0.02472797, 0.22175301,
        0.2255602 ],
       [0.32599089, 0.3603524 , 0.76783734, 0.6985939 , 0.02916619,
        0.74999377],
       [0.48161885, 0.30214223, 0.97149356, 0.15440344, 0.31421125,
        0.46416479],
       [0.12906814, 0.39730142, 0.45722281, 0.82653656, 0.71437076,
        0.78951733]]), array([[0.0604196 , 0.99655055, 0.07234358, 0.02487461, 0.51913989,
        0.17935795],
       [0.50620271, 0.26325876, 0.91172921, 0.60725454, 0.22209463,
        0.95361875],
       [0.39444666, 0.02606112, 0.56405373, 0.13717125, 0.40668473,
        0.03719223],
       [0.76303955, 0.02995573, 0.26316761, 0.94998647, 0.50905285,
        0.7662929 ],
       [0.78634856, 0.44648743, 0.42739896, 0.26027866, 0.5673676 ,
        0.40438715],
       [0.31817905, 0.54788242, 0.01602791, 0.35588945, 0.32400289,
        0.95964424]]), array([[0.15184176, 0.26320556, 0.90186905, 0.75846955, 0.10966448,
        0.94004065],
       [0.72164378, 0.76190033, 0.179561  , 0.70810962, 0.33126513,
        0.38934545],
       [0.80178107, 0.3622684 , 0.61409171, 0.2751841 , 0.44492308,
        0.09800063],
       [0.41657737, 0.16790752, 0.82910994, 0.05942244, 0.90748782,
        0.37527853],
       [0.37180092, 0.51625612, 0.0397481 , 0.54251513, 0.87167316,
        0.90581058],
       [0.04294141, 0.36597026, 0.14962454, 0.7644361 , 0.92675935,
        0.17750849]]), array([[0.22262447, 0.44636101, 0.4965106 , 0.26265233, 0.43084387,
        0.48901848],
       [0.3206199 , 0.40895165, 0.37577598, 0.44203954, 0.180115  ,
        0.20791289],
       [0.79987021, 0.43017617, 0.69752364, 0.76894905, 0.70101373,
        0.57191793],
       [0.99576052, 0.13949564, 0.70596689, 0.41731625, 0.12248943,
        0.43093791],
       [0.9764552 , 0.43579075, 0.74060507, 0.21059079, 0.24139777,
        0.33767884],
       [0.52140009, 0.5387733 , 0.7494178 , 0.15156969, 0.29270043,
        0.85176829]]), array([[8.92836000e-01, 8.71484368e-01, 7.28784892e-01, 7.92234446e-01,
        9.91039768e-01, 3.79054987e-01],
       [6.75020698e-01, 2.52504627e-04, 8.00286794e-01, 5.25080351e-01,
        2.94790194e-01, 6.47626885e-01],
       [6.12720867e-01, 1.06453349e-01, 5.61334635e-01, 4.84667018e-01,
        3.51252189e-01, 2.89329169e-02],
       [3.25949265e-02, 9.05707552e-01, 4.75323045e-01, 5.11215328e-01,
        8.94762078e-01, 3.43962687e-01],
       [8.21481157e-03, 3.20928008e-01, 7.89433760e-01, 8.03579555e-01,
        3.76784511e-01, 3.40773653e-01],
       [6.85727737e-01, 6.60702304e-01, 7.79103338e-01, 4.92273860e-01,
        8.07498921e-01, 3.27138906e-01]]), array([[0.88647122, 0.22918169, 0.17745212, 0.90135978, 0.97426603,
        0.9988752 ],
       [0.49566095, 0.79247333, 0.90063101, 0.15497587, 0.70474434,
        0.38699943],
       [0.35622396, 0.11444671, 0.21653112, 0.39099857, 0.72267302,
        0.67686154],
       [0.55549674, 0.97466418, 0.21356231, 0.97659117, 0.49328544,
        0.81937837],
       [0.67803077, 0.84763913, 0.39519785, 0.52388729, 0.45897789,
        0.90158852],
       [0.02777582, 0.93876819, 0.25905664, 0.03512714, 0.73550888,
        0.55969806]]), array([[0.4160616 , 0.41295415, 0.27484289, 0.18214694, 0.95462868,
        0.17335448],
       [0.0469356 , 0.48845771, 0.69104053, 0.03619635, 0.17941211,
        0.76138348],
       [0.27333433, 0.13914563, 0.41600244, 0.70124451, 0.93881502,
        0.3586593 ],
       [0.81638195, 0.92063404, 0.27179018, 0.12028349, 0.51884584,
        0.01661018],
       [0.26118314, 0.87113115, 0.25346733, 0.98635502, 0.91420366,
        0.44803347],
       [0.22352688, 0.6565914 , 0.82800183, 0.05124881, 0.18408709,
        0.14336366]]), array([[0.05055603, 0.04546866, 0.34336824, 0.82498339, 0.6391967 ,
        0.13134171],
       [0.74752055, 0.76739797, 0.11561894, 0.16330921, 0.26295294,
        0.12115399],
       [0.65553206, 0.73516469, 0.55330388, 0.80384307, 0.49594496,
        0.23330396],
       [0.35072705, 0.75321344, 0.12296422, 0.97586678, 0.05682475,
        0.82828613],
       [0.16652893, 0.2727783 , 0.78267889, 0.28218725, 0.83156495,
        0.52517683],
       [0.91114767, 0.84269649, 0.53608371, 0.73164913, 0.21170631,
        0.6445597 ]]), array([[0.75821968, 0.39512537, 0.71287833, 0.63346758, 0.95773078,
        0.19634719],
       [0.0064167 , 0.06650637, 0.89584848, 0.49124289, 0.05170642,
        0.55868501],
       [0.53920523, 0.53254572, 0.61335522, 0.18407104, 0.97142946,
        0.35486396],
       [0.66992153, 0.35906667, 0.49660356, 0.99562577, 0.90332867,
        0.40112   ],
       [0.00465027, 0.1435577 , 0.74505287, 0.46059103, 0.07622532,
        0.71485413],
       [0.88089066, 0.12856879, 0.6314733 , 0.2295163 , 0.27333711,
        0.71995488]]), array([[0.0662192 , 0.92177682, 0.27273127, 0.42399773, 0.53108237,
        0.87897702],
       [0.53189801, 0.37605027, 0.53163822, 0.8906772 , 0.10471505,
        0.66495603],
       [0.50368754, 0.27078792, 0.22234677, 0.4269774 , 0.30907193,
        0.0936534 ],
       [0.10741541, 0.26241593, 0.48007594, 0.25258372, 0.2654057 ,
        0.59760126],
       [0.52253622, 0.60678263, 0.48190302, 0.99478855, 0.3947095 ,
        0.28219843],
       [0.65250653, 0.88161997, 0.115267  , 0.86773614, 0.93890859,
        0.01944992]]), array([[0.58552299, 0.81820939, 0.06117401, 0.72754938, 0.02853298,
        0.96813629],
       [0.32261341, 0.41570342, 0.91099852, 0.39838801, 0.6858647 ,
        0.0386034 ],
       [0.64089443, 0.73390652, 0.04966515, 0.84512537, 0.76959482,
        0.26770246],
       [0.42256007, 0.57807145, 0.8612413 , 0.98901393, 0.81812347,
        0.86202457],
       [0.57110608, 0.87260798, 0.21512442, 0.94336711, 0.34035276,
        0.89835221],
       [0.21311311, 0.19233269, 0.58279662, 0.2966148 , 0.13782912,
        0.0791325 ]]), array([[0.43632894, 0.47450833, 0.72355577, 0.81302148, 0.94079009,
        0.13433581],
       [0.97238702, 0.08070862, 0.38849018, 0.88355018, 0.18786728,
        0.65699577],
       [0.35628037, 0.59105077, 0.84934432, 0.56482199, 0.87036994,
        0.80781474],
       [0.23530219, 0.24300823, 0.53835158, 0.54046337, 0.56158734,
        0.59563441],
       [0.61675495, 0.11869814, 0.20468499, 0.4064407 , 0.31863741,
        0.16935387],
       [0.89927105, 0.5277204 , 0.4379704 , 0.44577734, 0.37846106,
        0.56314054]]), array([[0.68462075, 0.73140519, 0.00431631, 0.52965341, 0.22326065,
        0.0367628 ],
       [0.47828749, 0.30212567, 0.0185126 , 0.80864523, 0.16604604,
        0.58427756],
       [0.35861527, 0.79794382, 0.77230737, 0.35494983, 0.57090305,
        0.8104244 ],
       [0.08233716, 0.33421446, 0.55542703, 0.99569028, 0.26472469,
        0.00561516],
       [0.60965286, 0.86863765, 0.97539134, 0.14854331, 0.20487731,
        0.08225826],
       [0.92592115, 0.76664957, 0.97112863, 0.08069146, 0.56661809,
        0.73437421]]), array([[0.18532466, 0.5350599 , 0.42323105, 0.01517602, 0.48702611,
        0.43036398],
       [0.60206848, 0.61321072, 0.90308344, 0.73617652, 0.28863712,
        0.96235199],
       [0.87687575, 0.41806782, 0.13377078, 0.8774136 , 0.55060633,
        0.724298  ],
       [0.40396475, 0.49335942, 0.34527613, 0.54552032, 0.49746193,
        0.9564892 ],
       [0.47721592, 0.0503792 , 0.78393779, 0.63080175, 0.35273722,
        0.64085982],
       [0.95905897, 0.17645045, 0.0623135 , 0.81365257, 0.88686584,
        0.1012587 ]]), array([[0.2202246 , 0.91987925, 0.20337715, 0.01999245, 0.77015944,
        0.88240091],
       [0.2873111 , 0.21736022, 0.46648486, 0.35765217, 0.79357991,
        0.23038217],
       [0.16737907, 0.93057423, 0.75972012, 0.91278429, 0.83520614,
        0.38786779],
       [0.00356467, 0.09130672, 0.8154949 , 0.71743637, 0.22542515,
        0.03292977],
       [0.88994205, 0.52217128, 0.7654542 , 0.55464624, 0.70450614,
        0.62895849],
       [0.62546198, 0.6332234 , 0.30117132, 0.6035593 , 0.58687174,
        0.21651242]]), array([[0.58431915, 0.34509155, 0.53354771, 0.01246585, 0.6209568 ,
        0.15294411],
       [0.10673248, 0.23508005, 0.39586947, 0.21396872, 0.40722625,
        0.08211986],
       [0.82294823, 0.29478218, 0.93401608, 0.84055793, 0.98340576,
        0.6343812 ],
       [0.9298135 , 0.66391349, 0.90004854, 0.72943488, 0.32890282,
        0.07405851],
       [0.44823792, 0.27152502, 0.02258529, 0.91727141, 0.34151297,
        0.72155512],
       [0.4347116 , 0.36014466, 0.94028104, 0.16357803, 0.15681851,
        0.4063166 ]]), array([[8.61991061e-01, 5.75842011e-01, 3.10340515e-01, 7.13404313e-01,
        9.64684615e-01, 3.27914249e-01],
       [5.57629555e-01, 5.80771257e-01, 5.83269078e-01, 7.79842132e-01,
        4.17558339e-01, 7.20204644e-01],
       [4.61201837e-01, 3.86055629e-02, 3.59559289e-01, 8.75759828e-02,
        4.84288190e-01, 3.54077427e-04],
       [7.12845672e-01, 2.68504570e-01, 7.86020353e-01, 6.38611283e-01,
        2.47574487e-01, 7.28730248e-01],
       [5.90763704e-01, 5.48737925e-01, 3.91242410e-01, 7.62759772e-01,
        7.07444431e-01, 1.71504047e-01],
       [5.59753548e-01, 6.21964998e-01, 2.52794092e-02, 3.87747595e-01,
        1.43041989e-01, 5.49703996e-01]]), array([[3.12466678e-01, 1.68671398e-02, 3.93101185e-01, 6.92837026e-01,
        8.46145884e-01, 1.22016031e-01],
       [9.12256280e-01, 9.32552764e-01, 7.35300512e-01, 2.08099327e-01,
        9.00224044e-01, 4.81417017e-01],
       [5.52350091e-01, 7.36918078e-01, 8.50993958e-01, 3.33570084e-01,
        6.05333083e-01, 8.26884020e-01],
       [1.79084938e-01, 2.74424461e-01, 5.61550059e-01, 9.87425183e-01,
        8.76214383e-01, 2.09035515e-01],
       [2.27841082e-02, 1.84536348e-02, 8.50379108e-04, 1.56086463e-01,
        4.08664811e-01, 9.46943583e-01],
       [7.92903678e-01, 8.50072477e-01, 6.15819493e-01, 2.28245137e-02,
        7.59648379e-01, 7.67605313e-02]]), array([[0.07942368, 0.34530654, 0.89181864, 0.17448413, 0.05050521,
        0.98138433],
       [0.05998992, 0.45425349, 0.46423098, 0.19804023, 0.92039954,
        0.22082265],
       [0.90934625, 0.60662378, 0.23998611, 0.81522713, 0.46949547,
        0.71966635],
       [0.01477783, 0.66925091, 0.39981298, 0.09862388, 0.10348512,
        0.1072836 ],
       [0.22477074, 0.96568367, 0.70842243, 0.71563295, 0.3849492 ,
        0.96946809],
       [0.98185557, 0.81838383, 0.78834932, 0.51326136, 0.52305175,
        0.62947707]]), array([[5.24749777e-01, 7.99476161e-01, 9.40111957e-01, 5.20377884e-01,
        1.49435095e-02, 3.74058261e-01],
       [8.63574911e-01, 4.61164233e-01, 7.35147662e-01, 1.90959358e-01,
        9.56477522e-01, 9.83501934e-01],
       [1.33816339e-01, 2.58131812e-01, 9.38681593e-01, 4.38831445e-01,
        2.61382112e-01, 4.58025435e-01],
       [6.69358164e-01, 5.68470317e-01, 3.62000586e-01, 2.01045555e-01,
        8.77570026e-01, 1.22779806e-01],
       [3.78766454e-04, 3.62320605e-01, 9.09227465e-01, 9.80657244e-01,
        1.91269248e-01, 3.89496202e-01],
       [4.57581535e-03, 3.40658437e-01, 9.48449633e-02, 8.54656768e-01,
        5.30024098e-01, 5.42548344e-01]]), array([[0.59930216, 0.62299784, 0.29605506, 0.95049956, 0.72857958,
        0.19061447],
       [0.52684727, 0.78662548, 0.97243536, 0.11000523, 0.96840601,
        0.41432974],
       [0.8256274 , 0.71685365, 0.55273972, 0.58977575, 0.86921017,
        0.51168477],
       [0.1268881 , 0.5848124 , 0.49345608, 0.60302134, 0.71131263,
        0.12432504],
       [0.94662547, 0.46195686, 0.50854512, 0.52986383, 0.55749038,
        0.2045176 ],
       [0.30689035, 0.33382741, 0.5766249 , 0.69249406, 0.70868312,
        0.41579753]]), array([[0.96858429, 0.26908464, 0.23559461, 0.97935144, 0.04234108,
        0.10255654],
       [0.35995865, 0.08104681, 0.86552878, 0.20506046, 0.37496749,
        0.75250433],
       [0.68634281, 0.04058094, 0.33240984, 0.70249802, 0.99524099,
        0.38714369],
       [0.16558567, 0.82219129, 0.03415707, 0.30894418, 0.01737793,
        0.75395905],
       [0.04178228, 0.80270495, 0.56291242, 0.13603859, 0.29323803,
        0.76411439],
       [0.88601287, 0.95203305, 0.80592725, 0.33160382, 0.67977121,
        0.49917573]]), array([[0.17126415, 0.18060652, 0.78032802, 0.74909886, 0.70041967,
        0.34999325],
       [0.79897122, 0.38133542, 0.53464836, 0.80280258, 0.77815159,
        0.29345693],
       [0.2810618 , 0.73060474, 0.59314729, 0.84803125, 0.69240348,
        0.95230793],
       [0.9818014 , 0.84997045, 0.39303374, 0.23373874, 0.22380428,
        0.55532789],
       [0.02872927, 0.62040062, 0.82502917, 0.10304722, 0.73772694,
        0.86238969],
       [0.91431379, 0.62984813, 0.57977666, 0.01712797, 0.25425753,
        0.46500978]]), array([[0.73531668, 0.76652003, 0.84889472, 0.09247757, 0.92862901,
        0.74089198],
       [0.38165988, 0.54359271, 0.72102415, 0.65106614, 0.41695423,
        0.46927265],
       [0.00744138, 0.9300254 , 0.6437534 , 0.8081572 , 0.62012304,
        0.97623574],
       [0.08131036, 0.53635227, 0.97838386, 0.07373436, 0.68093152,
        0.38420449],
       [0.45960318, 0.949569  , 0.59444877, 0.59363999, 0.73371759,
        0.38919104],
       [0.08002272, 0.93134574, 0.82948694, 0.6339085 , 0.20558916,
        0.44426352]]), array([[0.99912021, 0.57763455, 0.98658135, 0.35259688, 0.44038867,
        0.91765484],
       [0.17501273, 0.92553688, 0.85858929, 0.51146464, 0.21710671,
        0.67634035],
       [0.8057186 , 0.94308125, 0.78282706, 0.19687845, 0.92093928,
        0.6031294 ],
       [0.80640421, 0.20499828, 0.2990789 , 0.28548967, 0.74238656,
        0.85247491],
       [0.75458626, 0.17922474, 0.19607763, 0.39981855, 0.68666027,
        0.74156992],
       [0.52898707, 0.32500205, 0.01697355, 0.87719298, 0.3523721 ,
        0.38695849]]), array([[0.91802146, 0.68972123, 0.26114424, 0.32540525, 0.05922112,
        0.15981137],
       [0.31054401, 0.86420283, 0.15019963, 0.338323  , 0.97186296,
        0.74177809],
       [0.19740615, 0.17889454, 0.16786861, 0.27213581, 0.28705889,
        0.65480547],
       [0.12290772, 0.93328369, 0.86050047, 0.21319936, 0.628253  ,
        0.12494366],
       [0.77276477, 0.09557187, 0.88691679, 0.99270596, 0.1269933 ,
        0.91176221],
       [0.57232523, 0.16795783, 0.38150293, 0.78063369, 0.54822895,
        0.76884879]]), array([[0.07927447, 0.42118764, 0.50741386, 0.81736935, 0.38294443,
        0.85661785],
       [0.66387107, 0.90100417, 0.40579691, 0.99398025, 0.45951802,
        0.91993989],
       [0.29255799, 0.31383788, 0.50848199, 0.73070028, 0.92585894,
        0.34882057],
       [0.75546983, 0.32538168, 0.15755981, 0.2292819 , 0.09318876,
        0.82910023],
       [0.94876425, 0.83759511, 0.1702795 , 0.48118872, 0.97964089,
        0.78337064],
       [0.91851033, 0.44654671, 0.73470783, 0.17644153, 0.07777107,
        0.61986353]]), array([[0.85978918, 0.85775701, 0.56877392, 0.99729306, 0.35412755,
        0.98554792],
       [0.13396123, 0.14478009, 0.76131435, 0.40326966, 0.01968798,
        0.66033738],
       [0.39946678, 0.14871107, 0.320268  , 0.04776289, 0.58946551,
        0.20739328],
       [0.14661436, 0.42012693, 0.4349093 , 0.94169647, 0.32480783,
        0.00379383],
       [0.04576569, 0.45731982, 0.15607929, 0.20144943, 0.42580035,
        0.1570653 ],
       [0.49073978, 0.79684437, 0.72232539, 0.70347877, 0.52700053,
        0.25364138]]), array([[0.97361057, 0.54042061, 0.88821274, 0.74499959, 0.8738292 ,
        0.25196677],
       [0.34744928, 0.9335539 , 0.4581391 , 0.9963622 , 0.41717   ,
        0.17501711],
       [0.07655188, 0.4205445 , 0.27475789, 0.57603975, 0.71559042,
        0.60588345],
       [0.38410069, 0.06922904, 0.61946786, 0.45626951, 0.2814687 ,
        0.32205533],
       [0.45648573, 0.3405799 , 0.70664378, 0.20922552, 0.43065115,
        0.44382183],
       [0.50228631, 0.70400075, 0.77988479, 0.37305276, 0.28678545,
        0.4176313 ]]), array([[0.57334867, 0.51534761, 0.07919763, 0.53701696, 0.3780672 ,
        0.68619971],
       [0.50562978, 0.77662691, 0.22680472, 0.3485431 , 0.34661818,
        0.77718546],
       [0.46405881, 0.07129237, 0.47884133, 0.44656988, 0.43173462,
        0.31550982],
       [0.87772764, 0.01319559, 0.20902374, 0.45113799, 0.44771758,
        0.37353149],
       [0.3479655 , 0.87704389, 0.99515216, 0.35755789, 0.22421707,
        0.90279611],
       [0.02767625, 0.576806  , 0.45636299, 0.93400458, 0.71276379,
        0.6525755 ]]), array([[0.70980415, 0.38199157, 0.97346871, 0.43556059, 0.05602462,
        0.20509346],
       [0.32498102, 0.49307095, 0.27068005, 0.37745069, 0.93493163,
        0.1432762 ],
       [0.91847385, 0.35898248, 0.29512955, 0.74844023, 0.97053399,
        0.2935512 ],
       [0.03173235, 0.72781608, 0.97650461, 0.17537969, 0.0082922 ,
        0.17994838],
       [0.13938792, 0.1880129 , 0.8372134 , 0.97086858, 0.30352714,
        0.26939393],
       [0.96239664, 0.29879019, 0.69942485, 0.11498843, 0.92161116,
        0.20701435]]), array([[0.62607375, 0.19150039, 0.81121113, 0.00590457, 0.15159122,
        0.58700696],
       [0.32058104, 0.36993638, 0.49524158, 0.36110504, 0.65726929,
        0.74418982],
       [0.10676622, 0.28107269, 0.40044298, 0.85811658, 0.01762417,
        0.96350226],
       [0.11454799, 0.33344839, 0.3706034 , 0.39277523, 0.8322965 ,
        0.23874356],
       [0.12938168, 0.79175992, 0.12768099, 0.54572995, 0.26303586,
        0.76418006],
       [0.14609117, 0.43091292, 0.93266075, 0.97183187, 0.15693227,
        0.31771075]]), array([[ 0.39909301,  0.68562914,  0.93177892,  0.50589549,  0.92334545,
         0.93437985],
       [ 0.25120002,  0.83143168,  0.73230643,  0.94085762,  0.24724014,
         0.70944113],
       [ 0.98900957,  0.56488188,  0.5403922 ,  0.34438643,  0.66747288,
         0.10113771],
       [ 0.66688562,  0.40714617,  0.465452  ,  0.93172924,  0.4863531 ,
         0.44643532],
       [-0.03454656,  0.66581795,  0.13953293,  0.07386092,  0.17472756,
         0.17308061],
       [ 0.26091533,  0.47607587,  0.02420876,  0.61666035,  0.36813136,
         0.23287708]]), array([[-0.16514947,  0.0533627 , -0.32842947,  0.48584544,  0.30817137,
        -0.1051677 ],
       [ 0.61302572,  0.54705843,  0.85251165,  0.58108881,  0.38838278,
         0.51448837],
       [-0.07771639, -0.16074568,  0.46202807, -0.17604037,  0.17468871,
        -0.20073067],
       [ 0.52238454,  0.51095186,  0.30931818,  0.91575098,  0.84271124,
         0.51073908],
       [ 0.24956435,  0.30310194, -0.08912342,  0.58388131, -0.01893275,
        -0.36137939],
       [ 0.35373822, -0.02602799,  0.43456036, -0.37572076, -0.10836159,
        -0.30752792]]), array([[ 0.06432972, -0.21008541, -0.00037996,  0.33256111, -0.22738135,
         0.0003813 ]])] 
 0.5, 
 1e-19, 
 10000