weigths: [array([[  2.03762649,   3.718454  ,  -2.20060481,   3.92277583,
          6.13319521,   9.48204749],
       [  1.91900028,   0.28112192,  -7.11567927,  -2.94623601,
          3.49612968,  -4.72172065],
       [  2.64273098,   2.98666307,   0.03995209,   2.87721386,
          3.1784502 ,   0.75438066],
       [  3.57682   ,   3.25629052,   0.58581634,   3.56749894,
          4.4473648 ,   0.12675924],
       [  1.23777977,   3.73590812,  -2.82616215,   2.57387276,
          5.80217708,  -7.53767165],
       [  1.71481542,  11.82747668,  -7.17771448,   1.62981434,
          3.18451948, -11.51688625]]), array([[-0.83969648,  3.63973597, -1.28395518, -2.32667201,  1.40793324,
         5.68917999],
       [ 1.37840482, -1.29043207,  1.89576948,  3.58398995, -5.4395407 ,
        -5.53600465],
       [ 0.58817476,  0.29661129,  3.42262305,  4.40720953,  1.38518468,
         1.35575011],
       [-6.60225504,  6.19622265, -0.08879852, -0.3170169 ,  0.95506684,
         2.08371958],
       [-4.08893131,  1.26788351, -0.45535241, -2.21085652,  3.05622267,
         9.27962765],
       [-3.04623381,  4.47341892, -1.07897882, -1.83183202,  2.11161564,
         3.03878107]]), array([[-1.10911803e+00,  1.42194401e+00, -5.57178304e-01,
        -3.11815471e+00, -2.52888784e+00,  1.92371227e+00],
       [-1.42253967e-03, -2.39176527e-04, -1.37980112e-03,
        -1.15353396e-03, -7.19860661e-04,  1.67711180e-03],
       [ 1.63786941e+00,  7.04656352e-02,  6.16471376e-01,
        -1.20203267e+00,  9.91912470e-02,  1.51447692e-01],
       [-1.41903776e-01,  3.20591876e+00, -1.45533614e+00,
        -1.88368941e+00, -8.18243087e-01, -5.77028737e-01],
       [ 3.42386465e+00,  8.50612207e-01,  6.20924930e-01,
        -3.27824462e+00,  1.45561861e+00, -1.29800858e-01],
       [ 1.45943823e+00,  1.29407648e+00, -3.97313323e+00,
         6.16666847e-01,  5.79837811e-01, -3.03430259e+00]]), array([[-6.07076395e-01, -6.40929987e-08, -9.86833906e-05,
        -7.38160157e-01, -1.09099290e-04, -1.37240572e+00]])] 
 0.5, 
 1e-19, 
 10000