error: 9.953776335000666e-10 
 weigths: [array([[ 0.4677543 ,  0.85302008, -0.00896268,  0.7751795 , -0.02341229,
         0.33498393],
       [-1.4557026 , -1.45715087, -0.461602  , -0.62725595, -1.8967873 ,
         0.42032034],
       [ 0.68003013,  1.00480472,  0.0207611 ,  1.33413419,  1.09131297,
        -0.28293059],
       [ 0.37888791,  0.33680949,  0.29288422,  0.34678196,  0.09574584,
         0.16421376],
       [-1.36308758, -0.97886336, -0.79992189, -0.46443882, -1.54108831,
        -0.04986026],
       [ 0.60787946,  0.90550411,  0.27819122,  1.19353104,  0.86854495,
        -0.29266379],
       [ 0.65088874,  0.9390312 ,  0.21758931,  0.95116384,  1.26175733,
        -0.49465421],
       [-1.6352216 , -2.38444816, -0.05165477, -0.75195737, -1.74329762,
         0.56280575],
       [ 0.37830682,  0.94282781,  0.25877608,  0.3822369 ,  0.26369489,
         0.15708905]]), array([[ 1.47769285,  0.71828426,  0.92722791,  1.23454578,  0.67178112,
         1.34371121,  1.40701917,  0.4161685 ,  1.37541827],
       [ 0.56448117,  0.98911073,  1.19031463,  1.16191138,  0.55993155,
         1.2704177 ,  0.49357766,  0.90111079,  0.40494662],
       [ 0.65423882,  1.07506749,  0.37141892,  1.1393498 ,  0.69082722,
         1.0896156 ,  0.65922493,  1.08482023,  0.87732042],
       [ 0.27278506, -6.04124103,  1.06827346,  0.1872778 , -4.2903587 ,
         1.09021295,  0.76990066, -6.81066055,  0.19288174],
       [ 0.40280654, -2.93386416,  0.55369154, -0.39172955, -2.54080502,
         0.29176101,  0.60620436, -2.96841703,  0.3267697 ],
       [ 1.10211423,  1.19318754,  0.77405298,  0.53636699,  1.36862665,
         0.95745737,  0.91380447,  1.2657813 ,  1.316614  ],
       [ 0.16474943, -4.23055576,  0.70383155,  0.17236308, -3.16678499,
         0.43354584,  0.8259769 , -4.8244813 ,  0.31529598],
       [ 0.50332275,  0.99651061, -0.36696776,  0.04729061,  0.42821394,
         0.38782158, -0.22587951,  0.8739599 , -0.4609896 ],
       [ 0.0137421 , -2.66403618,  0.50234844,  0.24419443, -2.45795145,
         0.53271517,  0.66952546, -3.7977787 , -0.06860886]]), array([[-3.76408111, -2.27220235, -2.39745519,  7.85449899,  3.71661603,
        -3.585868  ,  5.47189842, -1.10512577,  3.93837281]])] 
 0.5, 
 1e-09, 
 1000