error: 9.993309405903356e-10 
 weigths: [array([[ 0.77574042,  1.25337891, -0.0797648 ,  1.42758322,  0.88756712,
        -0.37233576],
       [-1.56867178, -2.67509421,  0.23897515, -0.8261024 , -2.10889274,
         0.98191305],
       [-1.55609467, -2.41149532,  0.08078967, -0.7255506 , -2.11178897,
         0.86218439],
       [ 0.66110517,  1.01559363,  0.19716388,  1.15121231,  0.60957882,
        -0.21077194],
       [-1.03206099, -0.73161694, -0.72105939, -0.33156709, -1.28036582,
         0.0289848 ],
       [-0.64738169,  0.51386442, -0.45383274,  0.05389834, -0.68297054,
         0.33530106],
       [ 0.66653667,  1.10713286, -0.05132962,  1.40145377,  1.6176952 ,
        -0.81194764],
       [ 0.58932177,  1.01121448,  0.11699582,  0.553546  ,  0.49478773,
         0.08834204],
       [ 0.45765446,  1.25337264, -0.00934854,  0.3098076 ,  0.5878387 ,
         0.17616978]]), array([[ 3.13799864e-01, -3.20697399e+00, -3.10936929e+00,
         3.59495500e-03, -5.33402790e-01, -1.85120857e-01,
         6.91535438e-01,  4.16311686e-01,  5.11937700e-02],
       [-1.22399309e-01, -9.71725443e-01, -1.39899754e+00,
         3.92861375e-01, -3.46180669e-01,  5.59720087e-02,
         3.32063852e-01, -2.12083307e-01,  4.66463791e-02],
       [ 8.48600374e-01, -5.72525329e+00, -6.01385958e+00,
         9.93464184e-01, -1.86687447e+00, -7.76486772e-01,
         1.03248038e+00,  2.64618414e-01,  2.12896901e-01],
       [ 5.98522335e-01,  9.52137585e-01,  5.24317711e-01,
         1.26473784e+00,  1.56617853e+00,  1.27332541e+00,
         1.04732827e+00,  1.13261740e+00,  1.23464477e+00],
       [ 5.04861551e-01,  1.09145490e+00,  1.06380615e+00,
         1.12170540e+00,  1.26132663e+00,  1.15941936e+00,
         1.16574079e+00,  1.29370762e+00,  1.24404970e+00],
       [ 7.17599948e-01, -3.97934471e+00, -4.35560991e+00,
         4.84503026e-01, -1.51349322e+00, -4.72531678e-01,
         8.32198710e-01,  1.80437406e-01,  1.93957754e-01],
       [ 7.01600724e-01, -5.44392011e+00, -5.59016864e+00,
         2.34892231e-01, -1.61289626e+00, -9.60063409e-01,
         9.85446980e-01,  6.48470484e-01,  7.07474290e-01],
       [ 9.97419435e-01,  1.14872011e+00,  1.15844369e+00,
         1.42180392e+00,  7.95613041e-01,  1.36695198e+00,
         6.00690890e-01,  1.17493430e+00,  1.01460193e+00],
       [ 3.64939036e-01, -1.30517442e+00, -1.74233279e+00,
        -8.47745102e-02, -5.55854023e-01,  4.34700502e-01,
         4.28700167e-01, -2.69689990e-01, -6.09113524e-02]]), array([[ 3.12065915,  1.01075804,  6.34636102, -4.35602162, -4.58513436,
         4.43359168,  5.88845641, -4.36961359,  1.5031586 ]])] 
 0.5, 
 1e-09, 
 1000