error: 9.92007712062386e-10 
 weigths: [array([[ 0.89718429,  1.45175993, -0.10011681,  0.65101606,  0.62349033,
        -0.20622019],
       [ 0.66391257,  0.54698504,  0.06174051,  1.08989474,  0.18244141,
         0.22956162],
       [ 0.48294466,  1.07546678, -0.02878455,  0.28973795, -0.14411003,
         0.3909138 ],
       [ 0.36491281,  1.26734723, -0.223237  ,  0.88987932,  0.38225218,
         0.22459656],
       [-0.90492742, -0.43485916, -0.70770163, -0.8561824 , -1.71023464,
         0.35286496],
       [-1.49668958, -2.13006073, -0.08273822, -0.8572162 , -1.48374328,
         0.42261284],
       [ 0.32688838,  0.85668447,  0.28617468,  0.82308364,  0.19667946,
         0.22317297],
       [-1.57186779, -2.80412982,  0.56776528, -0.84165973, -2.45427868,
         1.53204572],
       [ 0.97280006,  1.79232511, -0.32102868,  0.93425623,  1.61186723,
        -0.98508624]]), array([[ 1.44446265,  0.89113176,  0.57534095,  0.62216726,  0.96971292,
         0.94360638,  1.18893037,  0.63473209,  1.25239788],
       [ 0.99042106,  1.39521711,  0.91506237,  0.79017472,  0.73293309,
         1.4022229 ,  0.97412688,  1.13489567,  1.36107915],
       [ 0.64610551,  0.82947177,  0.79718299,  1.22112877,  0.8824432 ,
         1.02762725,  0.89870709,  1.26170559,  0.64821721],
       [ 0.49798791,  0.22199147,  0.47343318, -0.21456581, -1.74014381,
        -3.99295359,  0.32666238, -5.07039826,  1.1404839 ],
       [ 0.47206412,  0.16096495,  0.04342085, -0.1262411 , -1.0595935 ,
        -1.57721224,  0.15567234, -2.24502986,  0.47612183],
       [ 0.65673019, -0.17753673, -0.28525939,  0.41800172, -1.41594817,
        -2.78564561,  0.32457118, -3.72225364,  0.83988311],
       [ 0.15718036,  0.51379957,  0.20101398,  0.21778068, -1.79018731,
        -3.72643099,  0.09043418, -5.30451536,  1.25146776],
       [ 1.19365786,  1.17261625,  1.1655676 ,  0.51380585,  1.43200263,
         0.97655183,  0.43186317,  0.88718355,  1.21283139],
       [ 0.65393056,  0.25939058, -0.20144683,  0.63276091, -2.00122058,
        -4.40486341,  0.07313343, -6.09347662,  1.32227403]]), array([[-3.00139784, -3.97544975, -2.89351883,  5.10064989,  2.17235801,
         3.6710649 ,  5.13055332, -3.36197377,  6.00339725]])] 
 0.5, 
 1e-09, 
 1000