error: 9.857696641373392e-10 
 weigths: [array([[-3.74465646e-01,  5.86316048e-01,  1.38360594e-01,
         4.73447183e-01,  4.80911955e-02,  5.52418397e-01],
       [ 8.50802905e-01,  1.40003428e+00,  1.05501125e-01,
         1.08464069e+00,  9.21414249e-01, -1.94110249e-01],
       [ 3.44043847e-01,  1.09062089e+00, -2.64772309e-01,
         1.48939958e-01, -1.10249238e-01,  2.81282814e-01],
       [ 6.74863147e-01,  7.79671042e-01,  3.70586585e-01,
         8.99906716e-01,  3.36947515e-01,  1.38353447e-01],
       [-1.99635022e-01,  5.66239214e-01, -4.45737400e-01,
         1.48307608e-01, -2.71937966e-01,  1.85957258e-02],
       [ 7.86921622e-01,  1.26773639e+00, -9.50578459e-02,
         1.52040391e+00,  1.57079271e+00, -7.80498201e-01],
       [-1.21203309e+00, -1.11914523e+00, -6.05351110e-01,
        -1.17643712e+00, -1.55591016e+00,  1.16013736e-01],
       [-1.82356478e+00, -4.06578800e+00,  1.30759335e+00,
        -9.51488638e-01, -3.00262717e+00,  2.23435230e+00],
       [-7.63680896e-01, -6.15018394e-01, -9.09003603e-01,
        -1.88786742e-01, -9.00195403e-01,  4.53449371e-05]]), array([[  1.1885716 ,   0.82683054,   1.00438063,   0.6079111 ,
          0.88801872,   0.87664361,   1.55691118,   0.64295514,
          0.92406372],
       [ -0.31939813,   0.42278476,   0.20445429,   0.29366848,
          0.17742261,   0.97640859,  -2.14907751,  -4.37300083,
         -1.06775094],
       [ -0.10626053,  -0.11953113,   0.36333181,  -0.23578594,
          0.2543105 ,   0.32405368,  -0.02240877,  -0.13304751,
         -0.42158439],
       [  1.00148318,   1.0080418 ,   0.72096026,   0.95019004,
          1.09021747,   0.61803691,   0.92731829,   1.05433347,
          1.07443563],
       [  0.37650932,   1.03072243,   1.15150248,   0.93033663,
          1.11890699,   1.11326089,   0.35676583,   1.23403019,
          1.22983022],
       [ -0.17522624,   1.4100203 ,  -0.14923242,   0.89739705,
         -0.65184924,   1.63890728,  -4.57439588, -10.06796414,
         -1.54581553],
       [ -0.05205507,  -0.13664344,   0.12433723,   0.11054646,
          0.18468594,   0.45818374,  -0.52469766,  -0.0183586 ,
         -0.42389419],
       [  0.05661487,   0.99824352,   0.18015291,   0.24293013,
         -0.31263707,   1.25775639,  -3.04589103,  -8.09175862,
         -1.00311693],
       [  0.98693328,   0.6500157 ,   0.8889854 ,   1.24625109,
          1.0220327 ,   0.68692301,   1.15505757,   0.8626296 ,
          1.37251744]]), array([[-3.02848443,  3.63290911,  0.09554506, -2.89436443, -2.80176947,
         8.34772169,  0.24153618,  6.34169185, -3.21044963]])] 
 0.5, 
 1e-09, 
 1000