weigths: [array([[0.70055143, 0.64827961, 0.31990024, 0.23162026, 0.4954844 ,
        0.21258068],
       [0.06836205, 0.53285387, 0.22030762, 0.31348222, 0.16061428,
        0.4981119 ],
       [0.82259226, 0.95946027, 0.19636848, 0.35119246, 0.69369041,
        0.03552093],
       [0.37993563, 0.63113568, 0.10422811, 0.83238265, 0.34949749,
        0.13221465],
       [0.08258211, 0.07308192, 0.05325778, 0.58490368, 0.30159231,
        0.42760075],
       [0.62357613, 0.40261932, 0.95000529, 0.81242163, 0.83190279,
        0.69731867],
       [0.42263127, 0.15275949, 0.80134604, 0.38099101, 0.82992475,
        0.92193324],
       [0.60894955, 0.32998789, 0.73087787, 0.907903  , 0.70238682,
        0.27119992],
       [0.48680228, 0.78417111, 0.22828075, 0.92497778, 0.66267812,
        0.67888058],
       [0.65741603, 0.97107778, 0.55434619, 0.67688598, 0.42789015,
        0.80372115],
       [0.38881817, 0.54931413, 0.25750895, 0.69458485, 0.12214107,
        0.97934971],
       [0.29486729, 0.21934157, 0.97865132, 0.09553551, 0.15508176,
        0.86158745]]), array([[0.84090721, 0.00287335, 0.5873693 , 0.11511407, 0.18191883,
        0.63485892, 0.14447572, 0.93778079, 0.95504841, 0.27753601,
        0.2301132 , 0.7896173 ],
       [0.7129165 , 0.34221767, 0.98774644, 0.85133113, 0.94498701,
        0.00139008, 0.739203  , 0.3288067 , 0.42466028, 0.86583749,
        0.31996242, 0.28274853],
       [0.63576534, 0.77272037, 0.85311159, 0.12751969, 0.98231769,
        0.82404104, 0.95562649, 0.26455307, 0.46064453, 0.23006966,
        0.84403281, 0.30318659],
       [0.77865102, 0.61429237, 0.08256087, 0.15237758, 0.66956831,
        0.89249689, 0.70723612, 0.97744716, 0.77202224, 0.07210005,
        0.31635616, 0.2082458 ],
       [0.94113435, 0.81505043, 0.61194754, 0.45208049, 0.87630321,
        0.53964581, 0.79182574, 0.37202665, 0.28911142, 0.54614481,
        0.55617407, 0.45687337],
       [0.918136  , 0.28624573, 0.50722018, 0.0010035 , 0.03477929,
        0.74314208, 0.91995142, 0.40588546, 0.78711939, 0.61416309,
        0.92411953, 0.0804571 ],
       [0.00184621, 0.94075412, 0.06077793, 0.27190802, 0.41016864,
        0.60847871, 0.95877057, 0.24591477, 0.92464709, 0.18809321,
        0.31441453, 0.72535992],
       [0.66660661, 0.25647674, 0.86157649, 0.85681931, 0.77876959,
        0.45656274, 0.10448347, 0.46796572, 0.55906727, 0.69204215,
        0.94934521, 0.28605843],
       [0.79342645, 0.94873701, 0.73559012, 0.44054223, 0.70539901,
        0.86589339, 0.77558623, 0.51095719, 0.88885395, 0.81553013,
        0.96050036, 0.28843427],
       [0.51563956, 0.65746567, 0.58615909, 0.6061008 , 0.21776211,
        0.36862904, 0.18227605, 0.2372013 , 0.40319244, 0.68505148,
        0.40694481, 0.92315966],
       [0.41226676, 0.58043961, 0.01990548, 0.9937089 , 0.83522034,
        0.53364025, 0.46909801, 0.35239415, 0.57871035, 0.90512669,
        0.54058493, 0.1011575 ],
       [0.91510885, 0.60443771, 0.13804566, 0.9408175 , 0.60485998,
        0.4009075 , 0.93163054, 0.2927849 , 0.41580127, 0.92325315,
        0.21264194, 0.7038801 ]]), array([[ 0.62162475,  0.44852975,  0.63134056,  0.44997296,  0.99522036,
         0.70846445,  0.31816338,  0.06203519,  0.9232494 ,  0.23596681,
         0.98297732,  0.88245791],
       [ 0.76019499,  0.13294645,  0.66481523,  0.09495623,  0.51487532,
         0.78272332,  0.46699583,  0.43017402,  0.73034877,  0.15231173,
         0.91263218,  0.85038004],
       [ 0.23091521,  0.5086832 ,  0.59653486,  0.89316427,  0.99654827,
         0.88703516,  0.58700015,  0.42953298,  0.83230865,  0.59593703,
         0.46208749,  0.93250973],
       [ 0.4834305 ,  0.38344832,  0.39771638,  0.27227752,  0.19075604,
         0.05294566,  0.45122968,  0.62687827,  0.02410996,  0.62472   ,
         0.41129514,  0.36370079],
       [ 0.41075621,  0.02720285,  0.52842173,  0.88495686,  0.58192188,
         0.61009686,  0.44599173,  0.75047918,  0.04924567,  0.29756704,
         0.74859625,  0.16912683],
       [ 0.50249423,  0.74634032,  0.24493021,  0.64714338,  0.03339043,
         0.01620464,  0.15844783,  0.63206347,  0.1525321 ,  0.87581733,
         0.09402413,  0.07000424],
       [ 0.50416647,  0.04614998,  0.06444123,  0.9624213 ,  0.64909239,
         0.41128079,  0.13757139,  0.71633102,  0.03021762,  0.86314735,
         0.96869803,  0.2179253 ],
       [ 0.02858963,  0.51797266,  0.34503884,  0.14222506,  0.6551332 ,
         0.5047718 ,  0.71201634,  0.87399675,  0.32198281,  0.0475504 ,
         0.76706217,  0.72334183],
       [ 0.12255829, -0.04768355,  0.85184909, -0.03201138, -0.0507472 ,
         0.38813545,  0.62145142,  0.19288654,  0.19596189,  0.89480778,
         0.09522911,  0.2425702 ],
       [ 0.17757802,  0.69564922,  0.9984245 ,  0.93638958,  0.12274836,
         0.62779874,  0.50654132,  0.72668957,  0.85501423,  0.45587582,
         0.34170556,  0.7401111 ],
       [ 0.83856075,  0.91612018,  0.82401376,  0.03939307,  0.2953827 ,
         0.13246279,  0.21070047,  0.46447069,  0.14058002,  0.26098888,
         0.3970084 ,  0.15653788],
       [ 0.54219569,  0.87424102,  0.99643142,  0.81089863,  0.57631346,
         0.95027554,  0.00792044,  0.70160557,  0.20710335,  0.10521041,
         0.71557864,  0.94266484]]), array([[0.83988244, 0.76225486, 0.59225368, 0.09407267, 0.34549456,
        0.54465012, 0.5903878 , 0.31159981, 0.79867663, 0.58128798,
        0.5917572 , 0.54638359]])] 
 0.5, 
 1e-19, 
 10000