weigths: [array([[  0.41931075,  -1.49686533,   1.97773056,   0.57942219,
          2.00558633,   0.44976012],
       [ -1.26523543,   2.75017835,  -4.12791989,  -0.1890257 ,
          0.68489827,  -3.68965357],
       [  0.50789667,  -0.90085325,   1.62970003,   0.31160533,
          1.8113944 ,   0.31972139],
       [  0.41802162,  -1.79443939,   2.24990263,   0.5359194 ,
          1.75463778,   0.7717829 ],
       [  0.59487608,   4.71471268,  -3.92073335,  -1.14842117,
        -10.2297606 ,  -1.16673973],
       [ -1.59587398,   0.8119183 ,  -2.87184436,   0.15450218,
          0.43506251,  -2.79956719]]), array([[  4.09571726, -28.17712755,   3.20121886,   4.09411615,
        -27.33646438, -30.92325976]])] 
 0.5, 
 1e-19, 
 10000