weigths: [array([[-1.69506215e+00, -2.18697384e-01, -2.30279385e+00,
        -1.10676472e-04,  2.16089954e-01, -1.09659775e+00],
       [ 8.41075289e-01, -5.15142349e-01,  5.22604244e-01,
         1.55306777e+00,  4.74787553e+00, -8.99189451e-01],
       [-1.59245345e+00, -1.61228298e+00, -2.04294320e+00,
         1.61621328e+00,  3.81572367e-01, -1.21748509e+00],
       [-7.90383798e-01,  2.44498313e+00, -2.94475221e+00,
        -2.43447111e-01, -1.94093914e+00, -1.93684591e+00],
       [-8.79887566e-01,  1.99109025e+00, -2.38416782e+00,
        -6.04009960e-01, -3.14732330e+00, -1.15222482e+00],
       [-7.39974118e-01,  2.76857204e+00, -2.79362364e+00,
        -6.95511330e-01, -2.97561181e+00, -1.62459380e+00]]), array([[ -1.5185672 ,   0.28225626,  -3.9530375 ,  -2.51701503,
         -2.11871279,  -2.17164319],
       [ -1.33656462,   2.08787106,  -6.17538112,  -4.15443724,
         -3.04592692,  -3.45444092],
       [ -1.03981535,   0.29395889,  -4.35193354,  -3.09657618,
         -2.23739527,  -2.08404013],
       [ -1.82068227,   4.68983728, -10.09591706,  -7.36393898,
         -5.63889346,  -5.38276954],
       [ -1.37300317,  -1.12068373,   6.10956891,   4.01392311,
          1.03901586,   1.70489259],
       [ -0.96467247,  -1.20703025,  -1.33197686,  -0.23600501,
         -1.05846073,  -0.52390902]]), array([[-1.08489433, -1.58973997, -1.8782781 , -3.93313957,  2.61147754,
        -0.38770123],
       [ 0.60612849,  2.26269406,  1.31502803,  4.56207477, -2.90767457,
        -0.25940849],
       [-1.27875061, -1.93673035, -0.89738724, -3.14854891,  1.64382184,
        -0.70382856],
       [-0.86213943, -2.30374158, -1.66085849, -3.08222779,  1.76288105,
        -0.08783502],
       [-1.28364477, -2.21809558, -0.8965926 , -4.39849098,  2.88680071,
         0.27569808],
       [-1.66221238, -1.87848436, -0.69317224, -3.96126364,  2.34907382,
         0.14697409]]), array([[-5.18006875, 10.61133161, -4.61011851, -4.74263416, -5.98250507,
        -5.39345533]])] 
 0.5, 
 1e-19, 
 10000