error: 9.3455169947991e-10 
 weigths: [array([[ 0.46231421,  1.12913591,  0.03309372,  1.0313182 ,  0.64078249,
        -0.93444157],
       [ 0.78486476,  1.49123636, -0.80837044,  2.0486804 ,  1.00835762,
        -1.5531596 ],
       [ 0.07338126,  0.42243561,  0.26845381,  0.81959126,  0.38315392,
        -0.37134661],
       [-0.74695428, -1.52803882,  0.48585195, -1.39764406, -1.88871706,
         1.27649517],
       [ 0.67182105,  1.27821797, -0.9944713 ,  2.68728099,  1.86153946,
        -2.43851956],
       [-0.25551085, -0.59292123,  0.11491363,  0.26160458, -0.64546082,
        -0.21661618]]), array([[ 0.45467646,  0.67654827, -0.55845444, -0.84907171,  0.63805174,
        -0.54147378],
       [-0.06255874,  0.40193673, -0.05315692, -2.43400727,  1.47964321,
        -1.06641759],
       [-0.10266222, -1.07856116,  0.40009867,  5.37310489, -1.6837389 ,
         1.38145165],
       [ 0.05186572,  0.44805181, -0.07614997, -2.19718367,  0.7602242 ,
        -0.18957073],
       [ 0.09803754,  0.8133782 , -0.07192398, -1.73296851,  0.47445342,
        -0.44804752],
       [ 0.3610797 ,  0.1535474 , -0.28515248, -1.59606693,  1.16049105,
        -0.57544491]]), array([[-0.41351801, -1.12628821,  2.75966315, -1.07069577, -0.11073692,
        -0.62461993],
       [-0.16327005, -1.22698228,  0.95040344, -0.42213522, -0.36776247,
        -1.07200067],
       [-0.02746912,  1.19237811, -2.96385749,  0.6555312 ,  0.9294934 ,
         0.73521096],
       [-0.13993433, -0.54755834,  2.41358938, -0.45118481, -1.05335575,
        -1.10152441],
       [-0.88743652, -0.87574531,  3.45563717, -0.73823934, -0.37516631,
        -0.6488673 ],
       [-0.51061364, -1.00168457,  3.5215396 , -0.96436881, -0.85372209,
        -0.23419258]]), array([[-3.45683743, -2.21214683,  5.44289192, -3.04644728, -4.04608277,
        -4.34250734]])] 
 0.5, 
 1e-09, 
 1000