error: 2.005024223634744e-08 
 weigths: [array([[ 0.9182601 ,  1.30325922, -0.30916606,  1.20804375,  1.43836243,
        -0.78788043],
       [ 0.91139659,  0.4158536 ,  0.19748062,  0.85049071,  0.45257783,
        -0.04801029],
       [ 1.21840246,  1.18657432, -0.34112991,  1.09295581,  2.12819023,
        -1.56264676],
       [ 1.19454714,  0.58282702,  0.0414873 ,  1.51792705,  1.58043815,
        -1.0347256 ],
       [-1.57656681, -5.07106994,  3.37660704, -0.47484075, -3.81304439,
         3.75852257],
       [-0.26383919,  0.05021476,  0.23482876,  1.18406469,  0.62276437,
         0.18185009]]), array([[  1.15412666,  -0.25340484,   2.13551171,   1.25480449,
        -11.82536032,  -0.666646  ],
       [  0.71504757,   0.1600162 ,   0.99497941,   0.36311366,
         -6.88678646,  -0.06197375],
       [  0.85812383,   0.57202414,   0.38822994,   1.04551889,
         -1.00336473,   0.89501242],
       [  0.0620985 ,   0.37559944,   0.23386384,   0.8310664 ,
         -3.99528399,  -0.19846564],
       [  0.91613972,   0.76942701,   1.16977682,   0.71461686,
          0.2750794 ,   0.9658019 ],
       [  0.65691722,   0.09670557,   0.52478262,   0.48969894,
         -5.03681959,  -0.11827472]]), array([[-5.90480721, -2.68979067,  0.68853075, -0.93642981,  1.32182342,
        -1.78386867],
       [-3.2762079 , -2.35534042, -0.80206871, -1.20363634, -0.38906473,
        -1.6944502 ],
       [-7.25943798, -3.41867115,  1.6586056 , -1.53483243,  2.89184779,
        -1.86636615],
       [-3.73488929, -1.77807837, -0.95627449, -1.14312235, -0.63318467,
        -1.63399232],
       [-3.91122346, -1.99435728, -1.08285639, -1.58081886,  0.26619556,
        -1.6957736 ],
       [-2.48639571, -2.05337245, -1.45647725, -0.91990446, -1.26405122,
        -1.64665036]]), array([[-3.96648125, -1.81222681, -5.16765552, -2.48599263, -2.69677487,
        -1.90914299]])] 
 0.5, 
 1e-09, 
 1000