error: 4.733128638910158e-05 
 weigths: [array([[-0.69433715, -2.34071585,  0.91917178, -0.63056572, -1.7485416 ,
         0.81478028],
       [ 1.73985626,  1.97258456, -2.05431804,  2.94904352,  3.4779279 ,
        -3.96545261],
       [ 1.78861677,  1.38648858, -1.74044045,  3.24247801,  3.81948507,
        -4.04684123],
       [ 1.18915532,  1.41915775, -1.12962258,  2.6591604 ,  2.67259043,
        -2.76642805],
       [-0.85474852, -1.57799166,  0.16740349, -0.4305851 , -0.74125133,
         0.50818664],
       [ 2.33284319,  1.0577234 ,  2.71119672,  1.8157412 ,  1.42963421,
         2.16878735]]), array([[-1.07863053,  1.17880947,  0.781918  ,  0.64886473, -0.78800978,
        -1.30545068],
       [-2.18657318,  1.12338074,  1.15738948,  0.97732258, -1.59645685,
        -1.61436603],
       [-2.30080831,  1.1435772 ,  0.96708078,  0.60990996, -1.01488069,
        -1.28055424],
       [-3.19938274,  1.84185977,  1.46684297,  0.96910895, -2.47692418,
        -2.03698609],
       [-4.71010102,  2.44678681,  2.7907634 ,  1.22339416, -3.38302052,
        -3.28270452],
       [-2.98322343,  1.45992947,  1.75832226,  0.46199167, -2.04627174,
        -1.71321152]]), array([[-0.46869198, -1.15689028, -0.48765379, -1.37370059, -3.07517166,
        -1.49859632],
       [-0.19065593, -0.71673219, -0.94448226, -2.02908999, -2.58249999,
        -1.4997906 ],
       [-0.33548655, -0.65810833, -1.28135694, -1.40132158, -3.08033331,
        -1.37372907],
       [-0.95904887, -1.31661661, -0.7520352 , -1.52116831, -2.30930999,
        -1.51328815],
       [-0.6173921 , -1.0324537 , -0.73328536, -1.70049118, -2.87227593,
        -1.21953257],
       [-0.22678063, -1.35231857, -0.65770636, -1.75367534, -2.78403883,
        -1.33617889]]), array([[-3.70153631, -3.00116968, -4.03152148, -3.47789828, -3.86321806,
        -3.78326297]])] 
 0.5, 
 1e-09, 
 1000