error: 8.432344943864368e-10 
 weigths: [array([[ 0.76842333,  1.55802148, -1.01821509,  1.80046043,  1.91061663,
        -2.21299572],
       [-0.96787901, -0.76426195,  0.22343939,  0.22391581, -1.57192289,
         0.06387015],
       [ 0.60150361,  1.34846803, -1.0133715 ,  2.19340918,  2.23506941,
        -2.29269645],
       [-0.94835021, -1.79479252,  0.15614595, -0.67225523, -1.3458812 ,
         0.65495081],
       [ 0.79423599,  2.11303649, -1.43003576,  1.63028019,  2.08284707,
        -2.4634621 ],
       [ 0.73818339, -0.88316583,  0.75625615,  0.20152242,  0.07589392,
         0.55916015]]), array([[ 5.40292511e-01, -1.08060602e+00,  2.91670431e-01,
        -1.02976376e+00,  7.86238051e-01, -6.53107228e-01],
       [ 5.57941612e-01, -1.16921937e+00,  1.04865408e+00,
        -3.40724898e+00,  8.95208073e-01, -1.44651488e+00],
       [ 9.76781252e-01, -2.82842455e+00,  1.08135130e+00,
        -4.10908236e+00,  1.55281157e+00, -1.96320417e+00],
       [ 7.61693425e-01, -1.76883157e+00,  8.26557955e-01,
        -3.06573553e+00,  6.64889946e-01, -9.82848458e-01],
       [ 7.47197034e-01, -6.53329916e-01,  1.70043159e-04,
        -9.98569481e-01,  2.96452418e-01, -2.54092751e-01],
       [-5.24271785e-01,  1.08758526e+00, -8.55588056e-01,
         2.62244214e+00, -5.50844545e-01,  5.98782417e-01]]), array([[ 0.04810382, -0.89888094, -2.17065697, -0.92125644,  0.25138547,
         1.64080404],
       [-0.03644511, -0.72674409, -1.41393337, -1.326775  , -0.01688907,
         0.81636768],
       [ 0.05982   , -1.14182543, -1.84813732, -1.01385606, -0.08315435,
         2.44072785],
       [ 0.06953369, -1.32669673, -1.29001528, -1.16632418, -0.34360158,
         2.19803617],
       [ 0.70620112,  1.14621661,  1.32557879,  0.54540561,  0.03924892,
        -0.99004391],
       [-0.92408111, -0.69007183, -1.23479933, -0.84258079, -0.23364994,
         1.08716252]]), array([[-4.35959805, -3.13455373, -4.88521982, -4.84071894,  5.26777076,
        -4.72927072]])] 
 0.5, 
 1e-09, 
 1000