error: 9.732823372358522e-10 
 weigths: [array([[ 0.1791057 ,  0.85818561,  0.36471265,  0.75291433,  0.78626903,
        -0.67878548],
       [ 0.6592903 ,  0.99503196, -0.40296904,  1.15207658,  1.76849636,
        -1.40535433],
       [ 0.66640901,  0.78359085, -0.05541703,  0.9051727 ,  0.48188421,
        -0.67909778],
       [-0.56103514,  0.53381954, -0.45142163,  0.30431826, -0.84231568,
        -0.31882925],
       [ 0.389022  ,  0.87049603, -0.31050371,  2.57955098,  1.66336315,
        -1.58076804],
       [-0.93573341, -1.98509546,  0.76261585, -2.00699003, -2.08785451,
         1.78401413]]), array([[ 0.09013518,  0.58280119, -0.22632204, -0.04434441,  0.97298491,
        -2.32843543],
       [-0.2146114 , -1.07299161, -0.08145436,  1.33520161, -1.49247716,
         7.23967233],
       [ 0.81321665,  1.02564098,  1.13310178,  0.84417232,  0.9927949 ,
         1.30365549],
       [ 0.36356689,  0.57055277,  0.14435531, -0.62410963,  0.69439771,
        -2.66162372],
       [ 0.01012433,  0.53656848,  0.60405219, -0.35740714,  0.48846404,
        -1.80283423],
       [-0.16539666,  0.54123656,  0.24956868, -0.36353894,  0.92380684,
        -1.26989693]]), array([[-0.68389231,  1.37355267, -0.20423826, -0.79826052, -0.92290227,
        -0.32624689],
       [-0.33143264,  0.91237736, -0.12640147, -1.16219967, -1.11306448,
        -0.29992141],
       [-0.75817751,  2.74293891,  0.72101947, -1.22444583, -0.94618379,
        -0.83842478],
       [-1.446021  ,  4.41330656,  0.63080964, -0.78871956, -0.87423423,
        -0.9989673 ],
       [ 0.91721295, -3.37031507, -0.97395422,  1.63827952,  1.19961071,
         0.73265227],
       [-1.39469907,  4.35421502,  1.07348629, -1.30486035, -1.01519261,
        -0.97408926]]), array([[-1.84064009, -1.62195535, -2.85325376, -3.90916688,  5.48678192,
        -4.0921881 ]])] 
 0.5, 
 1e-09, 
 1000