error: 9.874277604886738e-10 
 weigths: [array([[-0.55695736, -0.65727367,  0.14465416, -0.49290801, -0.49463163,
        -0.29276516],
       [ 0.28353426,  1.23790495, -0.310045  ,  1.0063564 ,  0.2338641 ,
        -0.27718698],
       [ 0.37593426,  0.90988359, -0.05400727,  0.79780261,  1.00485689,
        -0.57935204],
       [-1.09953834, -2.51164905,  1.12694499, -1.12541223, -3.14435965,
         2.55942393],
       [ 0.69265699,  1.67246634, -0.54063128,  2.53392919,  1.71599924,
        -1.78240645],
       [ 0.41189745,  0.99577641,  0.2380689 ,  1.11601183,  0.7178075 ,
        -0.64205611]]), array([[-4.08047008e-01,  2.77413398e-01,  2.71935064e-02,
        -3.42959664e+00,  6.01023858e-01,  1.35734988e-01],
       [-7.10992758e-01, -1.80670114e-01,  3.60068419e-01,
        -5.23511631e+00,  1.31788071e+00, -8.93486156e-04],
       [-1.42389758e+00,  2.05418160e-02,  2.61140943e-01,
        -6.68854659e+00,  1.53292776e+00,  2.31258933e-01],
       [ 1.84007591e+00,  1.73868288e+00,  1.42172462e+00,
         1.56163410e+00,  1.58121646e+00,  1.72602719e+00],
       [-6.59598163e-01,  5.66380822e-01,  3.17911597e-01,
        -2.74620837e+00,  2.52068581e-01, -5.52543957e-02],
       [-9.49480195e-01, -2.42774322e-01, -1.10848893e-01,
        -4.59217282e+00,  1.18279746e+00,  6.98094541e-01]]), array([[-0.3994278 , -0.1805529 , -0.89960896, -0.83618304, -0.46690691,
        -0.48841579],
       [-1.69765826, -2.87079044, -3.35905037,  5.8247815 , -1.03823477,
        -2.26876191],
       [ 0.51522214,  1.05245039,  1.81714612, -1.70353941,  0.80922165,
         1.12180146],
       [-0.72308004, -1.5736192 , -2.23163986,  2.7337858 , -0.58647823,
        -1.28149423],
       [-0.7601159 , -0.51490501, -0.88243697,  0.79781576, -0.57831261,
        -1.27006265],
       [-0.45878189, -0.35506382, -1.05326732, -0.06746112, -0.64403904,
        -0.52568369]]), array([[-1.23888357, -6.50505914,  5.0153712 , -3.89868357, -2.27478995,
        -1.4848636 ]])] 
 0.5, 
 1e-09, 
 1000