weigths: [array([[-1.02060966,  1.926843  , -2.92687785, -0.15941049, -1.930502  ,
        -1.70027853],
       [-0.76689993,  2.73522078, -2.92146154, -0.57179009, -2.68907769,
        -1.72156617],
       [-0.80693037,  2.73728951, -2.98726294, -0.60735494, -2.79141778,
        -1.71211967],
       [-1.67507301, -1.54526269, -2.18882905,  1.51161864,  0.61005294,
        -1.33988883],
       [-1.09157115,  0.99830317, -2.39967233,  0.22687046, -1.6006804 ,
        -1.41376549],
       [ 0.63039333,  0.38247084, -0.72798063,  1.77754146,  6.29540003,
        -1.92789703]]), array([[-2.3128382 , -2.3696088 , -2.69303632, -4.17601788, -3.25653207,
         1.00029   ],
       [ 0.46488406,  2.08059593,  1.12894522,  5.60253571,  3.76614803,
        -1.47986315],
       [-2.32436751, -3.19864746, -3.48939684, -6.4122544 , -4.07184451,
         2.31349566],
       [-2.05706979, -1.73848438, -1.87576024, -2.78052937, -2.26788264,
        -0.06315239],
       [-1.65315706, -2.11250054, -2.35934302, -3.64188829, -2.92103442,
         0.28862783],
       [-3.81535276, -4.53836093, -3.42898033, -6.28393773, -5.1508152 ,
         3.22487382]]), array([[-1.88808795,  2.11875589, -2.24998565, -1.13776497, -1.14225405,
        -2.4143442 ],
       [-1.66868618,  1.91435838, -1.75913934, -1.1603062 , -1.44488447,
        -2.64664594],
       [-1.02967324,  1.7209353 , -2.15761727, -0.53063   , -1.4005761 ,
        -2.95769248],
       [-1.5937604 ,  1.89778239, -2.33117836, -1.1203392 , -0.9825707 ,
        -2.38508875],
       [ 1.60680635, -2.99217964,  2.49132679,  1.10426786,  1.13766085,
         3.25926667],
       [-1.46218962,  2.73314524, -2.51375908, -0.59764099, -1.29225168,
        -3.19166793]]), array([[-5.35238576, -5.41961173, -5.21532536, -4.77070032,  9.90608802,
        -5.77668875]])] 
 0.5, 
 1e-19, 
 10000