weigths: [array([[0.94696097, 0.88714379, 0.21401464, 0.54070449, 0.00875132,
        0.29324249],
       [0.54374597, 0.24738062, 0.66545591, 0.58496872, 0.11186562,
        0.25400168],
       [0.86841154, 0.58211582, 0.54367593, 0.75526486, 0.08507262,
        0.06331743],
       [0.54497528, 0.37938298, 0.73197332, 0.95603547, 0.67154773,
        0.5899599 ],
       [0.07330692, 0.83704889, 0.73888404, 0.30294192, 0.13338657,
        0.04350738],
       [0.02867197, 0.63567379, 0.9134675 , 0.49702834, 0.67881662,
        0.12162482]]), array([[0.78144809, 0.87535382, 0.1006328 , 0.80758131, 0.32092236,
        0.47243549],
       [0.25813586, 0.17134823, 0.10569558, 0.16572016, 0.62006269,
        0.18884937],
       [0.23236548, 0.6396645 , 0.23139009, 0.29819451, 0.61492003,
        0.42486223],
       [0.28373161, 0.39354603, 0.09755898, 0.96876159, 0.06198706,
        0.45731101],
       [0.28010067, 0.44863052, 0.70479503, 0.76276081, 0.59576883,
        0.93658708],
       [0.69984298, 0.49893371, 0.04948549, 0.40949915, 0.3019614 ,
        0.14038924]]), array([[0.96800027, 0.35683027, 0.03555849, 0.7282629 , 0.99097084,
        0.98902873],
       [0.42348338, 0.30791504, 0.30376447, 0.00359424, 0.42092807,
        0.38013664],
       [0.70597417, 0.97607703, 0.12032024, 0.99982354, 0.91950584,
        0.57989814],
       [0.07889631, 0.74360432, 0.53776533, 0.34867048, 0.18901395,
        0.9496558 ],
       [0.74646057, 0.80940698, 0.23942091, 0.78396044, 0.86328884,
        0.38605748],
       [0.98071297, 0.97817406, 0.00728124, 0.19274802, 0.51643449,
        0.1341449 ]]), array([[0.3399566 , 0.49651513, 0.74766488, 0.15717403, 0.86381668,
        0.96249258],
       [0.84393958, 0.78847232, 0.33490397, 0.24574016, 0.01836548,
        0.31717909],
       [0.88311336, 0.07671781, 0.92010788, 0.93573265, 0.56022904,
        0.42932698],
       [0.14986997, 0.96828954, 0.3415592 , 0.06522846, 0.9805032 ,
        0.01585065],
       [0.71664146, 0.42726995, 0.59423039, 0.56519233, 0.55853759,
        0.87882245],
       [0.26395694, 0.71316516, 0.31170552, 0.05084474, 0.5260082 ,
        0.26806083]]), array([[0.26200956, 0.69511307, 0.72768666, 0.48944024, 0.72004821,
        0.32124405],
       [0.51154927, 0.6134934 , 0.25236161, 0.29478963, 0.89421353,
        0.01270772],
       [0.46475611, 0.53817948, 0.3427384 , 0.10569267, 0.16843063,
        0.89299167],
       [0.17697843, 0.81941615, 0.93670931, 0.76816898, 0.46211381,
        0.44352825],
       [0.37606439, 0.81509806, 0.87244641, 0.04044304, 0.45658288,
        0.14472654],
       [0.8761004 , 0.173208  , 0.29639278, 0.93868581, 0.15734852,
        0.11236276]]), array([[0.63734777, 0.32013986, 0.43383259, 0.85112828, 0.5946341 ,
        0.87997938],
       [0.4040601 , 0.55570171, 0.04433624, 0.05823266, 0.33742064,
        0.54256456],
       [0.15652976, 0.2358011 , 0.25787888, 0.24553695, 0.32820815,
        0.92520918],
       [0.70230297, 0.62365107, 0.21073381, 0.679411  , 0.73001991,
        0.25396195],
       [0.54406807, 0.56855605, 0.55192374, 0.36577875, 0.80822096,
        0.05149884],
       [0.54135882, 0.03950796, 0.61452342, 0.46861432, 0.41638007,
        0.1528386 ]]), array([[0.42942876, 0.82555602, 0.62943488, 0.34347013, 0.55729615,
        0.21142239],
       [0.0868094 , 0.57545032, 0.92143602, 0.30367275, 0.92630674,
        0.46003538],
       [0.21920207, 0.39813602, 0.18084348, 0.57464665, 0.18332693,
        0.75190456],
       [0.1933654 , 0.00918122, 0.02704044, 0.86921924, 0.11079314,
        0.63290099],
       [0.56407056, 0.34541834, 0.80716893, 0.44164204, 0.89818455,
        0.00140726],
       [0.00721965, 0.63540711, 0.50794282, 0.5932271 , 0.91176863,
        0.25251325]]), array([[0.44439825, 0.95501017, 0.54452363, 0.51226371, 0.86460189,
        0.01828647],
       [0.55275677, 0.71995642, 0.08768615, 0.34247423, 0.50691755,
        0.45484168],
       [0.75051116, 0.79657957, 0.82070269, 0.65538161, 0.60748854,
        0.0357089 ],
       [0.96417268, 0.69894693, 0.63338722, 0.9476408 , 0.45168995,
        0.35397779],
       [0.87615548, 0.49438301, 0.8666149 , 0.12975371, 0.81816778,
        0.56380172],
       [0.07554829, 0.18820476, 0.08918799, 0.10900154, 0.08060664,
        0.77167934]]), array([[0.74261586, 0.53291954, 0.77653242, 0.48712237, 0.52971714,
        0.32293647],
       [0.28989308, 0.69775629, 0.65194177, 0.59048681, 0.92246317,
        0.63614877],
       [0.22875272, 0.85778226, 0.80257635, 0.71470027, 0.79100032,
        0.60705077],
       [0.58377465, 0.67156579, 0.44309828, 0.38921539, 0.84921957,
        0.6773632 ],
       [0.10394305, 0.87469917, 0.40376333, 0.13569179, 0.51499528,
        0.28069938],
       [0.57904889, 0.19493025, 0.26715698, 0.37042331, 0.9952734 ,
        0.97602216]]), array([[0.52961208, 0.87663304, 0.3882808 , 0.36865992, 0.6560913 ,
        0.38655286],
       [0.47571266, 0.34701623, 0.89239486, 0.96053221, 0.11843403,
        0.3331372 ],
       [0.11165943, 0.02762302, 0.60721578, 0.34666353, 0.44732029,
        0.67987945],
       [0.79454059, 0.99088056, 0.96357539, 0.30635586, 0.65395114,
        0.17496505],
       [0.53366679, 0.57111495, 0.35325455, 0.03359097, 0.4969472 ,
        0.48232919],
       [0.64594972, 0.86103514, 0.09951154, 0.51126153, 0.73991451,
        0.80561204]]), array([[0.05076573, 0.96463608, 0.36208932, 0.7443522 , 0.50825021,
        0.99528653],
       [0.64710948, 0.20658952, 0.58431008, 0.02984757, 0.98814355,
        0.26073248],
       [0.81628672, 0.2513885 , 0.75840785, 0.00185885, 0.63142317,
        0.79464613],
       [0.59412157, 0.13796822, 0.63321525, 0.20378087, 0.14901014,
        0.92835576],
       [0.4777593 , 0.21118657, 0.44849009, 0.7348743 , 0.99867269,
        0.24996671],
       [0.18686644, 0.87707936, 0.45658055, 0.60649884, 0.04261619,
        0.31816875]]), array([[0.6717584 , 0.8210388 , 0.41696256, 0.43859908, 0.86342693,
        0.47520073],
       [0.39936164, 0.55368648, 0.95922355, 0.22581439, 0.09402956,
        0.36274289],
       [0.83962024, 0.77523207, 0.80563656, 0.16638821, 0.19070906,
        0.67376337],
       [0.51811673, 0.25748237, 0.42010495, 0.38049895, 0.07288681,
        0.23895516],
       [0.67390653, 0.643424  , 0.64745501, 0.1849426 , 0.20230168,
        0.60510387],
       [0.21842811, 0.42601302, 0.94056619, 0.3689281 , 0.01185378,
        0.33785694]]), array([[0.94902477, 0.66992933, 0.60095132, 0.49557749, 0.66151839,
        0.32455996],
       [0.80774996, 0.16591552, 0.80139295, 0.57720324, 0.76259206,
        0.8083705 ],
       [0.70470194, 0.51748103, 0.26201143, 0.73770079, 0.80736199,
        0.68873531],
       [0.20473183, 0.3368141 , 0.26330556, 0.91244429, 0.25445719,
        0.03655123],
       [0.91131401, 0.59761672, 0.17351701, 0.47091145, 0.33454836,
        0.19730549],
       [0.46209277, 0.99689395, 0.40267378, 0.52562579, 0.37132516,
        0.89507951]]), array([[0.3888988 , 0.4401261 , 0.35816463, 0.74386166, 0.44934839,
        0.72132912],
       [0.67580818, 0.44484786, 0.3569792 , 0.42761222, 0.87551414,
        0.16809135],
       [0.81497416, 0.55301422, 0.98320156, 0.92835168, 0.55449213,
        0.59518   ],
       [0.9765391 , 0.31869453, 0.23979352, 0.7728797 , 0.19093619,
        0.63315463],
       [0.80439067, 0.61818854, 0.29698495, 0.85051707, 0.22193987,
        0.73249018],
       [0.14299433, 0.9399723 , 0.62448286, 0.10690089, 0.69868659,
        0.54895523]]), array([[0.8198504 , 0.84270529, 0.96780866, 0.01724642, 0.94253503,
        0.77046138],
       [0.78491008, 0.12174381, 0.8797632 , 0.42724805, 0.06443499,
        0.4967277 ],
       [0.39561451, 0.0711086 , 0.15947536, 0.36095572, 0.93429003,
        0.32994425],
       [0.1050117 , 0.33884012, 0.00390242, 0.82229567, 0.95871791,
        0.3858433 ],
       [0.94786608, 0.18013944, 0.85906515, 0.15386413, 0.72845212,
        0.03382895],
       [0.40159394, 0.65376115, 0.13505548, 0.06012905, 0.55982754,
        0.7594413 ]]), array([[0.12320379, 0.93929445, 0.10045661, 0.56826679, 0.84542989,
        0.69098115],
       [0.99572251, 0.30331268, 0.45959766, 0.19144446, 0.88060969,
        0.6840716 ],
       [0.14230941, 0.74324358, 0.20081555, 0.15052292, 0.70025596,
        0.34761682],
       [0.10827508, 0.51092387, 0.61896587, 0.24659873, 0.03869643,
        0.68405503],
       [0.30121821, 0.24217672, 0.80818393, 0.6588258 , 0.71869607,
        0.0557913 ],
       [0.21034174, 0.27404005, 0.38774826, 0.91989908, 0.60208412,
        0.61576734]]), array([[0.6718003 , 0.82220327, 0.75483873, 0.99100997, 0.06930093,
        0.74247064],
       [0.60613789, 0.74711989, 0.02589306, 0.66354296, 0.20502091,
        0.52194973],
       [0.62336801, 0.52313192, 0.64022523, 0.06123407, 0.04447727,
        0.09220757],
       [0.31632291, 0.05470307, 0.99409445, 0.74603349, 0.29483517,
        0.6078932 ],
       [0.11575585, 0.17258064, 0.45613738, 0.33790418, 0.42554507,
        0.34887041],
       [0.87122705, 0.23634414, 0.66224315, 0.35040621, 0.39814995,
        0.48840752]]), array([[0.3180424 , 0.35189279, 0.68908501, 0.5816836 , 0.10209005,
        0.84129129],
       [0.75978927, 0.0304898 , 0.17433613, 0.33016706, 0.9022633 ,
        0.87731998],
       [0.60657486, 0.93655195, 0.35036398, 0.3285981 , 0.72576574,
        0.52574323],
       [0.81340011, 0.12318597, 0.45295406, 0.11467031, 0.15532987,
        0.55635537],
       [0.33044589, 0.53548665, 0.32584693, 0.48099925, 0.74504808,
        0.47388757],
       [0.60408746, 0.06694161, 0.03419197, 0.82408866, 0.61497778,
        0.87541569]]), array([[0.78957388, 0.49301678, 0.92913329, 0.6613444 , 0.47568882,
        0.39948494],
       [0.38870383, 0.85860786, 0.48693641, 0.14292108, 0.12169262,
        0.26806012],
       [0.16497088, 0.23671007, 0.6579845 , 0.76195072, 0.48715188,
        0.37691556],
       [0.92877691, 0.70455798, 0.23067498, 0.78665384, 0.11976854,
        0.47998753],
       [0.44633119, 0.85736577, 0.33752985, 0.20456234, 0.8996213 ,
        0.18408053],
       [0.1179916 , 0.79236884, 0.34788827, 0.89215726, 0.50383515,
        0.67356806]]), array([[0.84427158, 0.77843075, 0.62112177, 0.11320029, 0.93461814,
        0.43521283],
       [0.86151815, 0.16264281, 0.18118137, 0.30437451, 0.64889698,
        0.1788975 ],
       [0.02104324, 0.14557134, 0.18200398, 0.96532983, 0.16305227,
        0.20434457],
       [0.62484776, 0.5441739 , 0.69494165, 0.92007898, 0.60197999,
        0.49869075],
       [0.12305784, 0.18544293, 0.12236848, 0.23884081, 0.23962544,
        0.49390293],
       [0.00944204, 0.81342705, 0.3468209 , 0.29796174, 0.96501636,
        0.63736097]]), array([[0.69020232, 0.33123134, 0.41696138, 0.83314808, 0.26183677,
        0.6203868 ],
       [0.11008845, 0.66056995, 0.13315557, 0.78235299, 0.02944148,
        0.17427954],
       [0.47986998, 0.95150653, 0.18281399, 0.53001305, 0.99541637,
        0.15738296],
       [0.58621952, 0.42355027, 0.543834  , 0.39628797, 0.88950474,
        0.62306805],
       [0.06879104, 0.01256054, 0.90049223, 0.52031158, 0.38245265,
        0.02464253],
       [0.54778261, 0.29395217, 0.04872737, 0.1188387 , 0.7455277 ,
        0.43431219]]), array([[0.39042874, 0.2243392 , 0.57579517, 0.86560866, 0.75251118,
        0.69494661],
       [0.4645108 , 0.17339707, 0.21813344, 0.71204538, 0.10686019,
        0.44070575],
       [0.79914016, 0.36686677, 0.07975205, 0.48714689, 0.36407606,
        0.83196692],
       [0.50681942, 0.79720908, 0.33117363, 0.90725686, 0.38250511,
        0.22431561],
       [0.81883515, 0.0269707 , 0.06501892, 0.13364874, 0.28124217,
        0.75903792],
       [0.80119563, 0.53628662, 0.2984535 , 0.66449334, 0.80196646,
        0.54173921]]), array([[0.90246898, 0.61337051, 0.70751697, 0.06756461, 0.63381714,
        0.85055582],
       [0.03967487, 0.01243121, 0.96888265, 0.16152935, 0.3988781 ,
        0.24728215],
       [0.66909545, 0.74104904, 0.80446592, 0.80424785, 0.18884483,
        0.84055368],
       [0.93429854, 0.27170646, 0.2150742 , 0.13897715, 0.44135122,
        0.43262837],
       [0.08386995, 0.14017715, 0.07489721, 0.97904026, 0.29930536,
        0.14570747],
       [0.23553828, 0.22713022, 0.13453758, 0.51414491, 0.79763104,
        0.22181657]]), array([[0.33329838, 0.27459501, 0.39812999, 0.9286933 , 0.25430457,
        0.35452704],
       [0.29902823, 0.92106733, 0.24818387, 0.81073758, 0.8423483 ,
        0.46475155],
       [0.99557864, 0.97961218, 0.7037208 , 0.71892625, 0.47786002,
        0.01962167],
       [0.29274126, 0.29716914, 0.54331479, 0.09291845, 0.92608595,
        0.39993928],
       [0.50733588, 0.53438179, 0.8333266 , 0.89555657, 0.88847623,
        0.27416748],
       [0.98691293, 0.50876129, 0.91051333, 0.58121386, 0.33695985,
        0.66960531]]), array([[0.03515245, 0.62147493, 0.74608885, 0.18074478, 0.81182535,
        0.73732336],
       [0.76904167, 0.54351496, 0.91951399, 0.05744055, 0.75583678,
        0.49785891],
       [0.29022503, 0.05268769, 0.90071321, 0.53227547, 0.34552756,
        0.72295717],
       [0.2760281 , 0.08442953, 0.00871489, 0.55086242, 0.8606186 ,
        0.75885345],
       [0.13136898, 0.63970216, 0.63797372, 0.1098317 , 0.62915628,
        0.23729693],
       [0.54439074, 0.05847812, 0.14800986, 0.44890396, 0.81471298,
        0.04158618]]), array([[7.04459612e-01, 3.74336949e-01, 4.62487908e-01, 3.94229766e-01,
        3.14527571e-01, 7.47529819e-01],
       [4.82002772e-01, 9.76046013e-04, 5.09408215e-01, 3.75776077e-01,
        8.94832762e-01, 6.44733405e-01],
       [9.04130103e-02, 1.22257968e-01, 9.44112288e-01, 9.06072433e-01,
        2.31585437e-01, 9.20991092e-02],
       [4.75368045e-01, 4.33995122e-01, 4.68768226e-01, 3.55377283e-01,
        5.01483855e-02, 9.95789762e-01],
       [7.25965786e-01, 7.57541871e-01, 7.53150678e-01, 1.38306410e-02,
        7.27370534e-01, 5.82662432e-01],
       [5.21194810e-01, 4.67184554e-01, 8.23783806e-01, 6.46089130e-01,
        1.86020380e-01, 2.88249402e-01]]), array([[9.60473741e-01, 3.89008015e-01, 3.67973765e-01, 4.31150843e-01,
        2.80289219e-01, 4.95379040e-01],
       [6.11247305e-01, 3.07748254e-01, 4.98552691e-01, 5.20264231e-01,
        4.79180348e-01, 9.58862193e-01],
       [8.88599394e-01, 8.53039184e-01, 2.76429167e-01, 8.27098579e-01,
        6.01299184e-01, 8.72905645e-01],
       [1.08859712e-01, 8.59182457e-01, 3.60172117e-01, 5.77162293e-01,
        4.13923261e-01, 1.90027880e-01],
       [1.49694239e-01, 4.57781477e-01, 4.97377978e-01, 4.69876295e-04,
        9.41111594e-01, 3.29349900e-01],
       [6.13199310e-01, 6.52676709e-01, 2.21876825e-01, 7.63736829e-01,
        2.15509750e-01, 6.89867987e-01]]), array([[0.69185174, 0.01434683, 0.13373604, 0.30571085, 0.48989559,
        0.68129537],
       [0.76491746, 0.36227877, 0.74286782, 0.47483485, 0.51499346,
        0.61380269],
       [0.64770018, 0.25253743, 0.2974407 , 0.67174443, 0.25082998,
        0.6607496 ],
       [0.76032906, 0.83574212, 0.68906834, 0.61488283, 0.67009979,
        0.81893763],
       [0.02712332, 0.0918843 , 0.47459148, 0.97272547, 0.45405599,
        0.11241629],
       [0.73048934, 0.9036703 , 0.51223126, 0.8106502 , 0.74157581,
        0.64902044]]), array([[0.97468784, 0.82025883, 0.02215535, 0.2511699 , 0.95514889,
        0.90743232],
       [0.6538933 , 0.65234562, 0.47876679, 0.38028212, 0.40135777,
        0.4032221 ],
       [0.146879  , 0.72410654, 0.97570502, 0.69005821, 0.33726933,
        0.06651333],
       [0.37498363, 0.09696908, 0.86592349, 0.36057567, 0.6937508 ,
        0.98555757],
       [0.95086296, 0.42712503, 0.95578977, 0.33855743, 0.93474103,
        0.70397474],
       [0.72410396, 0.38512384, 0.23951083, 0.49421739, 0.43590159,
        0.56200781]]), array([[0.76061796, 0.62280221, 0.12194461, 0.88457827, 0.33843657,
        0.84812019],
       [0.38578644, 0.69741205, 0.11537029, 0.62670862, 0.88810692,
        0.47160403],
       [0.52142549, 0.17460618, 0.11442868, 0.78155093, 0.92240039,
        0.3279569 ],
       [0.44386651, 0.31204565, 0.83780045, 0.44201327, 0.40086993,
        0.72616177],
       [0.25187397, 0.19114547, 0.8125402 , 0.4460297 , 0.49628863,
        0.37467973],
       [0.82862804, 0.41533974, 0.63603387, 0.46435956, 0.91055093,
        0.49321556]]), array([[0.4908378 , 0.46653669, 0.43970058, 0.36693464, 0.16571338,
        0.01668718],
       [0.40943579, 0.29798821, 0.07092395, 0.09463918, 0.71402994,
        0.65884166],
       [0.74779431, 0.91098026, 0.72448784, 0.45255277, 0.88820256,
        0.17275222],
       [0.80153908, 0.38947783, 0.92740967, 0.44289844, 0.06678279,
        0.99756034],
       [0.11656824, 0.70705313, 0.47997428, 0.91631329, 0.06609228,
        0.30279303],
       [0.54493639, 0.66058042, 0.31623805, 0.70549475, 0.72512746,
        0.21407022]]), array([[0.46591243, 0.45101622, 0.06603857, 0.60278531, 0.06969767,
        0.46474509],
       [0.61251178, 0.14864176, 0.45265071, 0.82283085, 0.38182277,
        0.84926693],
       [0.27351661, 0.8861576 , 0.45421089, 0.17241039, 0.2525951 ,
        0.34430505],
       [0.69225984, 0.15684346, 0.81196167, 0.73451862, 0.54010067,
        0.024306  ],
       [0.56879651, 0.78267824, 0.71898937, 0.8287994 , 0.86493189,
        0.0525352 ],
       [0.83663927, 0.45542632, 0.36647016, 0.45017195, 0.59400082,
        0.14158779]]), array([[0.85650158, 0.44245109, 0.6774283 , 0.80715265, 0.63042245,
        0.21418512],
       [0.3724026 , 0.98779393, 0.8537937 , 0.58791884, 0.36730232,
        0.41301684],
       [0.40344968, 0.12096729, 0.97543255, 0.22847799, 0.93360267,
        0.67990157],
       [0.67640414, 0.96798784, 0.91097884, 0.44827203, 0.30018755,
        0.79385265],
       [0.37057771, 0.38854879, 0.62055977, 0.58225738, 0.83907659,
        0.90962472],
       [0.64757924, 0.24164675, 0.49714284, 0.80024533, 0.71170811,
        0.10748526]]), array([[0.25165122, 0.42967478, 0.25997509, 0.93360717, 0.18607414,
        0.63609381],
       [0.35472773, 0.60291424, 0.71386249, 0.05417117, 0.62212096,
        0.12302549],
       [0.88674504, 0.29446939, 0.48517853, 0.41369154, 0.56268592,
        0.73447957],
       [0.62017029, 0.17876615, 0.72738022, 0.42181989, 0.81115279,
        0.2076965 ],
       [0.09350189, 0.42269342, 0.43059677, 0.73260441, 0.66177454,
        0.02260027],
       [0.6306401 , 0.15562544, 0.01379149, 0.04009698, 0.40908012,
        0.53224554]]), array([[0.26592611, 0.40467115, 0.01610681, 0.67368753, 0.32546952,
        0.7577538 ],
       [0.87598748, 0.28684273, 0.13606159, 0.06678475, 0.44769288,
        0.84683451],
       [0.96522637, 0.66673937, 0.7642481 , 0.34599638, 0.36690372,
        0.67660462],
       [0.22402789, 0.15276709, 0.3939821 , 0.08711354, 0.27255377,
        0.19918137],
       [0.67782545, 0.60130814, 0.59696573, 0.84911824, 0.40535864,
        0.21640072],
       [0.19095928, 0.86407953, 0.96824382, 0.10203068, 0.93230081,
        0.74489623]]), array([[0.90992415, 0.93959537, 0.04507234, 0.33452398, 0.33455469,
        0.00586825],
       [0.37982486, 0.09281859, 0.1637384 , 0.7292955 , 0.31621994,
        0.79270368],
       [0.56146437, 0.59826001, 0.08753469, 0.50185788, 0.55619918,
        0.38903785],
       [0.72494718, 0.24009505, 0.79940702, 0.65779331, 0.27074345,
        0.68813819],
       [0.24370898, 0.59155117, 0.58945288, 0.62036692, 0.53610852,
        0.69512559],
       [0.89844461, 0.7750457 , 0.35341817, 0.99630039, 0.91093441,
        0.37038313]]), array([[0.46338207, 0.00646378, 0.80036509, 0.04636299, 0.32287955,
        0.54333642],
       [0.18958385, 0.22122882, 0.52971969, 0.48872619, 0.04488571,
        0.26020203],
       [0.85725555, 0.0193763 , 0.4061547 , 0.12958077, 0.40692579,
        0.77121351],
       [0.87716992, 0.93792793, 0.94044404, 0.94997995, 0.66832427,
        0.82512616],
       [0.47858243, 0.80232584, 0.68404761, 0.39397387, 0.7389255 ,
        0.19292875],
       [0.48357324, 0.17480354, 0.5853559 , 0.09588112, 0.66243125,
        0.23186999]]), array([[0.17783391, 0.64364026, 0.75953938, 0.60062897, 0.7658691 ,
        0.30717391],
       [0.8786614 , 0.70945364, 0.19617439, 0.36851914, 0.39096839,
        0.01119755],
       [0.76213234, 0.56871774, 0.63592473, 0.01538933, 0.04801148,
        0.14933918],
       [0.52964198, 0.19898085, 0.86015411, 0.34162521, 0.81762605,
        0.85409924],
       [0.22290385, 0.42442714, 0.88215772, 0.0296883 , 0.7190667 ,
        0.66358895],
       [0.39663787, 0.23336363, 0.46261683, 0.17425986, 0.4056424 ,
        0.15029672]]), array([[0.53949899, 0.07918145, 0.62387039, 0.32923233, 0.88302584,
        0.96537366],
       [0.92785078, 0.59852735, 0.30392037, 0.46029095, 0.7459587 ,
        0.85293102],
       [0.73537184, 0.83334618, 0.96413698, 0.15145514, 0.78601735,
        0.52383789],
       [0.72836974, 0.6153192 , 0.68020446, 0.87780667, 0.46141286,
        0.88729151],
       [0.99976687, 0.0216064 , 0.73003957, 0.34677438, 0.32700837,
        0.48505563],
       [0.06415639, 0.15208018, 0.43224849, 0.03907223, 0.66067888,
        0.09705695]]), array([[0.76162562, 0.56611319, 0.98112071, 0.1964696 , 0.83350639,
        0.76910447],
       [0.53354605, 0.34487637, 0.1720179 , 0.14382702, 0.40477982,
        0.21186296],
       [0.03559657, 0.63361616, 0.66909476, 0.86597227, 0.20691624,
        0.94954315],
       [0.7114401 , 0.14749456, 0.68716669, 0.96444142, 0.81159364,
        0.18617066],
       [0.23326234, 0.42330916, 0.91469709, 0.12526876, 0.80097116,
        0.26380562],
       [0.83380153, 0.81103609, 0.48096761, 0.60202657, 0.59572304,
        0.61708291]]), array([[0.27028047, 0.05940349, 0.12155324, 0.58475583, 0.15733273,
        0.1320359 ],
       [0.78888163, 0.40791414, 0.80590677, 0.1348693 , 0.2246052 ,
        0.88804374],
       [0.18843391, 0.45270417, 0.22658324, 0.91268234, 0.31170763,
        0.8882588 ],
       [0.91351228, 0.41980815, 0.92351097, 0.60520152, 0.13874248,
        0.21489675],
       [0.99701765, 0.24039288, 0.33574328, 0.05452249, 0.27688936,
        0.07387504],
       [0.91417839, 0.23312198, 0.45326077, 0.36981135, 0.38842035,
        0.00910165]]), array([[0.82999943, 0.61174035, 0.13459597, 0.3691755 , 0.50834013,
        0.22772119],
       [0.69732782, 0.14964927, 0.29867401, 0.83588189, 0.38513161,
        0.1421285 ],
       [0.07347932, 0.8188632 , 0.81430389, 0.14230364, 0.80248909,
        0.45837917],
       [0.80753274, 0.26722009, 0.47691609, 0.32213441, 0.47882047,
        0.75511146],
       [0.76121796, 0.10222855, 0.93779849, 0.28440421, 0.07393693,
        0.37011168],
       [0.70235376, 0.85368191, 0.00971279, 0.22447351, 0.62712937,
        0.47793938]]), array([[0.82850701, 0.3173573 , 0.52114378, 0.05480199, 0.24503584,
        0.28785847],
       [0.98464197, 0.00423023, 0.63050088, 0.79868634, 0.13152988,
        0.33342996],
       [0.09804531, 0.03754306, 0.26309491, 0.55890194, 0.11589807,
        0.92450804],
       [0.01637006, 0.9447408 , 0.95110915, 0.73705979, 0.61521141,
        0.79226057],
       [0.94710046, 0.43916731, 0.16219142, 0.82884803, 0.53247519,
        0.35111101],
       [0.66306408, 0.57646379, 0.59639238, 0.55452603, 0.0693902 ,
        0.57190189]]), array([[0.38512423, 0.48122791, 0.35743294, 0.98379626, 0.91729324,
        0.61877095],
       [0.75193818, 0.63664553, 0.23267575, 0.53271965, 0.13239255,
        0.86227475],
       [0.67201675, 0.17988493, 0.21400548, 0.15479408, 0.40290766,
        0.0924931 ],
       [0.64096365, 0.39369427, 0.60146941, 0.94790071, 0.54664284,
        0.6248437 ],
       [0.27235377, 0.1948891 , 0.13264682, 0.39887045, 0.77131281,
        0.25567955],
       [0.44033249, 0.07100869, 0.67188105, 0.15265515, 0.87487541,
        0.68789305]]), array([[0.31045949, 0.58079711, 0.73012812, 0.07369258, 0.98892167,
        0.71683631],
       [0.38856927, 0.85373404, 0.14906455, 0.24586221, 0.61159383,
        0.01746745],
       [0.56907702, 0.29808358, 0.62200135, 0.06116821, 0.06385992,
        0.66715326],
       [0.65052572, 0.08995079, 0.8853751 , 0.26144759, 0.92413297,
        0.30806535],
       [0.63471901, 0.77470716, 0.91660543, 0.58700179, 0.30905791,
        0.80983502],
       [0.59718489, 0.73218342, 0.56824235, 0.1142392 , 0.45410244,
        0.81261119]]), array([[0.67075994, 0.0990078 , 0.61166227, 0.34041369, 0.82519131,
        0.47559772],
       [0.75466476, 0.14832161, 0.01058262, 0.14216725, 0.09206684,
        0.03153284],
       [0.35041026, 0.77335148, 0.7760662 , 0.58768215, 0.67402793,
        0.20648798],
       [0.90283583, 0.08266181, 0.63537529, 0.16139848, 0.37005286,
        0.87066048],
       [0.14307538, 0.00452597, 0.28335752, 0.57414695, 0.46412999,
        0.13286071],
       [0.76124562, 0.53717791, 0.68652046, 0.30646586, 0.1524545 ,
        0.23647145]]), array([[0.00619484, 0.21390183, 0.21946202, 0.02953722, 0.46575016,
        0.33946231],
       [0.04491301, 0.34281728, 0.16760708, 0.63681589, 0.17819483,
        0.60959638],
       [0.63826755, 0.24059169, 0.42559613, 0.68462307, 0.40660133,
        0.13606212],
       [0.01857188, 0.01257532, 0.42156163, 0.45598349, 0.86111932,
        0.81732564],
       [0.21717102, 0.66312333, 0.10901827, 0.71107802, 0.21695226,
        0.73016188],
       [0.19728498, 0.62869232, 0.46586144, 0.74478289, 0.73687587,
        0.06705903]]), array([[0.91480975, 0.43556423, 0.5568561 , 0.67396821, 0.41106008,
        0.85939331],
       [0.87758174, 0.46269472, 0.16925658, 0.4093772 , 0.81416869,
        0.65498253],
       [0.9637481 , 0.04685154, 0.02960333, 0.52566621, 0.07167821,
        0.18798518],
       [0.94213713, 0.25550292, 0.94316118, 0.78259094, 0.98744289,
        0.621814  ],
       [0.3517822 , 0.63828251, 0.84318143, 0.33449665, 0.65145801,
        0.12334805],
       [0.41523982, 0.53730255, 0.63102297, 0.6131731 , 0.2543528 ,
        0.72373051]]), array([[0.69933107, 0.96692239, 0.87550654, 0.67115643, 0.28079763,
        0.50459418],
       [0.780407  , 0.97130325, 0.58423458, 0.30909892, 0.59274052,
        0.46108174],
       [0.41289351, 0.40105648, 0.5174059 , 0.53081507, 0.66611167,
        0.02648496],
       [0.00928385, 0.56283495, 0.28157063, 0.62069391, 0.67353704,
        0.7483496 ],
       [0.12525835, 0.97242544, 0.30964778, 0.29494856, 0.99807057,
        0.84092461],
       [0.27495986, 0.20105662, 0.86950637, 0.59896661, 0.20083654,
        0.2000262 ]]), array([[0.10877958, 0.66392825, 0.48630633, 0.84095538, 0.43926286,
        0.33713965],
       [0.76861374, 0.60459184, 0.12376537, 0.70665988, 0.10326919,
        0.61186226],
       [0.42779214, 0.41580675, 0.04670086, 0.96337322, 0.9863082 ,
        0.10016294],
       [0.58412053, 0.84410561, 0.61774048, 0.27169858, 0.6391297 ,
        0.01812714],
       [0.50765822, 0.99031875, 0.3260985 , 0.21606481, 0.83039114,
        0.43535215],
       [0.42452103, 0.72465293, 0.24092105, 0.38722902, 0.22062361,
        0.92974954]]), array([[0.32647924, 0.20405439, 0.35162256, 0.91917655, 0.75735963,
        0.28355927],
       [0.97961004, 0.60280263, 0.64873104, 0.94174906, 0.49906897,
        0.51911795],
       [0.78518323, 0.11482955, 0.55858776, 0.03890105, 0.22517395,
        0.76550278],
       [0.92009659, 0.12014   , 0.36409459, 0.96293188, 0.30860942,
        0.97710257],
       [0.17935859, 0.1573252 , 0.76235896, 0.60173336, 0.87059603,
        0.91203488],
       [0.01931973, 0.64919365, 0.99664364, 0.87759152, 0.84322765,
        0.47381053]]), array([[0.08696635, 0.16140707, 0.69419645, 0.96760945, 0.36862119,
        0.64574005],
       [0.42792076, 0.95340553, 0.08616149, 0.23101925, 0.10722341,
        0.49412532],
       [0.55624486, 0.582662  , 0.73850773, 0.80883536, 0.97127054,
        0.80991755],
       [0.82950499, 0.00313109, 0.40762702, 0.20823902, 0.84279593,
        0.44089747],
       [0.16343655, 0.79081917, 0.84208055, 0.87824779, 0.25210696,
        0.42697072],
       [0.54706312, 0.22082233, 0.8109476 , 0.34293436, 0.63534454,
        0.37306956]]), array([[0.19680496, 0.94914643, 0.75326837, 0.07924395, 0.97236351,
        0.15629424],
       [0.7467994 , 0.63905157, 0.39613698, 0.43573763, 0.51565907,
        0.93091902],
       [0.59107148, 0.58676842, 0.38925652, 0.36303307, 0.14812411,
        0.70297641],
       [0.76574771, 0.6623705 , 0.96565801, 0.90962968, 0.6158667 ,
        0.27936761],
       [0.01720476, 0.42568485, 0.20582058, 0.35155218, 0.92069163,
        0.44675326],
       [0.7652929 , 0.57321486, 0.15656403, 0.89371526, 0.13635758,
        0.98806771]]), array([[0.58093721, 0.24951964, 0.05949809, 0.42671813, 0.39900559,
        0.90326665],
       [0.91411847, 0.89127546, 0.14423178, 0.39465914, 0.3475501 ,
        0.94023869],
       [0.20786083, 0.26890265, 0.24621583, 0.46959635, 0.08539283,
        0.86200106],
       [0.81699548, 0.96145588, 0.4106291 , 0.3109872 , 0.25440911,
        0.48112253],
       [0.78950722, 0.88642635, 0.48577758, 0.93805197, 0.10270814,
        0.57549956],
       [0.69367642, 0.17464617, 0.26302234, 0.41677332, 0.84385538,
        0.31661044]]), array([[0.29274077, 0.48026155, 0.29350039, 0.43226732, 0.26895228,
        0.29821361],
       [0.90009877, 0.26765427, 0.85925016, 0.52550374, 0.53312485,
        0.45651381],
       [0.8924616 , 0.5325543 , 0.63347395, 0.15246499, 0.87753251,
        0.17838316],
       [0.19353204, 0.0350504 , 0.26889571, 0.59694168, 0.57446205,
        0.39564504],
       [0.66683306, 0.23327591, 0.37428664, 0.65127184, 0.59161379,
        0.6196129 ],
       [0.35983784, 0.86312742, 0.04076494, 0.40933498, 0.14604449,
        0.66740498]]), array([[0.64835036, 0.63039746, 0.47328716, 0.67571955, 0.85911065,
        0.04557102],
       [0.79722492, 0.75076564, 0.74222877, 0.03819075, 0.68351256,
        0.34248388],
       [0.69241531, 0.62844905, 0.53792775, 0.87797229, 0.38941791,
        0.62779513],
       [0.78867778, 0.94955881, 0.02245188, 0.03738091, 0.85472453,
        0.26969974],
       [0.17510768, 0.36738132, 0.71450954, 0.14746155, 0.19948298,
        0.34912593],
       [0.35725957, 0.16390586, 0.00621025, 0.58156606, 0.66953153,
        0.72996141]]), array([[9.05116154e-01, 8.77977516e-01, 8.18316746e-01, 8.05289545e-01,
        7.57223932e-01, 2.15588736e-01],
       [1.15673378e-01, 3.70405841e-01, 4.46324088e-01, 8.39209570e-01,
        9.22114126e-01, 6.52784432e-01],
       [8.41747154e-01, 7.80840293e-01, 6.20068489e-01, 4.59610137e-01,
        6.60997615e-01, 9.59273105e-04],
       [2.53602652e-01, 7.00307939e-01, 5.92426312e-01, 3.18416911e-01,
        5.83771401e-01, 2.97532180e-01],
       [9.98426464e-01, 1.25942747e-01, 6.27080571e-01, 9.33442510e-02,
        3.85380037e-01, 8.19443006e-01],
       [9.83715573e-01, 7.02441043e-01, 8.46211800e-01, 5.61581837e-01,
        1.38361251e-01, 3.19944941e-01]]), array([[0.96556741, 0.07457725, 0.84050861, 0.90098057, 0.19825861,
        0.58428759],
       [0.74485449, 0.16338109, 0.30940831, 0.77141966, 0.25775444,
        0.0918219 ],
       [0.60234095, 0.60744864, 0.83912563, 0.76344655, 0.4894225 ,
        0.02823095],
       [0.47784069, 0.61562943, 0.56246651, 0.84211685, 0.5902315 ,
        0.97849742],
       [0.85453176, 0.36421528, 0.22105449, 0.94472701, 0.48005842,
        0.3379664 ],
       [0.90918995, 0.62033623, 0.20903755, 0.23153601, 0.45801053,
        0.35129222]]), array([[0.05721692, 0.70495244, 0.06520009, 0.76320194, 0.87414632,
        0.80748249],
       [0.7598926 , 0.93933477, 0.44350245, 0.31716376, 0.02373717,
        0.04618008],
       [0.92258092, 0.10968702, 0.36845464, 0.2295991 , 0.83454029,
        0.3724643 ],
       [0.8922104 , 0.38449975, 0.88950676, 0.83639664, 0.00907456,
        0.80378464],
       [0.24965012, 0.22343469, 0.11805539, 0.82095701, 0.30993996,
        0.69779302],
       [0.74407122, 0.89854569, 0.78460155, 0.84142013, 0.82927144,
        0.526424  ]]), array([[0.39810243, 0.09899147, 0.83361174, 0.6751454 , 0.11291235,
        0.34024183],
       [0.81471688, 0.84554479, 0.26903448, 0.9008611 , 0.85556505,
        0.47479136],
       [0.1623464 , 0.89517703, 0.70851373, 0.27583849, 0.14151416,
        0.16648533],
       [0.01872413, 0.7306598 , 0.07424234, 0.89531332, 0.83032721,
        0.64244307],
       [0.44821689, 0.34317817, 0.67569147, 0.25077174, 0.47118809,
        0.78153198],
       [0.10501304, 0.25031423, 0.62672898, 0.43336712, 0.98633003,
        0.26489335]]), array([[0.37779124, 0.01120277, 0.33275318, 0.59639329, 0.84276498,
        0.59277655],
       [0.18252596, 0.54945165, 0.80933023, 0.29502446, 0.12710793,
        0.13904559],
       [0.66030495, 0.83870776, 0.7603442 , 0.41698323, 0.05163238,
        0.21638781],
       [0.61437623, 0.58228136, 0.99695811, 0.86085598, 0.90568066,
        0.99837657],
       [0.43366466, 0.18176646, 0.08575533, 0.24091223, 0.15225815,
        0.29903972],
       [0.85659643, 0.84363187, 0.48057829, 0.50254214, 0.30358255,
        0.43047856]]), array([[0.52869829, 0.07353889, 0.65237594, 0.44326448, 0.55936681,
        0.94723235],
       [0.39616344, 0.73024338, 0.47977706, 0.26383623, 0.31925648,
        0.48733432],
       [0.83954465, 0.24211338, 0.18045738, 0.6422006 , 0.9734435 ,
        0.74431588],
       [0.19530149, 0.93357085, 0.02117781, 0.9129598 , 0.53688986,
        0.10233398],
       [0.01188569, 0.26974893, 0.10238274, 0.06487499, 0.06794955,
        0.04615853],
       [0.04700444, 0.24706785, 0.75196323, 0.07634937, 0.51000819,
        0.20833426]]), array([[0.199694  , 0.45395751, 0.97346267, 0.93876521, 0.95295993,
        0.61115219],
       [0.16456848, 0.63860431, 0.7017545 , 0.63494757, 0.4065551 ,
        0.48614751],
       [0.55016361, 0.77863397, 0.74142397, 0.48704095, 0.72632639,
        0.23964652],
       [0.74824551, 0.04571872, 0.18407497, 0.23693451, 0.23688043,
        0.61871999],
       [0.06562525, 0.98512827, 0.77936089, 0.47079171, 0.2696535 ,
        0.40024209],
       [0.15810052, 0.42889435, 0.49965452, 0.66560354, 0.65604555,
        0.44079114]]), array([[0.12829488, 0.09458747, 0.79287021, 0.67627328, 0.1094306 ,
        0.95769768],
       [0.473641  , 0.06402776, 0.35704823, 0.07274841, 0.94901291,
        0.08115303],
       [0.56127987, 0.80687586, 0.87554692, 0.26842234, 0.0048674 ,
        0.66510857],
       [0.05558353, 0.95988889, 0.22253774, 0.15584459, 0.793235  ,
        0.66410275],
       [0.26910747, 0.70077174, 0.20282171, 0.77267046, 0.43398747,
        0.17865829],
       [0.26671286, 0.57122828, 0.36505616, 0.94572735, 0.36892597,
        0.98910117]]), array([[0.39828082, 0.04522606, 0.34842009, 0.42511514, 0.773226  ,
        0.95855157],
       [0.81994858, 0.94524365, 0.03661978, 0.84205178, 0.18522885,
        0.51320394],
       [0.58711428, 0.28977909, 0.82364867, 0.61757032, 0.15238202,
        0.19475522],
       [0.81811093, 0.34777364, 0.72938394, 0.03022592, 0.58542523,
        0.35826382],
       [0.03895811, 0.65712265, 0.19604673, 0.29373846, 0.27584369,
        0.1578862 ],
       [0.92276488, 0.22499168, 0.4342207 , 0.76184872, 0.58290207,
        0.48406277]]), array([[0.37933016, 0.28171279, 0.77115754, 0.20338468, 0.72601564,
        0.75682038],
       [0.59047696, 0.04746923, 0.82341365, 0.86761787, 0.05819494,
        0.12965956],
       [0.05530267, 0.66310935, 0.89782215, 0.60513251, 0.93939195,
        0.11133608],
       [0.34014113, 0.00719055, 0.01541873, 0.01205936, 0.64454046,
        0.51229341],
       [0.44410871, 0.87199041, 0.04902718, 0.35974976, 0.26368324,
        0.1944479 ],
       [0.78972073, 0.4246425 , 0.70880465, 0.96361027, 0.11360497,
        0.34042264]]), array([[0.23036186, 0.34152191, 0.9041221 , 0.11295243, 0.1476017 ,
        0.15465549],
       [0.83422825, 0.19561859, 0.21691896, 0.56199401, 0.02410767,
        0.48210688],
       [0.81949343, 0.39208979, 0.08830953, 0.59180506, 0.93765396,
        0.41990609],
       [0.1578908 , 0.36759098, 0.43593711, 0.14892644, 0.92971529,
        0.84330077],
       [0.67369908, 0.9028376 , 0.99805825, 0.87833069, 0.81093705,
        0.90928916],
       [0.73393851, 0.83124447, 0.56679319, 0.37299501, 0.26235638,
        0.40413303]]), array([[0.40433258, 0.45440726, 0.61997267, 0.512149  , 0.79491245,
        0.19877747],
       [0.68807198, 0.69291871, 0.97175388, 0.10842361, 0.99757326,
        0.4810812 ],
       [0.70954331, 0.56558118, 0.19699212, 0.4896599 , 0.26171425,
        0.19165934],
       [0.36068095, 0.22675564, 0.40823785, 0.22491065, 0.72419663,
        0.4711678 ],
       [0.90188298, 0.3160145 , 0.05448394, 0.95399085, 0.3840631 ,
        0.61078501],
       [0.35788116, 0.49070568, 0.92394258, 0.56653315, 0.12871257,
        0.98687844]]), array([[0.80773895, 0.11752989, 0.87590461, 0.84510967, 0.14340014,
        0.82745147],
       [0.86593281, 0.74561508, 0.94370214, 0.879551  , 0.70722952,
        0.03379667],
       [0.66447126, 0.44273828, 0.28945551, 0.83686105, 0.96285158,
        0.14171042],
       [0.12089768, 0.47255535, 0.22279875, 0.61655806, 0.91867646,
        0.4993275 ],
       [0.78823128, 0.83310732, 0.10803698, 0.45347445, 0.81368634,
        0.66604407],
       [0.49351048, 0.65626855, 0.48852769, 0.90601365, 0.17760401,
        0.70601679]]), array([[0.67719735, 0.73902546, 0.52494864, 0.28451314, 0.29829351,
        0.39456345],
       [0.47794214, 0.82321859, 0.41065058, 0.67070281, 0.40030559,
        0.03541699],
       [0.77235966, 0.87154533, 0.73794078, 0.27455617, 0.70788691,
        0.34759242],
       [0.05227881, 0.13535769, 0.08017014, 0.23096414, 0.65574526,
        0.50737173],
       [0.46933087, 0.20147177, 0.54499881, 0.61903435, 0.64752698,
        0.7778872 ],
       [0.73074469, 0.42393446, 0.12215332, 0.52213612, 0.95398847,
        0.08225339]]), array([[0.64777335, 0.78714869, 0.25254539, 0.58484968, 0.95689258,
        0.51684002],
       [0.56979152, 0.30179456, 0.80751533, 0.41847886, 0.4870574 ,
        0.04693117],
       [0.02669309, 0.74795056, 0.50534042, 0.58952206, 0.18788621,
        0.0981467 ],
       [0.26626105, 0.04416199, 0.99053516, 0.80422753, 0.21082221,
        0.79896972],
       [0.09739775, 0.1039484 , 0.07365316, 0.83323618, 0.47484525,
        0.03697884],
       [0.38188243, 0.97230929, 0.62226801, 0.65213155, 0.41817267,
        0.2278241 ]]), array([[0.54443439, 0.15914413, 0.62470256, 0.78197992, 0.35743815,
        0.82105856],
       [0.73264341, 0.542971  , 0.43615342, 0.67357244, 0.46808327,
        0.08493981],
       [0.59484841, 0.09086706, 0.65300578, 0.05503479, 0.89873244,
        0.21870303],
       [0.31965809, 0.32477422, 0.06461737, 0.14686437, 0.24250807,
        0.99114156],
       [0.64496262, 0.16679079, 0.75653527, 0.78835828, 0.81147835,
        0.11657226],
       [0.34397772, 0.3435471 , 0.98604159, 0.24447057, 0.34259791,
        0.933897  ]]), array([[0.73209613, 0.86973927, 0.07028116, 0.31953297, 0.65544942,
        0.37376545],
       [0.16925744, 0.9008452 , 0.63278125, 0.43523725, 0.41283011,
        0.88549841],
       [0.02519714, 0.92018582, 0.72880908, 0.61701189, 0.36728974,
        0.66238075],
       [0.20443442, 0.7049221 , 0.07776753, 0.11546472, 0.23552486,
        0.1076001 ],
       [0.62747375, 0.54803323, 0.5449359 , 0.76261758, 0.78006798,
        0.77667366],
       [0.7384423 , 0.43853453, 0.50050524, 0.17797683, 0.39126876,
        0.91325322]]), array([[0.25117143, 0.14170557, 0.10913777, 0.39939311, 0.09588318,
        0.10656403],
       [0.9250419 , 0.35701507, 0.67664495, 0.85114901, 0.05690961,
        0.43073863],
       [0.19452454, 0.80449727, 0.9782134 , 0.66586884, 0.64006534,
        0.16627868],
       [0.36663827, 0.36306579, 0.05234773, 0.02561919, 0.41003548,
        0.375015  ],
       [0.98234408, 0.22011788, 0.05150224, 0.05111954, 0.01750149,
        0.06746842],
       [0.44301076, 0.85894623, 0.50785701, 0.93881217, 0.72214204,
        0.52581743]]), array([[0.02862867, 0.41672719, 0.86241042, 0.13353274, 0.29335831,
        0.94462217],
       [0.41362304, 0.81118078, 0.72683186, 0.94150281, 0.33006844,
        0.65093508],
       [0.34563055, 0.65363671, 0.22872975, 0.89666626, 0.2074523 ,
        0.27596831],
       [0.44544245, 0.37778565, 0.23036254, 0.61022495, 0.57175286,
        0.52707353],
       [0.82504285, 0.95333495, 0.36242671, 0.16349717, 0.2183485 ,
        0.92532158],
       [0.82873884, 0.29885347, 0.92460802, 0.98068434, 0.3812487 ,
        0.8472045 ]]), array([[0.68755844, 0.4586069 , 0.59100167, 0.3625231 , 0.55180179,
        0.78337688],
       [0.02481848, 0.41461439, 0.98170423, 0.1889328 , 0.48929114,
        0.6223856 ],
       [0.44422936, 0.60250081, 0.14507449, 0.22499329, 0.76089858,
        0.71117551],
       [0.10435216, 0.61846214, 0.49357055, 0.31076217, 0.34251891,
        0.35381299],
       [0.84713412, 0.07202226, 0.7533786 , 0.1992141 , 0.18726646,
        0.95574452],
       [0.25568727, 0.58974243, 0.14249761, 0.70293181, 0.49163939,
        0.69110027]]), array([[0.47980764, 0.04559805, 0.91063309, 0.51041578, 0.22525409,
        0.37740672],
       [0.59936993, 0.35271262, 0.5690226 , 0.65126136, 0.81887449,
        0.81645797],
       [0.86837964, 0.73954196, 0.69210248, 0.38471434, 0.47198206,
        0.34432418],
       [0.02574203, 0.44588777, 0.52844579, 0.8722801 , 0.34553646,
        0.64116355],
       [0.46767819, 0.0713896 , 0.17086046, 0.44836134, 0.63304028,
        0.00595054],
       [0.96557164, 0.36220021, 0.94148664, 0.41512151, 0.35537303,
        0.22495049]]), array([[0.51435965, 0.79101315, 0.0782571 , 0.51684551, 0.80840722,
        0.66235707],
       [0.35108215, 0.96391487, 0.26386605, 0.78212724, 0.07928815,
        0.12237314],
       [0.82964395, 0.23293661, 0.18656037, 0.62868494, 0.07167878,
        0.04569485],
       [0.67253612, 0.61246422, 0.28010823, 0.12446781, 0.39569195,
        0.95314119],
       [0.20140654, 0.71736632, 0.42205874, 0.39391774, 0.99160572,
        0.46240123],
       [0.88100581, 0.0268321 , 0.15318223, 0.95739101, 0.19912693,
        0.43295433]]), array([[0.40233788, 0.8408365 , 0.06383722, 0.72612895, 0.63490973,
        0.81217807],
       [0.1226336 , 0.16254893, 0.72293135, 0.67433436, 0.59395585,
        0.78130888],
       [0.66409204, 0.00544932, 0.91956193, 0.46443214, 0.34002514,
        0.63651977],
       [0.07134166, 0.59199332, 0.73975956, 0.94619277, 0.93146002,
        0.80968419],
       [0.35059583, 0.96071066, 0.78148906, 0.70908669, 0.69323042,
        0.90807545],
       [0.30544897, 0.44993137, 0.97068803, 0.30469873, 0.5533636 ,
        0.06269594]]), array([[0.44823231, 0.84637837, 0.39979462, 0.20544305, 0.1826318 ,
        0.28225286],
       [0.15409299, 0.42427594, 0.47424125, 0.54534796, 0.41284199,
        0.9622061 ],
       [0.33394458, 0.08340616, 0.95128243, 0.87603963, 0.65374593,
        0.38388021],
       [0.45285796, 0.68024947, 0.30740197, 0.45343089, 0.33949246,
        0.68682505],
       [0.75598454, 0.15904482, 0.93470468, 0.70657992, 0.58282627,
        0.57701463],
       [0.03318998, 0.83107375, 0.67776087, 0.34877934, 0.86957726,
        0.52797012]]), array([[0.46860475, 0.21854789, 0.53733319, 0.7832574 , 0.64739895,
        0.73553879],
       [0.48823653, 0.22670763, 0.20424175, 0.64355377, 0.33365616,
        0.30068999],
       [0.61732095, 0.02320763, 0.06426057, 0.75266393, 0.87657897,
        0.37997827],
       [0.26737414, 0.96542166, 0.15501497, 0.88692643, 0.32249143,
        0.58760129],
       [0.53915298, 0.91882498, 0.03954327, 0.07158979, 0.40022174,
        0.69593202],
       [0.94484149, 0.57789893, 0.67138924, 0.35708032, 0.8949272 ,
        0.04106369]]), array([[0.4771241 , 0.38284875, 0.06664829, 0.0179789 , 0.15141277,
        0.69744313],
       [0.49080109, 0.36815543, 0.46734365, 0.22412779, 0.1254955 ,
        0.72133925],
       [0.03886405, 0.07041731, 0.67673707, 0.2954688 , 0.04037303,
        0.44134216],
       [0.10537637, 0.10584575, 0.41280161, 0.21999192, 0.95914043,
        0.95834245],
       [0.70947354, 0.3306192 , 0.57627258, 0.38374657, 0.4986377 ,
        0.30563963],
       [0.53308853, 0.98838271, 0.97219981, 0.87668554, 0.01238861,
        0.91348343]]), array([[0.91044824, 0.09751257, 0.82316267, 0.41503697, 0.63225766,
        0.95873339],
       [0.5812884 , 0.25800665, 0.24223348, 0.82201694, 0.54756295,
        0.07166796],
       [0.1081432 , 0.3853473 , 0.08240727, 0.02500688, 0.74123252,
        0.24119821],
       [0.23400829, 0.85036315, 0.91713717, 0.59045256, 0.29750485,
        0.28388332],
       [0.03143769, 0.07418763, 0.69855392, 0.98584445, 0.50032245,
        0.22334017],
       [0.34662142, 0.01870376, 0.29612126, 0.91948118, 0.5763156 ,
        0.37135104]]), array([[0.24588748, 0.543766  , 0.0772849 , 0.82529833, 0.93372356,
        0.38389375],
       [0.9224091 , 0.33135821, 0.15252212, 0.50690964, 0.73171739,
        0.88845343],
       [0.66203119, 0.29788242, 0.99254064, 0.17581551, 0.41031494,
        0.30086764],
       [0.97970481, 0.36676333, 0.45476037, 0.99781318, 0.56025131,
        0.10004628],
       [0.72650868, 0.26642878, 0.58725451, 0.63040889, 0.82354584,
        0.51822983],
       [0.87674195, 0.78540243, 0.61244129, 0.91366242, 0.62793635,
        0.59474464]]), array([[0.64928513, 0.2253486 , 0.50015215, 0.18065403, 0.60137616,
        0.95013947],
       [0.99710619, 0.02870804, 0.86192917, 0.71887414, 0.41907132,
        0.34516286],
       [0.40310959, 0.97092313, 0.1792585 , 0.91489688, 0.25357176,
        0.661427  ],
       [0.61918452, 0.97042048, 0.45596923, 0.89328573, 0.18998711,
        0.25881466],
       [0.03985784, 0.40899669, 0.70777812, 0.60741746, 0.78093887,
        0.66453541],
       [0.60321014, 0.2492766 , 0.05407984, 0.19856624, 0.39817117,
        0.80223083]]), array([[0.49623667, 0.11138096, 0.21886418, 0.73622341, 0.43553724,
        0.37149775],
       [0.06275561, 0.83933097, 0.77906567, 0.46783127, 0.28020964,
        0.22387284],
       [0.64682408, 0.43046539, 0.11186139, 0.51731401, 0.85743176,
        0.01121295],
       [0.90181749, 0.74791558, 0.02517048, 0.64681283, 0.71868162,
        0.77562607],
       [0.10591586, 0.51281489, 0.3399198 , 0.50298681, 0.69920143,
        0.36805565],
       [0.39556405, 0.46705122, 0.58202117, 0.80677986, 0.41211499,
        0.642583  ]]), array([[0.37434132, 0.09067432, 0.35111831, 0.97824413, 0.49404062,
        0.16174705],
       [0.45895185, 0.34050912, 0.62556877, 0.90275652, 0.53025677,
        0.19829674],
       [0.7804735 , 0.18228174, 0.6672354 , 0.08529898, 0.68590618,
        0.24813954],
       [0.41656606, 0.21816887, 0.59099459, 0.4342335 , 0.05414699,
        0.10667856],
       [0.25863655, 0.14752962, 0.14118946, 0.01559142, 0.2129733 ,
        0.5780185 ],
       [0.52876533, 0.25299088, 0.57998064, 0.29648113, 0.3676484 ,
        0.13232469]]), array([[0.84485579, 0.02884329, 0.81910346, 0.14915298, 0.65699738,
        0.19723989],
       [0.24194708, 0.44517148, 0.56396145, 0.96491667, 0.71878664,
        0.17911999],
       [0.9660184 , 0.21586471, 0.34582897, 0.22231367, 0.32782197,
        0.2369883 ],
       [0.70459084, 0.25441496, 0.93693309, 0.13084937, 0.47856047,
        0.17849674],
       [0.24384549, 0.01369287, 0.55373544, 0.13508491, 0.07202706,
        0.86744974],
       [0.32147823, 0.75196206, 0.52952904, 0.56066325, 0.37829992,
        0.85880799]]), array([[0.37507905, 0.74213275, 0.55537406, 0.49413183, 0.90445824,
        0.96522379],
       [0.6873806 , 0.5707623 , 0.90677199, 0.47852553, 0.71071119,
        0.87300715],
       [0.62967356, 0.27819494, 0.69731179, 0.62879501, 0.5480982 ,
        0.74484922],
       [0.81559024, 0.23624361, 0.01901017, 0.3046363 , 0.63849704,
        0.61919811],
       [0.90901461, 0.04134729, 0.95528432, 0.77054936, 0.40265843,
        0.23687306],
       [0.94447624, 0.54894616, 0.14869151, 0.38478854, 0.56145841,
        0.48516878]]), array([[0.88680098, 0.93081515, 0.30568404, 0.1440013 , 0.27868896,
        0.53888243],
       [0.12800093, 0.7322107 , 0.6161872 , 0.10092603, 0.53342615,
        0.67872091],
       [0.05359072, 0.77546977, 0.59204001, 0.42226826, 0.98043381,
        0.78837666],
       [0.44678993, 0.03063977, 0.58429269, 0.55094198, 0.62339663,
        0.40595415],
       [0.0719492 , 0.39633275, 0.02436011, 0.52814377, 0.67379679,
        0.49018676],
       [0.3936545 , 0.52787751, 0.54287298, 0.15960101, 0.8428456 ,
        0.04790276]]), array([[0.17501172, 0.79992169, 0.82146549, 0.42156856, 0.56261346,
        0.19105887],
       [0.03337841, 0.41671116, 0.55649027, 0.41316689, 0.73956457,
        0.22963522],
       [0.71466371, 0.54677491, 0.06209541, 0.45043713, 0.86487471,
        0.24985954],
       [0.22470756, 0.77753235, 0.66473117, 0.87987322, 0.42684089,
        0.21799002],
       [0.83141071, 0.52745509, 0.5775509 , 0.51886316, 0.54982142,
        0.07202947],
       [0.50075676, 0.81122792, 0.20703201, 0.96723958, 0.17451258,
        0.82895346]]), array([[0.3271172 , 0.86379521, 0.61951676, 0.53160764, 0.67561799,
        0.60184751],
       [0.3257898 , 0.86031628, 0.88972042, 0.47517476, 0.01760426,
        0.13552917],
       [0.30943385, 0.55473682, 0.75474081, 0.122509  , 0.57222942,
        0.47211245],
       [0.67401262, 0.09855034, 0.17944071, 0.98599944, 0.0898837 ,
        0.8462117 ],
       [0.99925516, 0.44456478, 0.19508602, 0.91436158, 0.83732413,
        0.60046325],
       [0.70505143, 0.5162796 , 0.97426556, 0.23350731, 0.73713523,
        0.87233952]]), array([[0.87228375, 0.08713947, 0.32939458, 0.42852922, 0.8599191 ,
        0.10384745],
       [0.75465315, 0.94983354, 0.03219471, 0.68699745, 0.61319537,
        0.5987295 ],
       [0.97339327, 0.5617357 , 0.37064902, 0.92235171, 0.36826007,
        0.12686395],
       [0.56770944, 0.56489134, 0.56177337, 0.33269238, 0.58226091,
        0.30623142],
       [0.63902965, 0.36010978, 0.85425679, 0.78595136, 0.68443451,
        0.66801964],
       [0.60792829, 0.67336313, 0.95159331, 0.46289499, 0.27283955,
        0.60457708]]), array([[0.82927563, 0.69890342, 0.9380992 , 0.29995093, 0.39124014,
        0.01751299],
       [0.14992186, 0.60105129, 0.48956137, 0.4579497 , 0.8420563 ,
        0.01712241],
       [0.13831084, 0.4129664 , 0.46506522, 0.50478628, 0.95527318,
        0.24062333],
       [0.60665435, 0.83375934, 0.97142856, 0.71573016, 0.85339215,
        0.99107732],
       [0.77711679, 0.3209121 , 0.7042707 , 0.08482871, 0.08436464,
        0.22105774],
       [0.68378891, 0.05847921, 0.31539415, 0.732506  , 0.22666159,
        0.77741173]]), array([[0.38146685, 0.6279631 , 0.79339559, 0.46253087, 0.48903553,
        0.60179794],
       [0.37563577, 0.28236125, 0.1020362 , 0.44322915, 0.92584765,
        0.79584163],
       [0.61616133, 0.33134385, 0.35773908, 0.81508577, 0.32474302,
        0.98379611],
       [0.45611622, 0.67248233, 0.82662363, 0.79746816, 0.0388822 ,
        0.00281261],
       [0.90187064, 0.13172483, 0.9059891 , 0.01566132, 0.32642551,
        0.28719979],
       [0.8414054 , 0.8732448 , 0.26420925, 0.42467393, 0.79343445,
        0.82365314]]), array([[0.67790025, 0.82554752, 0.04902515, 0.8414087 , 0.90904526,
        0.87365525],
       [0.7862688 , 0.55901437, 0.23266009, 0.13405862, 0.74383635,
        0.30589921],
       [0.16082961, 0.01345782, 0.64844321, 0.32961671, 0.10044548,
        0.3509039 ],
       [0.75768745, 0.01745294, 0.00968324, 0.46229517, 0.80375424,
        0.10944231],
       [0.63344879, 0.7188892 , 0.05666015, 0.82249002, 0.25128951,
        0.6567326 ],
       [0.02967892, 0.93297178, 0.33209539, 0.83379875, 0.15651956,
        0.56657743]]), array([[0.32050574, 0.04702588, 0.59006026, 0.63022437, 0.8555062 ,
        0.78708538],
       [0.86934666, 0.0721172 , 0.42261448, 0.88830797, 0.82321985,
        0.08454878],
       [0.02580963, 0.37404074, 0.43394229, 0.24661866, 0.58501925,
        0.91189577],
       [0.11159237, 0.04298418, 0.57801919, 0.99357101, 0.03139966,
        0.47304736],
       [0.62851637, 0.63871795, 0.74136664, 0.88255304, 0.77534894,
        0.17463098],
       [0.60661666, 0.71749409, 0.05443264, 0.15773205, 0.81100818,
        0.46761285]]), array([[0.44099168, 0.92891721, 0.4752904 , 0.47841102, 0.22398312,
        0.7643594 ],
       [0.43052486, 0.97014808, 0.48868458, 0.64045626, 0.52116196,
        0.35117421],
       [0.1955581 , 0.0758294 , 0.54877369, 0.2147932 , 0.47370693,
        0.97857413],
       [0.09219172, 0.06417736, 0.19880466, 0.30205851, 0.31667932,
        0.71032812],
       [0.60456203, 0.32309484, 0.9940265 , 0.05555978, 0.66949367,
        0.71064737],
       [0.56934365, 0.81440687, 0.84779761, 0.43570138, 0.04028848,
        0.1509013 ]]), array([[ 0.7069833 ,  0.31729268,  0.58617321,  0.8516956 ,  0.18096053,
         0.465512  ],
       [ 0.73163542,  0.48448364,  0.09082925,  0.63788696, -0.02822086,
         0.23040834],
       [-0.00721697,  0.80625378,  0.31975994,  0.76782929,  0.09832425,
         0.24064596],
       [ 0.55882565,  0.4003682 ,  0.45801896,  0.37469781,  0.52681195,
         0.46670068],
       [ 0.81463399,  0.29297981,  0.32766518,  0.11468494,  0.60027549,
         0.55627823],
       [ 0.6472807 ,  0.73684408,  0.78411399,  0.65987555,  0.11008306,
         0.73469727]]), array([[ 0.64523274,  0.82400907,  0.66211611,  0.81714083,  0.46391367,
         0.21568718],
       [-0.15919264, -0.31310161,  0.22593702, -0.22053826, -0.07489595,
         0.5359621 ],
       [-0.13642252,  0.38322939,  0.24016238, -0.3620832 , -0.05284234,
        -0.05868242],
       [ 0.73291655,  0.35303154, -0.05574237,  0.33748531,  0.08005903,
         0.82790646],
       [ 0.28513701,  0.65935572,  0.55539   ,  0.00484042, -0.19707898,
         0.57571579],
       [-0.4080874 ,  0.0420174 , -0.43896585,  0.33206673,  0.47401735,
        -0.00596454]]), array([[-1.14563181e-01,  5.78298792e-06, -2.82155249e-05,
        -1.96365142e-01,  3.22078617e-01,  1.65635944e-05]])] 
 0.5, 
 1e-19, 
 10000