error: 9.907045380179554e-10 
 weigths: [array([[ 2.06490664e-01,  6.35199430e-01,  1.51140590e-01,
         7.69206366e-01,  1.87413665e-01,  4.16808765e-01],
       [ 1.27962592e-01,  1.27966451e+00, -2.44223018e-01,
         6.65738773e-01,  4.74984558e-01,  1.13091755e-01],
       [-1.13785070e+00, -5.50893176e-01, -1.05167471e+00,
        -4.78740723e-01, -1.27585173e+00, -3.43592714e-01],
       [-8.84111565e-01,  3.56614997e-01, -1.15310062e+00,
        -9.84674869e-01, -1.01708789e+00,  9.72710055e-03],
       [ 8.29177943e-01,  2.07415274e+00,  5.46030796e-02,
         1.89656679e+00,  5.27574751e-01, -3.00180463e-03],
       [ 5.78348664e-01,  1.22929041e+00,  2.29059559e-01,
         1.23836892e+00,  5.73007018e-01,  1.25205512e-01],
       [-2.03819375e+00, -4.31251147e+00,  1.39184913e+00,
        -6.53434331e-01, -3.47950402e+00,  2.54366932e+00]]), array([[ 3.38416184e-01,  4.03643220e-01, -2.79205917e+00,
        -1.73781189e+00,  1.22559439e+00,  1.08225134e+00,
        -9.72477085e+00],
       [ 1.75610732e-01,  2.54995388e-01, -2.08579375e+00,
        -1.46857572e+00,  1.47405303e+00,  8.70462054e-01,
        -9.56983411e+00],
       [ 3.43042802e-01,  1.78708363e-01, -1.52793742e+00,
        -6.27566870e-01,  1.07203113e+00,  2.68795456e-01,
        -6.82716804e+00],
       [ 1.54439741e-01, -1.99957394e-01, -2.28066507e-01,
        -2.71015776e-01,  3.28329624e-01, -1.96343629e-03,
        -2.79814459e+00],
       [ 1.43782478e+00,  1.17789787e+00,  1.41442998e+00,
         1.43703436e+00,  1.35440640e+00,  1.36291951e+00,
         9.54594954e-01],
       [ 1.77455881e+00,  1.44499787e+00,  1.09310982e+00,
         1.58356585e+00,  1.67672316e+00,  1.38623813e+00,
         1.34916665e+00]]), array([[ 6.79094905,  6.46772319,  4.28834531,  1.24534981, -5.28078709,
        -6.73474455]])] 
 0.5, 
 1e-09, 
 1000