error: 9.982846340725505e-10 
 weigths: [array([[ 0.26242763,  0.2117162 ,  0.58232872,  0.88332072,  0.63881163,
         0.10474668],
       [-1.61339493, -0.94620564, -1.10328706, -0.16634587, -1.88927171,
        -0.24110059],
       [ 0.30780401,  0.96327095,  0.29372325,  1.08389084,  0.26486268,
         0.09865952],
       [ 0.8086158 ,  1.60414579,  0.23649256,  1.17306492,  1.05564202,
        -0.34931925],
       [-1.89448891, -0.80596071, -0.84730196,  0.57810455, -2.96777506,
         0.21568533],
       [-1.43504621, -2.19706373, -1.29309612, -1.43025849, -0.86268511,
        -0.54431314],
       [-0.19921121,  0.56540253, -0.25463015,  0.3539052 ,  0.14200286,
         0.01184667]]), array([[ 6.73860892e-01,  1.36120478e+00,  9.87254681e-01,
         4.98598396e-01,  1.33387547e+00,  1.27910215e+00,
         9.39408862e-01],
       [ 1.39279392e+00,  1.08962136e+00,  1.32491463e+00,
         1.28791022e+00,  1.52018662e+00,  1.09119608e+00,
         1.41999098e+00],
       [ 1.31214294e+00, -5.16350235e+00,  8.76512956e-01,
         1.14446047e+00, -7.09493651e+00, -6.55538447e+00,
         3.31030401e-01],
       [ 6.71973377e-01, -4.73475082e+00,  7.53253567e-01,
         1.72222377e+00, -6.24273830e+00, -6.50616283e+00,
         1.60272619e-01],
       [ 1.45141342e+00,  1.12935205e+00,  1.14981533e+00,
         1.19439800e+00,  1.53131385e+00,  9.74661091e-01,
         1.45545362e+00],
       [ 7.18104011e-02, -2.86546923e+00,  3.96320207e-01,
         1.13427867e+00, -3.78234297e+00, -3.52829131e+00,
        -6.51804651e-03]]), array([[-3.35373696, -4.46481672,  7.60413079,  7.07810428, -4.27983484,
         3.90124192]])] 
 0.5, 
 1e-09, 
 1000