error: 5.476491642370838e-08 
 weigths: [array([[-1.65509538e+00, -1.26115604e+00, -1.97926403e+00,
        -7.59860526e-01, -1.27150776e+00, -8.08287432e-01],
       [-7.19853664e-01,  7.12461847e-01, -1.48978845e+00,
         1.42271006e-01, -2.91005205e+00, -3.66475822e-01],
       [-8.31775275e-01,  5.66813918e-01, -1.58385906e+00,
        -1.32787852e-03, -1.74009492e+00, -6.45253331e-01],
       [-1.13392441e+00,  6.57972096e-01, -1.13436156e+00,
         2.83443407e-01, -1.02271036e+00, -7.88925031e-01],
       [-2.19873353e+00, -3.26003590e+00, -1.47167123e+00,
        -8.57384651e-01, -1.52799491e+00, -2.48376865e-01],
       [ 4.09981416e-01,  1.61580449e+00, -1.03678331e+00,
         1.37875589e+00,  3.62855570e+00, -2.36177085e+00],
       [-1.21939362e+00,  2.10694623e-01, -5.74636898e-01,
         8.45949024e-01,  2.45085531e-01, -7.98384868e-01]]), array([[-3.31367577, -2.48676949, -1.39711703, -0.43083136, -4.70018659,
         1.67969569, -0.14572203],
       [-3.68093887, -1.95518329, -1.3848228 , -0.31234275, -5.62361832,
         1.66727618,  0.20889416],
       [-3.68427829, -1.9793399 , -0.95483123, -0.5896915 , -5.76856841,
         1.75688733,  0.2234193 ],
       [ 1.60725367,  2.10727965,  1.92167516,  1.46242158,  1.99909401,
         0.50957178,  1.53261459],
       [-3.1481189 , -2.5538266 , -0.88802452, -0.97828892, -5.25895687,
         1.46336935,  0.45976594],
       [-0.62744995, -0.85513653, -0.67390188, -0.34140601, -2.04933137,
         0.53125918, -0.24076023]]), array([[  4.25521982,   4.69053892,   4.74373147, -10.81553168,
          4.40674464,   1.2657265 ]])] 
 0.5, 
 1e-09, 
 1000