error: 9.961168169240079e-10 
 weigths: [array([[-1.54968780e+00, -2.22775924e+00, -8.89891569e-01,
        -7.50939450e-01, -1.23921390e+00, -2.30049204e-01],
       [ 1.51095901e-01,  9.65676605e-01, -1.42156379e-01,
         1.06971152e+00,  1.88601459e-01,  8.56511625e-03],
       [-1.39939696e+00, -5.61855161e-01, -9.27267560e-01,
        -2.29965461e-02, -1.54592564e+00, -1.98891818e-01],
       [ 6.69509772e-01,  1.76938998e+00,  2.20447185e-01,
         1.36955003e+00,  5.93928408e-01, -5.31267183e-02],
       [-2.05704214e+00, -2.24325959e+00,  1.92675069e-02,
        -2.15517573e-01, -3.17682648e+00,  1.16010271e+00],
       [ 7.12069644e-01,  1.66396214e+00,  1.99943311e-01,
         1.54938822e+00,  1.11771309e+00, -4.71093978e-01],
       [-6.86835024e-01, -2.95716933e-02, -1.95776921e-01,
        -2.40534034e-03, -8.29909058e-01, -2.60467252e-01]]), array([[-5.15226182,  0.02775621, -1.88151872,  1.1203884 , -7.15770799,
         1.42874257, -0.10468319],
       [-5.37397903,  0.63675284, -2.80363092,  1.19478085, -8.37787964,
         1.66960087, -0.85424373],
       [ 1.18621839,  0.96065843,  1.7316668 ,  1.20362411,  1.31594005,
         0.99797708,  1.51983447],
       [ 1.18697786,  1.08195031,  1.53675017,  0.47055469,  1.11826401,
         1.31287027,  1.21943604],
       [ 1.57289944,  0.61601346,  0.77147034,  1.32649612,  1.32667975,
         1.10277795,  1.60275849],
       [-3.87955755,  0.43351767, -0.9029635 ,  0.98375702, -5.60368182,
         0.68934514, -0.66596938]]), array([[ 6.29714414,  7.41508673, -4.51835883, -3.63408974, -3.9206429 ,
         4.64432649]])] 
 0.5, 
 1e-09, 
 1000