error: 9.913863020041237e-10 
 weigths: [array([[-1.85030296, -4.59654296,  1.82487841, -0.69316158, -3.40872376,
         2.88788398],
       [-0.71095528, -0.34947466, -0.97497115, -0.96064978, -0.80425852,
        -0.17443711],
       [ 0.66019132,  1.45378742, -0.14461207,  1.71731639,  0.84980273,
        -0.45429091],
       [ 0.83958345,  1.99196125, -0.44611018,  2.27176131,  0.95928975,
        -0.7415568 ],
       [-0.45470712, -0.00810111, -0.39097348,  0.23952479, -0.55446865,
        -0.24601645],
       [ 0.11134402,  0.6339443 , -0.57264285,  0.50654428,  0.40465791,
         0.04572062],
       [ 0.48771016,  0.70889185,  0.06168874,  1.1228495 ,  0.73079191,
        -0.31711927]]), array([[ 1.07680591,  1.05309572,  1.80712727,  1.66175746,  1.11442136,
         1.67051315,  1.75987597],
       [-9.25855389, -1.63232979,  0.78883969,  1.15298754, -0.59336145,
         0.15716353,  0.57260812],
       [-5.81830628, -1.34914047,  1.08864327,  0.83140476, -0.71907532,
        -0.06516209,  0.11952773],
       [-6.62148412, -1.13236076,  0.68724061,  1.17350597, -0.64859121,
        -0.30436384,  0.40827538],
       [-5.59388608, -0.98130277,  0.43279825,  1.30726861, -0.55674227,
        -0.2405277 ,  0.18781528],
       [ 1.55232401,  2.04274545,  1.43216765,  1.7248746 ,  1.12123366,
         1.65798636,  1.466507  ]]), array([[-5.5891685 ,  6.94352933,  4.46182252,  4.98669351,  4.2286938 ,
        -7.11493084]])] 
 0.5, 
 1e-09, 
 1000