weigths: [array([[0.05024938, 0.87979085, 0.6248827 , 0.17227379, 0.29933725,
        0.80087025],
       [0.31846228, 0.63396458, 0.62161624, 0.8183365 , 0.63319425,
        0.66591456],
       [0.19733271, 0.82268469, 0.69325301, 0.11347141, 0.96097672,
        0.80323546],
       [0.39812284, 0.75524974, 0.85946774, 0.17435423, 0.92321627,
        0.36426373],
       [0.30660118, 0.85239068, 0.36658461, 0.40868851, 0.37401341,
        0.93431219],
       [0.88018277, 0.48268568, 0.79330892, 0.22451888, 0.77164262,
        0.10553395],
       [0.46814671, 0.28225169, 0.57536053, 0.28192795, 0.86580129,
        0.74594149],
       [0.86601646, 0.10183698, 0.31316464, 0.5443604 , 0.86429313,
        0.25315612],
       [0.90567458, 0.73171446, 0.09507943, 0.49852125, 0.69300535,
        0.60697238],
       [0.60646645, 0.0355602 , 0.51457025, 0.20813651, 0.26355253,
        0.54073444],
       [0.48520028, 0.21100041, 0.04559961, 0.66770619, 0.27965834,
        0.81755821],
       [0.26544568, 0.58761119, 0.63888612, 0.30076619, 0.34648941,
        0.78292421]]), array([[0.39663724, 0.65768873, 0.81994434, 0.79477773, 0.89735285,
        0.03466723, 0.85298984, 0.4083116 , 0.40432268, 0.7401043 ,
        0.23124782, 0.79067309],
       [0.52473949, 0.18063996, 0.12100671, 0.36537647, 0.75960431,
        0.48702215, 0.7778581 , 0.72603558, 0.52111967, 0.09018045,
        0.20675769, 0.6205266 ],
       [0.03638475, 0.28379876, 0.32083248, 0.75802014, 0.99891385,
        0.9865806 , 0.81562736, 0.06346702, 0.37171556, 0.1946138 ,
        0.80096996, 0.32304315],
       [0.23392538, 0.76617564, 0.22881609, 0.65241727, 0.50847339,
        0.3632998 , 0.23262665, 0.28508336, 0.26233461, 0.91622281,
        0.51382419, 0.72956298],
       [0.6710304 , 0.15066884, 0.56192128, 0.54651013, 0.34794207,
        0.21725848, 0.21098926, 0.76501801, 0.4238036 , 0.8457809 ,
        0.19501377, 0.14776125],
       [0.82976547, 0.00264025, 0.40337056, 0.83693951, 0.52969801,
        0.486593  , 0.77345274, 0.29755183, 0.93404129, 0.1958235 ,
        0.09847619, 0.65698516],
       [0.94364808, 0.24660772, 0.77324777, 0.66337625, 0.51671686,
        0.39510334, 0.21350498, 0.76676235, 0.6577987 , 0.44165801,
        0.45162577, 0.1757978 ],
       [0.19573244, 0.7726996 , 0.92325237, 0.34625891, 0.60649285,
        0.37778159, 0.28719319, 0.2070704 , 0.05530573, 0.71435769,
        0.96614858, 0.18939162],
       [0.77518409, 0.68628455, 0.01742552, 0.16601784, 0.5211943 ,
        0.5196548 , 0.16226543, 0.3612728 , 0.25153261, 0.00473891,
        0.75302403, 0.59199006],
       [0.04405345, 0.81242722, 0.52158982, 0.97200827, 0.4273283 ,
        0.34694192, 0.2105167 , 0.56256432, 0.4105406 , 0.82788929,
        0.49192634, 0.78529207],
       [0.73906129, 0.02130985, 0.02403166, 0.2396425 , 0.13118341,
        0.9018103 , 0.92287416, 0.30593905, 0.34181978, 0.1892314 ,
        0.88332272, 0.03768099],
       [0.30784483, 0.30688616, 0.09597468, 0.86675901, 0.44999003,
        0.95089929, 0.42291717, 0.54688133, 0.93539305, 0.57924518,
        0.58786265, 0.52178829]]), array([[ 0.45790159,  0.35435512,  0.16563895,  0.53602465,  0.63060339,
         0.42463011,  0.4668421 ,  0.32355759,  0.11346834,  0.92903677,
         0.7204177 ,  0.14068299],
       [ 0.01639435,  0.97992819,  0.6852606 ,  0.41161277,  0.17731777,
         0.31759799,  0.35167594,  0.84482301,  0.64190341,  0.15182946,
         0.94538873,  0.241577  ],
       [ 0.61523837,  0.20486072,  0.77070118,  0.88637823,  0.49691969,
         0.54907748,  0.50936387,  0.74710845,  0.70401709,  0.00498479,
         0.28052096,  0.13568534],
       [ 0.68909855,  0.82721953,  0.29147125,  0.36494535,  0.44703065,
         0.5735156 ,  0.97133729,  0.8381524 ,  0.31080671,  0.20188924,
         0.37844682,  0.48691175],
       [ 0.16634362,  0.68692649,  0.85370258,  0.22522786,  0.26016549,
         0.64257178,  0.83575599,  0.52712414,  0.91532128,  0.52245792,
         0.9720278 ,  0.53204419],
       [ 0.89796856,  0.09076819,  0.29401212,  0.95676446,  0.56794897,
         0.57689042,  0.15503362,  0.49229612,  0.70778984,  0.84829352,
         0.01464973,  0.60223237],
       [ 0.97295667,  0.8530689 ,  0.87416719,  0.17906959,  0.99028155,
         0.98228796,  0.6584336 ,  0.00600939,  0.40457391,  0.11281377,
         0.30678981,  0.09346893],
       [ 0.01515126,  0.81887378,  0.29781458,  0.71857838,  0.46110185,
         0.08819642,  0.09928023,  0.59720939,  0.42995342,  0.22797148,
        -0.0117657 ,  0.62547437],
       [ 0.38393588,  0.99246482,  0.57939334,  0.12330345,  0.20982894,
         0.3759782 ,  0.59673035,  0.24575023,  0.24968766,  0.53579554,
         0.81106339,  0.17808811],
       [ 0.41723749,  0.81807796,  0.9052045 ,  0.14656418,  0.7799103 ,
         0.27995957,  0.75751835,  0.34095023,  0.95717458,  0.45600698,
         0.87427895,  0.28613168],
       [ 0.01435679,  0.7969004 ,  0.43048964,  0.13383846,  0.36314443,
         0.05417008,  0.8609799 ,  0.51059405,  0.59650611,  0.09006395,
         0.1701181 ,  0.62916559],
       [ 0.24095795,  0.05705575,  0.111541  ,  0.77498336,  0.71083651,
         0.69590585,  0.27328251,  0.0364231 ,  0.49666081,  0.23708057,
         0.72825532,  0.91180323]]), array([[0.70973364, 0.55982124, 0.01296365, 0.01293178, 0.19699784,
        0.50846867, 0.22476201, 0.67136113, 0.95588892, 0.46341194,
        0.95635638, 0.95275552]])] 
 0.5, 
 1e-19, 
 10000