weigths: [array([[0.7427967 , 0.06128017, 0.59528268, 0.26688937, 0.00817776,
        0.47712877],
       [0.48343794, 0.81367607, 0.15847399, 0.54626483, 0.9370953 ,
        0.79666407],
       [0.71214477, 0.37233607, 0.34887407, 0.17438239, 0.43700628,
        0.33644089],
       [0.85653096, 0.87666479, 0.89172485, 0.58226158, 0.44549496,
        0.95918898],
       [0.55276473, 0.85303404, 0.77755304, 0.77249354, 0.89211859,
        0.03800623],
       [0.33460737, 0.58509501, 0.60413012, 0.88823517, 0.81907652,
        0.05173265]]), array([[0.7256953 , 0.89954583, 0.24440267, 0.50920344, 0.5407552 ,
        0.56292548],
       [0.61018121, 0.09710044, 0.18341974, 0.3513279 , 0.04729107,
        0.06694311],
       [0.51832198, 0.44364139, 0.78825269, 0.71792069, 0.07567339,
        0.71649579],
       [0.29916428, 0.925073  , 0.11796523, 0.85313327, 0.87788017,
        0.25105447],
       [0.79817299, 0.19401524, 0.45064329, 0.32766407, 0.11678575,
        0.87171913],
       [0.25218529, 0.20320029, 0.04462461, 0.42495459, 0.04612489,
        0.63820342]]), array([[0.86775587, 0.74525861, 0.86745418, 0.80740924, 0.33846105,
        0.18955131],
       [0.81929873, 0.89684157, 0.35376131, 0.23899762, 0.65259919,
        0.2680812 ],
       [0.91197146, 0.32146993, 0.68507388, 0.56094963, 0.18361874,
        0.89670934],
       [0.6592473 , 0.13191383, 0.02577929, 0.0110759 , 0.14177629,
        0.22449915],
       [0.59598063, 0.60363436, 0.85582156, 0.62927868, 0.58835343,
        0.06188652],
       [0.37949811, 0.56002606, 0.22863756, 0.2122783 , 0.48072182,
        0.06894221]]), array([[0.75051963, 0.72624802, 0.80738998, 0.92634826, 0.00205264,
        0.62560507],
       [0.88958988, 0.11035289, 0.03134771, 0.27745142, 0.6262649 ,
        0.9438898 ],
       [0.94035131, 0.95396874, 0.74591277, 0.59658453, 0.73805471,
        0.97037646],
       [0.46895569, 0.1458252 , 0.02857809, 0.82277978, 0.6197981 ,
        0.83628614],
       [0.95623027, 0.5120936 , 0.83639461, 0.3770881 , 0.93801807,
        0.30529257],
       [0.91873375, 0.14376531, 0.23145175, 0.26584467, 0.76006974,
        0.53760813]]), array([[0.96926009, 0.98224347, 0.49693768, 0.79826023, 0.20294759,
        0.24566694],
       [0.60924103, 0.9523962 , 0.991333  , 0.70536687, 0.60840436,
        0.10972196],
       [0.28003554, 0.83719368, 0.39935849, 0.90102437, 0.46015602,
        0.09951862],
       [0.23759915, 0.59510281, 0.11365203, 0.47956879, 0.15662007,
        0.33250289],
       [0.98826872, 0.5791969 , 0.48595387, 0.32389371, 0.37388456,
        0.35123817],
       [0.3390108 , 0.56994216, 0.25828056, 0.86444778, 0.19653937,
        0.10018624]]), array([[0.84082598, 0.59240116, 0.46912444, 0.17529133, 0.84298165,
        0.17775565],
       [0.45900301, 0.60909978, 0.66668164, 0.70090078, 0.51226442,
        0.98627082],
       [0.44565859, 0.38499838, 0.00721837, 0.91070095, 0.70854739,
        0.53516077],
       [0.98974175, 0.93643177, 0.10975461, 0.32993312, 0.28829601,
        0.73666367],
       [0.23274185, 0.46559718, 0.13959598, 0.90498327, 0.11702448,
        0.17746572],
       [0.10468466, 0.56629089, 0.53661565, 0.02889424, 0.14584893,
        0.43314408]]), array([[0.69416991, 0.20757238, 0.68916982, 0.66783847, 0.71098754,
        0.89500926],
       [0.55279994, 0.73188388, 0.04026195, 0.25504995, 0.81220077,
        0.72302392],
       [0.76552037, 0.55424524, 0.55997598, 0.37282167, 0.56585746,
        0.8285642 ],
       [0.25193904, 0.15452008, 0.72579147, 0.91858862, 0.34561875,
        0.45137633],
       [0.58025983, 0.6700846 , 0.52608101, 0.85954462, 0.34111913,
        0.08945065],
       [0.4483185 , 0.47899516, 0.06082456, 0.3200138 , 0.91854436,
        0.39007732]]), array([[0.36301051, 0.287058  , 0.18091603, 0.4802753 , 0.35521948,
        0.21350828],
       [0.14613067, 0.85402624, 0.56892872, 0.54655033, 0.68559246,
        0.27890843],
       [0.93547008, 0.14110384, 0.0216537 , 0.52931941, 0.86690077,
        0.16801276],
       [0.01742468, 0.99947469, 0.83434141, 0.19325612, 0.78171303,
        0.03568329],
       [0.57785313, 0.24534886, 0.87521122, 0.72602085, 0.37686282,
        0.20617926],
       [0.21085003, 0.8571772 , 0.13218946, 0.27276942, 0.63164688,
        0.49990292]]), array([[0.37919431, 0.5807433 , 0.30971385, 0.30108246, 0.70923123,
        0.79882987],
       [0.97637152, 0.18602052, 0.22893067, 0.19924613, 0.0051294 ,
        0.87686005],
       [0.27682888, 0.7167862 , 0.75537824, 0.26118345, 0.08425662,
        0.93298783],
       [0.0826206 , 0.02533673, 0.0785554 , 0.56431575, 0.71430637,
        0.99846695],
       [0.9878311 , 0.35566795, 0.94698664, 0.57490492, 0.78429745,
        0.72097509],
       [0.73520892, 0.45364137, 0.22060763, 0.09317868, 0.03176592,
        0.32503937]]), array([[0.54665975, 0.16654803, 0.21119303, 0.0874833 , 0.95849327,
        0.85065064],
       [0.04130934, 0.33649654, 0.96796169, 0.38213211, 0.35803453,
        0.8599183 ],
       [0.77416479, 0.55093308, 0.01040259, 0.23543802, 0.8881386 ,
        0.96803273],
       [0.61098881, 0.6737327 , 0.53236427, 0.85937051, 0.89301093,
        0.70301467],
       [0.07645238, 0.49874514, 0.55410478, 0.23543966, 0.41639354,
        0.3148945 ],
       [0.16447527, 0.92636964, 0.10903079, 0.05497287, 0.02288122,
        0.43309475]]), array([[0.17357975, 0.40492729, 0.47722607, 0.73628225, 0.33265528,
        0.00921577],
       [0.597123  , 0.33823339, 0.30814596, 0.48584076, 0.1712558 ,
        0.82133448],
       [0.45046522, 0.45399816, 0.8612488 , 0.53564699, 0.40137354,
        0.85296105],
       [0.87504494, 0.27702773, 0.15513843, 0.8681067 , 0.94269498,
        0.86611864],
       [0.22797115, 0.76236335, 0.38653764, 0.07705832, 0.65481174,
        0.79408109],
       [0.29017902, 0.96466977, 0.09466686, 0.69824949, 0.85861425,
        0.0104988 ]]), array([[0.07049848, 0.60562631, 0.29064199, 0.00106922, 0.42428142,
        0.7049549 ],
       [0.6467862 , 0.84799202, 0.86575042, 0.01803005, 0.07501294,
        0.9779593 ],
       [0.48074957, 0.92099449, 0.40557501, 0.69267686, 0.73104559,
        0.58709975],
       [0.34795956, 0.87937785, 0.92992568, 0.86199087, 0.96199528,
        0.98344698],
       [0.27968305, 0.74004015, 0.89260084, 0.42070926, 0.62729462,
        0.36847209],
       [0.08560996, 0.70863493, 0.35852407, 0.73086445, 0.39649484,
        0.36902066]]), array([[0.75455172, 0.07384054, 0.27702687, 0.26537158, 0.42541722,
        0.0980398 ],
       [0.92718293, 0.82041771, 0.90714528, 0.06857736, 0.34188555,
        0.51657524],
       [0.62878683, 0.66050458, 0.32706042, 0.89758179, 0.27391974,
        0.60138929],
       [0.501316  , 0.05002231, 0.85209111, 0.53614445, 0.08493675,
        0.37942095],
       [0.48561439, 0.6876766 , 0.3165961 , 0.17500296, 0.44561253,
        0.43670964],
       [0.19689591, 0.91586427, 0.5642249 , 0.59435661, 0.27230243,
        0.44594526]]), array([[0.60974026, 0.07381906, 0.17853138, 0.56027783, 0.07436841,
        0.13101163],
       [0.79588259, 0.8983681 , 0.88950729, 0.80238522, 0.82387747,
        0.81685989],
       [0.69531138, 0.40399229, 0.18876805, 0.16686604, 0.73591785,
        0.16731407],
       [0.10583487, 0.60628663, 0.38066474, 0.39447028, 0.808521  ,
        0.12760718],
       [0.90310447, 0.20211071, 0.42710143, 0.46448081, 0.67931514,
        0.88372178],
       [0.42035061, 0.81506951, 0.36016271, 0.21755675, 0.81301015,
        0.00721121]]), array([[0.1466651 , 0.15094904, 0.77622661, 0.69379078, 0.07848216,
        0.86779692],
       [0.31388815, 0.94106698, 0.63184964, 0.53287495, 0.7361666 ,
        0.5686177 ],
       [0.07112147, 0.81516058, 0.99716877, 0.34114094, 0.33736642,
        0.06897793],
       [0.31802445, 0.28454572, 0.29600631, 0.11493604, 0.63839497,
        0.45409758],
       [0.35735963, 0.19657995, 0.70552867, 0.43866852, 0.64240216,
        0.42805892],
       [0.03132858, 0.19438445, 0.87057245, 0.90127515, 0.80252958,
        0.35199089]]), array([[0.17872944, 0.06231919, 0.32087082, 0.27299491, 0.8268384 ,
        0.29929968],
       [0.45140907, 0.60324834, 0.95606364, 0.8903507 , 0.16229813,
        0.30866351],
       [0.52329009, 0.8035752 , 0.30084701, 0.67044813, 0.8797479 ,
        0.75217884],
       [0.75207823, 0.50093641, 0.21367359, 0.93699367, 0.19436177,
        0.38234391],
       [0.83996649, 0.47562533, 0.51185445, 0.84968749, 0.95520055,
        0.94667874],
       [0.18250144, 0.57484278, 0.02124925, 0.82591584, 0.02031388,
        0.79293587]]), array([[0.07995789, 0.56753175, 0.4335521 , 0.51979869, 0.40070904,
        0.76066696],
       [0.79475215, 0.71481344, 0.56128114, 0.73318763, 0.92244371,
        0.80344035],
       [0.73646607, 0.17006067, 0.42900429, 0.18873096, 0.6234949 ,
        0.51403724],
       [0.72184492, 0.73351025, 0.59579245, 0.57146672, 0.04150855,
        0.05382288],
       [0.44951683, 0.76504363, 0.26181921, 0.49876501, 0.43180922,
        0.44436273],
       [0.37883198, 0.67748292, 0.80500605, 0.58527646, 0.59862684,
        0.11560657]]), array([[0.55697637, 0.36602094, 0.83327932, 0.48332443, 0.19586121,
        0.23417333],
       [0.69481483, 0.46310052, 0.13853564, 0.94229275, 0.10889111,
        0.34387693],
       [0.3754041 , 0.87216547, 0.46651436, 0.67470442, 0.39944229,
        0.08996682],
       [0.06744353, 0.06901264, 0.60840457, 0.42755279, 0.33115687,
        0.31216034],
       [0.86279806, 0.07905125, 0.80463806, 0.01675945, 0.03740137,
        0.32766395],
       [0.8195565 , 0.70524648, 0.92349903, 0.26269337, 0.81134725,
        0.2422401 ]]), array([[0.18443211, 0.92555795, 0.8950907 , 0.93916091, 0.83858478,
        0.5622945 ],
       [0.34405667, 0.19027539, 0.5489027 , 0.21408653, 0.69743848,
        0.12366835],
       [0.86632865, 0.38508566, 0.60774643, 0.8415906 , 0.33354689,
        0.94202021],
       [0.44294732, 0.5117152 , 0.20607568, 0.68530622, 0.81776823,
        0.68040194],
       [0.09270446, 0.0858019 , 0.70937392, 0.16275544, 0.67727907,
        0.45159981],
       [0.04281465, 0.03472711, 0.49231469, 0.38057495, 0.32245228,
        0.75949964]]), array([[0.85170947, 0.46473997, 0.67059936, 0.68086457, 0.19117116,
        0.88831922],
       [0.08978749, 0.16810795, 0.32864893, 0.08824777, 0.96271282,
        0.71065784],
       [0.56624883, 0.99833405, 0.26061533, 0.94105527, 0.16282232,
        0.89470019],
       [0.07233204, 0.82800585, 0.80740699, 0.89438306, 0.04297447,
        0.93583704],
       [0.34744227, 0.95854839, 0.4255708 , 0.31997683, 0.51247092,
        0.59156561],
       [0.72230928, 0.84625263, 0.31293428, 0.52468039, 0.15030264,
        0.57836983]]), array([[5.14404536e-01, 1.29574136e-01, 3.62002156e-01, 5.41703002e-01,
        9.53505405e-01, 7.71835967e-01],
       [2.05808645e-01, 6.14406840e-01, 6.29988612e-02, 1.98985645e-01,
        4.33685466e-01, 6.60945258e-01],
       [8.43738093e-01, 1.23606449e-01, 4.12588195e-01, 2.11830875e-01,
        4.24166894e-01, 4.00061149e-01],
       [5.64092091e-01, 9.24314525e-01, 2.69887111e-01, 6.20164096e-01,
        1.52510339e-01, 8.62065237e-01],
       [3.45916091e-01, 6.90009554e-01, 5.95392221e-01, 1.14503965e-01,
        6.37036224e-01, 6.49740819e-01],
       [6.53258770e-01, 6.07491626e-01, 5.07666850e-01, 3.75587348e-01,
        4.32344959e-04, 9.71792271e-01]]), array([[0.89388713, 0.1061228 , 0.25535511, 0.80663365, 0.11172444,
        0.31273981],
       [0.72168723, 0.92792662, 0.28372711, 0.92576967, 0.25345506,
        0.16789964],
       [0.50339264, 0.47711625, 0.59648793, 0.57031125, 0.09031167,
        0.84847521],
       [0.28033989, 0.0809184 , 0.38765352, 0.92098225, 0.14449946,
        0.45059102],
       [0.89473764, 0.65914411, 0.2932765 , 0.42558667, 0.11207957,
        0.35855158],
       [0.46878589, 0.68625847, 0.41507681, 0.9569784 , 0.24895438,
        0.02179983]]), array([[0.04248066, 0.95304774, 0.87732528, 0.02993834, 0.87263482,
        0.56361896],
       [0.41147143, 0.38901472, 0.7018112 , 0.73426287, 0.41011446,
        0.01608435],
       [0.71198895, 0.26561601, 0.84941341, 0.45101778, 0.25245198,
        0.3943757 ],
       [0.72319738, 0.70741962, 0.58521962, 0.15424356, 0.73230118,
        0.87057492],
       [0.98531656, 0.78644192, 0.3214273 , 0.72120695, 0.63560424,
        0.51342664],
       [0.75293642, 0.05812935, 0.41238796, 0.43270759, 0.22796215,
        0.17905327]]), array([[0.99935347, 0.27584669, 0.76387863, 0.18837127, 0.44472634,
        0.09272158],
       [0.98291189, 0.99937197, 0.13816745, 0.75613164, 0.68883357,
        0.52909093],
       [0.69867544, 0.38434029, 0.10940021, 0.52271407, 0.42483944,
        0.41232072],
       [0.68509727, 0.35759725, 0.28109126, 0.94136045, 0.45949634,
        0.57985777],
       [0.06976109, 0.1905068 , 0.20468299, 0.0636534 , 0.91240375,
        0.28593265],
       [0.78859803, 0.07138482, 0.55293061, 0.46437341, 0.44062629,
        0.25716027]]), array([[0.08709445, 0.94977601, 0.14556262, 0.19339385, 0.12751098,
        0.27518614],
       [0.89839953, 0.92484624, 0.63559555, 0.97277454, 0.39652863,
        0.82380051],
       [0.10864281, 0.76349776, 0.27917772, 0.51374532, 0.11235796,
        0.11889178],
       [0.94955208, 0.22514395, 0.24106554, 0.96286007, 0.6351539 ,
        0.25940988],
       [0.14555992, 0.949762  , 0.00277458, 0.64133814, 0.9057175 ,
        0.63390673],
       [0.88590169, 0.98864043, 0.29559106, 0.89646985, 0.13747438,
        0.81291768]]), array([[0.91187512, 0.87619651, 0.48319088, 0.95030428, 0.84330658,
        0.05338604],
       [0.61331387, 0.36016594, 0.52894162, 0.88507359, 0.64284374,
        0.15093495],
       [0.89588869, 0.19812462, 0.82859571, 0.52746172, 0.22795551,
        0.41589013],
       [0.81225801, 0.68990137, 0.3414477 , 0.08823775, 0.27044554,
        0.01639654],
       [0.69667133, 0.277622  , 0.07578633, 0.51398066, 0.11386745,
        0.95762693],
       [0.25862673, 0.70614491, 0.95405912, 0.95725095, 0.21516217,
        0.59030681]]), array([[0.70266307, 0.83428403, 0.574227  , 0.37819777, 0.40997789,
        0.21921942],
       [0.04540736, 0.2225318 , 0.76311225, 0.32788864, 0.61540481,
        0.17152588],
       [0.02619439, 0.29477722, 0.85228018, 0.815118  , 0.4258799 ,
        0.17018509],
       [0.18794653, 0.82273224, 0.02363805, 0.4289298 , 0.41937905,
        0.54947306],
       [0.91373815, 0.8970216 , 0.4695733 , 0.71895406, 0.44567222,
        0.91680405],
       [0.77383431, 0.69137867, 0.86153736, 0.41330686, 0.38895809,
        0.65364893]]), array([[0.39677621, 0.88954445, 0.24680715, 0.84249334, 0.10358322,
        0.59004035],
       [0.40435543, 0.23947638, 0.18298806, 0.05913812, 0.24596905,
        0.69143136],
       [0.38726876, 0.11913679, 0.19036577, 0.15153682, 0.41357151,
        0.94367968],
       [0.86979423, 0.48000601, 0.85260671, 0.50238462, 0.96161873,
        0.08166577],
       [0.2489566 , 0.54527051, 0.96993475, 0.01241549, 0.230808  ,
        0.29513046],
       [0.00369028, 0.6721952 , 0.99724172, 0.74208934, 0.86145599,
        0.2407517 ]]), array([[0.40384371, 0.33444421, 0.32640771, 0.20156886, 0.00341705,
        0.43018062],
       [0.5655559 , 0.9366817 , 0.827749  , 0.20516563, 0.66379649,
        0.52967403],
       [0.30224639, 0.50136254, 0.77900674, 0.25509864, 0.2325677 ,
        0.68121163],
       [0.73930067, 0.45137979, 0.78608747, 0.59841412, 0.15995768,
        0.7833121 ],
       [0.27793694, 0.08082161, 0.35641686, 0.91770376, 0.25766787,
        0.9402239 ],
       [0.62709174, 0.6305699 , 0.72424196, 0.10274484, 0.31931318,
        0.66540084]]), array([[0.92339814, 0.01899127, 0.83955255, 0.32582933, 0.62601327,
        0.08178314],
       [0.33311261, 0.20167189, 0.53316791, 0.19526291, 0.64997561,
        0.60692594],
       [0.22672558, 0.68343006, 0.44083103, 0.70918258, 0.75142206,
        0.43286278],
       [0.15350037, 0.05954399, 0.47666532, 0.99329137, 0.79154626,
        0.82635797],
       [0.86925365, 0.23782595, 0.14914358, 0.75030664, 0.59690138,
        0.03586429],
       [0.01595124, 0.4838928 , 0.10743709, 0.57336371, 0.55063443,
        0.82622781]]), array([[0.49952173, 0.45609777, 0.93939377, 0.96624185, 0.04461107,
        0.14325365],
       [0.76347562, 0.08055866, 0.28947583, 0.51613495, 0.29664323,
        0.2173037 ],
       [0.32579605, 0.63364304, 0.13534313, 0.19164252, 0.29577099,
        0.78026522],
       [0.38431281, 0.46261045, 0.9089014 , 0.80852745, 0.13480168,
        0.30438079],
       [0.80222893, 0.99701064, 0.39389868, 0.13920445, 0.21962985,
        0.68836796],
       [0.09932229, 0.59723805, 0.68402073, 0.18787401, 0.50680527,
        0.3935518 ]]), array([[0.48939155, 0.72437315, 0.91464535, 0.51483347, 0.33296935,
        0.31867354],
       [0.58850158, 0.53101074, 0.11810458, 0.64332942, 0.52291694,
        0.44369058],
       [0.3901326 , 0.12746179, 0.83543341, 0.62858522, 0.78480344,
        0.02379066],
       [0.32421478, 0.97668076, 0.0387855 , 0.30350135, 0.50892994,
        0.04543005],
       [0.48689021, 0.88396482, 0.91645673, 0.38528673, 0.67362596,
        0.61943326],
       [0.892465  , 0.95033842, 0.24904093, 0.73768496, 0.04030572,
        0.21029697]]), array([[0.80222329, 0.52241791, 0.523485  , 0.83759783, 0.4938918 ,
        0.86983861],
       [0.61141503, 0.30914199, 0.70447274, 0.91673289, 0.75368274,
        0.29541426],
       [0.68838756, 0.19506587, 0.2325502 , 0.03954673, 0.58595434,
        0.94324292],
       [0.15208149, 0.74218232, 0.52457258, 0.04372947, 0.95389275,
        0.51833079],
       [0.57619825, 0.8421984 , 0.84274708, 0.54771978, 0.09190891,
        0.10028138],
       [0.44138165, 0.23600581, 0.20371218, 0.10855909, 0.57226723,
        0.83336479]]), array([[0.52277922, 0.42621387, 0.71517685, 0.94932393, 0.38913597,
        0.2391307 ],
       [0.28910708, 0.65458757, 0.34683127, 0.57990969, 0.59009545,
        0.28570143],
       [0.5356484 , 0.67429341, 0.47019948, 0.13350859, 0.3765729 ,
        0.25984815],
       [0.40294724, 0.31419477, 0.81303107, 0.37271647, 0.48911691,
        0.78761593],
       [0.39197144, 0.7614659 , 0.32850507, 0.05307863, 0.98633601,
        0.63490488],
       [0.02794098, 0.95401785, 0.52572501, 0.5417975 , 0.51618502,
        0.04015163]]), array([[0.51282088, 0.6232655 , 0.69235784, 0.62532046, 0.01521004,
        0.02301551],
       [0.74864707, 0.7605362 , 0.14369972, 0.83336349, 0.61475495,
        0.51421731],
       [0.06203488, 0.50976865, 0.71696344, 0.57538202, 0.59404424,
        0.61576237],
       [0.49831862, 0.36044292, 0.60362667, 0.2771641 , 0.49232999,
        0.93055243],
       [0.3502452 , 0.08544726, 0.43021317, 0.51683979, 0.51689113,
        0.82454153],
       [0.32098569, 0.5881311 , 0.41076781, 0.51630004, 0.2339084 ,
        0.28841353]]), array([[0.45825964, 0.13239808, 0.24762879, 0.15428933, 0.90875552,
        0.7158479 ],
       [0.60889519, 0.57543506, 0.14591619, 0.46754153, 0.63856722,
        0.97303301],
       [0.67429239, 0.33443416, 0.13506191, 0.88045486, 0.60789829,
        0.66889513],
       [0.21624633, 0.55932767, 0.49636563, 0.17501044, 0.57101239,
        0.23998366],
       [0.41213742, 0.09487667, 0.09563114, 0.42438244, 0.92308316,
        0.55918548],
       [0.80314768, 0.35776847, 0.29437101, 0.93874863, 0.41710177,
        0.65117258]]), array([[0.39054826, 0.49854181, 0.18102196, 0.35522727, 0.83997419,
        0.29744451],
       [0.66721567, 0.61999513, 0.23743829, 0.27756252, 0.11063756,
        0.90930159],
       [0.25816817, 0.90398503, 0.33319953, 0.44260407, 0.5978679 ,
        0.77092631],
       [0.73762155, 0.70476053, 0.57143666, 0.15891021, 0.47467534,
        0.91644458],
       [0.60149859, 0.37942482, 0.11382066, 0.20984403, 0.30550954,
        0.39420375],
       [0.6408204 , 0.87774047, 0.85661575, 0.96303011, 0.78048111,
        0.54666482]]), array([[0.44476259, 0.99505141, 0.21045173, 0.13353658, 0.40690077,
        0.36060969],
       [0.43119276, 0.11230217, 0.5310118 , 0.22445355, 0.30538257,
        0.61524194],
       [0.95533743, 0.51494089, 0.3456158 , 0.54288681, 0.31276827,
        0.31725384],
       [0.84323421, 0.28789784, 0.11766664, 0.93504557, 0.15351985,
        0.56337769],
       [0.1053497 , 0.94732943, 0.71925163, 0.58599342, 0.32835218,
        0.2147823 ],
       [0.40860157, 0.44465408, 0.86746524, 0.68426568, 0.58776413,
        0.98498701]]), array([[0.06429119, 0.84134721, 0.88580447, 0.24965473, 0.10453862,
        0.15658604],
       [0.13439077, 0.64149986, 0.12868575, 0.58274134, 0.24651442,
        0.17541943],
       [0.93330913, 0.41443363, 0.31607187, 0.39390605, 0.92090228,
        0.34519741],
       [0.81748396, 0.76170775, 0.9895483 , 0.4660911 , 0.39657017,
        0.89195918],
       [0.76553338, 0.7365044 , 0.06192399, 0.59667878, 0.4633726 ,
        0.123441  ],
       [0.90540893, 0.4874088 , 0.62828033, 0.16546045, 0.73823437,
        0.01066828]]), array([[0.45380876, 0.97824258, 0.42589126, 0.85002115, 0.4559022 ,
        0.17163316],
       [0.52401254, 0.50678641, 0.57728624, 0.11392457, 0.36231192,
        0.13505848],
       [0.91699679, 0.35378162, 0.61321122, 0.52577481, 0.14514071,
        0.93488429],
       [0.4789608 , 0.736183  , 0.1876371 , 0.88152659, 0.90839012,
        0.7710109 ],
       [0.22975333, 0.48223396, 0.00172333, 0.52216762, 0.4996685 ,
        0.62788689],
       [0.45093679, 0.45480388, 0.71408161, 0.37776703, 0.15428813,
        0.6683383 ]]), array([[0.84511011, 0.78958545, 0.86835402, 0.52456936, 0.93819106,
        0.61173643],
       [0.58542891, 0.83598577, 0.59022257, 0.38550058, 0.37041797,
        0.14535107],
       [0.54981486, 0.49226848, 0.66151912, 0.96234931, 0.14942502,
        0.53348603],
       [0.36958492, 0.70698251, 0.26686271, 0.39958024, 0.84035564,
        0.47485793],
       [0.64530531, 0.12332391, 0.12998575, 0.25186534, 0.85734389,
        0.13363486],
       [0.90728561, 0.18895461, 0.96361463, 0.13529583, 0.70412166,
        0.60653622]]), array([[0.38483888, 0.92378389, 0.80998833, 0.52063205, 0.95633869,
        0.09756824],
       [0.53207923, 0.13226265, 0.69135903, 0.51279038, 0.44930232,
        0.56016953],
       [0.19230108, 0.48580902, 0.00391096, 0.4163818 , 0.95578229,
        0.46436403],
       [0.51637764, 0.54002956, 0.580598  , 0.3310763 , 0.27881974,
        0.89357754],
       [0.24965392, 0.91167166, 0.21257366, 0.03408977, 0.72545652,
        0.04440033],
       [0.9898112 , 0.24480082, 0.5299935 , 0.88272229, 0.14294779,
        0.38291322]]), array([[0.34694231, 0.61404918, 0.78639024, 0.66197404, 0.04923001,
        0.12022778],
       [0.7610129 , 0.7424836 , 0.90766583, 0.94535443, 0.28781687,
        0.89757792],
       [0.81993514, 0.53291414, 0.76171233, 0.74749589, 0.56718481,
        0.5901679 ],
       [0.21255113, 0.51646148, 0.91320239, 0.96318522, 0.40579432,
        0.18147192],
       [0.84212496, 0.53708385, 0.40916257, 0.77839022, 0.396064  ,
        0.92715964],
       [0.43126358, 0.94200348, 0.79607401, 0.74234802, 0.40706416,
        0.65503366]]), array([[0.55934275, 0.82011586, 0.11681886, 0.04245392, 0.93378376,
        0.92763665],
       [0.32183574, 0.28213203, 0.73988226, 0.25628016, 0.27547459,
        0.38390738],
       [0.17750359, 0.71548017, 0.67534907, 0.05694809, 0.22320954,
        0.21806374],
       [0.09816945, 0.98896005, 0.15493694, 0.2777215 , 0.183522  ,
        0.34427558],
       [0.46518585, 0.1935428 , 0.66009643, 0.19242882, 0.84611708,
        0.89316884],
       [0.92907669, 0.93852253, 0.73113568, 0.53518205, 0.03619333,
        0.53520896]]), array([[0.76605556, 0.59416087, 0.73400423, 0.77516536, 0.14173963,
        0.28308245],
       [0.84149073, 0.51092591, 0.75598977, 0.02554955, 0.89027678,
        0.0449058 ],
       [0.24518861, 0.09155358, 0.77030242, 0.37975775, 0.52059981,
        0.15380649],
       [0.87429983, 0.65949852, 0.95416545, 0.24771477, 0.99646864,
        0.48720861],
       [0.30257225, 0.46886406, 0.68397744, 0.71159743, 0.14190487,
        0.13744211],
       [0.59644677, 0.84907169, 0.31421976, 0.87273934, 0.46133991,
        0.23138043]]), array([[0.37590201, 0.01644369, 0.70412876, 0.93544001, 0.06947144,
        0.98271966],
       [0.17851896, 0.53884726, 0.21072348, 0.23241813, 0.80269437,
        0.30233132],
       [0.01831308, 0.4069475 , 0.06582657, 0.69854104, 0.65321739,
        0.20326369],
       [0.43060649, 0.68357184, 0.978953  , 0.31232885, 0.50173178,
        0.79845825],
       [0.20124391, 0.57527625, 0.57364497, 0.55481154, 0.71709642,
        0.82844387],
       [0.03483577, 0.56270369, 0.26426314, 0.77201019, 0.35035035,
        0.24056889]]), array([[6.81097096e-01, 9.15051200e-01, 8.70714952e-01, 1.53693778e-01,
        3.45691048e-01, 5.31131205e-02],
       [2.48162350e-01, 4.74221530e-01, 1.50762137e-01, 5.69110730e-01,
        5.59655653e-01, 3.11572818e-01],
       [2.62378777e-02, 2.51856577e-01, 7.08561897e-01, 7.11404562e-01,
        6.95045403e-01, 9.31543426e-02],
       [3.26331342e-04, 1.46851450e-01, 6.23785577e-01, 2.18849216e-01,
        3.47658861e-01, 3.97170175e-01],
       [3.06408156e-01, 1.18303927e-01, 5.06910514e-01, 4.02525470e-01,
        4.29720245e-01, 8.77351267e-01],
       [5.32365976e-02, 3.41357367e-01, 4.14290292e-01, 2.50165450e-01,
        4.47656764e-02, 2.69821288e-01]]), array([[0.07758157, 0.91993438, 0.10460636, 0.85679665, 0.53568012,
        0.33589915],
       [0.6421124 , 0.70284336, 0.69483902, 0.4537493 , 0.48992774,
        0.68671208],
       [0.39478407, 0.23838148, 0.12214509, 0.37533601, 0.12632975,
        0.43758288],
       [0.36056865, 0.7482902 , 0.94394125, 0.48425428, 0.74315303,
        0.67875392],
       [0.232111  , 0.80130487, 0.48005672, 0.93582688, 0.79923938,
        0.55938078],
       [0.13554758, 0.12579049, 0.71298793, 0.12120395, 0.93149589,
        0.64636392]]), array([[0.24843943, 0.00280058, 0.63943655, 0.05976559, 0.95250417,
        0.63505955],
       [0.57742384, 0.53582569, 0.79859411, 0.67939337, 0.15328125,
        0.40927287],
       [0.12529836, 0.53570177, 0.63687077, 0.88590174, 0.64599489,
        0.08146792],
       [0.36860353, 0.04478665, 0.81684374, 0.66267554, 0.92202887,
        0.71876107],
       [0.21094341, 0.24715944, 0.376773  , 0.15555751, 0.51017378,
        0.06711539],
       [0.1141514 , 0.58488499, 0.35209574, 0.49349175, 0.67225289,
        0.4730622 ]]), array([[0.07119873, 0.86428041, 0.70649768, 0.02083323, 0.97455269,
        0.73565814],
       [0.86673734, 0.43772351, 0.69596416, 0.69403755, 0.76379421,
        0.38678899],
       [0.19863747, 0.16310975, 0.01128226, 0.10426244, 0.24205408,
        0.74462286],
       [0.41502571, 0.10575877, 0.14759117, 0.16009667, 0.35820464,
        0.93972161],
       [0.95005911, 0.67422687, 0.30349054, 0.71271491, 0.51575386,
        0.60426527],
       [0.09601952, 0.11160854, 0.54949302, 0.65882379, 0.52685167,
        0.63133894]]), array([[0.18897736, 0.30949642, 0.9424319 , 0.84089102, 0.07445214,
        0.97862437],
       [0.71419451, 0.03801461, 0.51949097, 0.22372318, 0.07117502,
        0.23600205],
       [0.18229341, 0.09605014, 0.31001201, 0.59580531, 0.20938301,
        0.87855195],
       [0.18218462, 0.08025068, 0.5908884 , 0.66892854, 0.35234473,
        0.30734868],
       [0.35298263, 0.25111821, 0.81054016, 0.73550898, 0.52959315,
        0.63359826],
       [0.38243949, 0.29832687, 0.05615898, 0.02869812, 0.09191066,
        0.00235312]]), array([[0.99331689, 0.49166419, 0.13153395, 0.81738898, 0.15676786,
        0.52498609],
       [0.89286749, 0.06685658, 0.63066176, 0.17010771, 0.92028854,
        0.96181363],
       [0.15821691, 0.78192179, 0.24964986, 0.9198413 , 0.59285804,
        0.21239344],
       [0.95071123, 0.54333463, 0.88005705, 0.69385705, 0.53524182,
        0.87841641],
       [0.49132096, 0.23184478, 0.7112667 , 0.02380661, 0.35983979,
        0.89110006],
       [0.34899614, 0.04667059, 0.85965344, 0.94053267, 0.29874828,
        0.1890996 ]]), array([[0.40545756, 0.89117014, 0.53976945, 0.11579512, 0.14433769,
        0.29444094],
       [0.26573655, 0.85073109, 0.3799096 , 0.88218961, 0.45675273,
        0.83090758],
       [0.64081548, 0.82622949, 0.09711919, 0.81076861, 0.4486561 ,
        0.71884164],
       [0.28635006, 0.32884098, 0.7211012 , 0.87557674, 0.82235927,
        0.24439401],
       [0.57173546, 0.93277393, 0.28501119, 0.99934998, 0.11226451,
        0.98324428],
       [0.41270119, 0.37935562, 0.62655146, 0.97661896, 0.60797417,
        0.9844936 ]]), array([[0.74281901, 0.92479575, 0.25772382, 0.81610944, 0.44579364,
        0.84385805],
       [0.00795436, 0.82985177, 0.20744699, 0.92441116, 0.83210643,
        0.99950299],
       [0.24362881, 0.99109375, 0.67915111, 0.41864093, 0.26748645,
        0.75326235],
       [0.64655352, 0.87161319, 0.72243614, 0.45896626, 0.58692443,
        0.91911536],
       [0.64069155, 0.90470333, 0.63007069, 0.74770728, 0.80558138,
        0.17861583],
       [0.28263495, 0.2307686 , 0.15685747, 0.26207714, 0.7464572 ,
        0.93621778]]), array([[0.89699907, 0.43611337, 0.59316677, 0.28511637, 0.62879511,
        0.94389334],
       [0.66726719, 0.13636486, 0.45763703, 0.70566474, 0.05078788,
        0.4676302 ],
       [0.6198923 , 0.27886097, 0.68640489, 0.86131943, 0.46381063,
        0.42278458],
       [0.60509839, 0.17757496, 0.24781379, 0.17239458, 0.48209814,
        0.43680093],
       [0.44754266, 0.84138718, 0.42609225, 0.08442565, 0.82790764,
        0.73179441],
       [0.26863202, 0.62880267, 0.43487137, 0.92375279, 0.01746675,
        0.83105631]]), array([[0.48269815, 0.90484174, 0.96075845, 0.26170599, 0.25957919,
        0.27916504],
       [0.49394304, 0.19369723, 0.52634434, 0.8381292 , 0.06831015,
        0.32612678],
       [0.81572848, 0.96005689, 0.97843365, 0.35427812, 0.827909  ,
        0.26958619],
       [0.09157008, 0.01457495, 0.00732737, 0.47707448, 0.00953334,
        0.35327454],
       [0.7899615 , 0.31093914, 0.3820863 , 0.09371265, 0.19195732,
        0.08058642],
       [0.28151049, 0.54221553, 0.48696395, 0.5939494 , 0.79375852,
        0.55029658]]), array([[0.73442996, 0.92896917, 0.35417106, 0.11634021, 0.26142078,
        0.25419652],
       [0.71231046, 0.50884086, 0.30103554, 0.54667208, 0.61719382,
        0.03976045],
       [0.89091927, 0.5311071 , 0.90591989, 0.93519818, 0.45420106,
        0.35081336],
       [0.72704871, 0.70261086, 0.47818652, 0.23592075, 0.60688053,
        0.05810347],
       [0.02695708, 0.78270461, 0.04111998, 0.08986426, 0.64448929,
        0.78081245],
       [0.95548067, 0.18067015, 0.05927217, 0.6278097 , 0.70062894,
        0.09021929]]), array([[7.58770519e-01, 5.07994631e-01, 3.78187001e-01, 7.80456284e-01,
        9.79739897e-01, 6.58432615e-01],
       [6.25297563e-01, 2.17852180e-01, 7.26820479e-01, 1.54685020e-02,
        8.81497430e-01, 9.15193204e-01],
       [9.95091102e-01, 6.91136132e-01, 6.17087161e-01, 5.39399214e-01,
        4.08049134e-01, 6.94287547e-01],
       [1.08624050e-01, 4.92863164e-01, 5.22053459e-01, 8.06501784e-01,
        5.26909630e-01, 6.03575468e-01],
       [5.11811767e-01, 1.88107013e-01, 2.04465873e-01, 2.62961563e-02,
        6.75909628e-01, 5.89362326e-02],
       [2.35904128e-01, 7.45474286e-01, 2.94953532e-01, 7.05417310e-01,
        3.20861291e-02, 1.90913666e-04]]), array([[0.8194285 , 0.2875947 , 0.28668086, 0.35492781, 0.47730252,
        0.09210955],
       [0.08930002, 0.0217287 , 0.60902441, 0.78133347, 0.83900836,
        0.47476521],
       [0.40427948, 0.48116527, 0.76831157, 0.06178926, 0.8506868 ,
        0.51813085],
       [0.68153585, 0.63084496, 0.07014218, 0.00665099, 0.45254771,
        0.28864506],
       [0.55926431, 0.46312001, 0.95867417, 0.05367169, 0.30418023,
        0.06625194],
       [0.94260161, 0.89666874, 0.79139794, 0.54032923, 0.37974654,
        0.49358336]]), array([[0.97299576, 0.2900503 , 0.51807316, 0.88797797, 0.67749123,
        0.42133458],
       [0.26484219, 0.53164461, 0.02396512, 0.83497563, 0.39698038,
        0.91233359],
       [0.73225333, 0.10569102, 0.49374297, 0.27147848, 0.16753755,
        0.16257467],
       [0.72102173, 0.58906779, 0.046314  , 0.81191976, 0.30132976,
        0.62332549],
       [0.79526227, 0.77255622, 0.15063412, 0.88073413, 0.72871151,
        0.71427791],
       [0.74485371, 0.65889718, 0.13974925, 0.84679645, 0.39422536,
        0.82828351]]), array([[0.2182552 , 0.43187069, 0.98893797, 0.50428106, 0.43674093,
        0.89935915],
       [0.26589827, 0.15360472, 0.06796027, 0.80379534, 0.47002852,
        0.26474485],
       [0.09262279, 0.63768676, 0.19360254, 0.89662507, 0.23410334,
        0.16101237],
       [0.76912049, 0.0539252 , 0.10586512, 0.33728511, 0.81994   ,
        0.7315856 ],
       [0.55290103, 0.326491  , 0.93203952, 0.31355341, 0.69219429,
        0.82357533],
       [0.9026631 , 0.6666562 , 0.31771343, 0.42798677, 0.49743265,
        0.16285255]]), array([[0.89774157, 0.47523749, 0.42365909, 0.27663635, 0.159259  ,
        0.00290599],
       [0.22784161, 0.55329497, 0.30111376, 0.44118538, 0.21391201,
        0.39379295],
       [0.38536054, 0.97497112, 0.66068365, 0.41160668, 0.31346268,
        0.92717422],
       [0.11938357, 0.20986681, 0.47942791, 0.49641881, 0.86594395,
        0.81418152],
       [0.65239358, 0.96304859, 0.15884502, 0.17309016, 0.27862068,
        0.17402573],
       [0.83990772, 0.76295175, 0.47784937, 0.58114286, 0.82564139,
        0.01339366]]), array([[0.84065666, 0.24694313, 0.37055747, 0.7466282 , 0.59023257,
        0.2119469 ],
       [0.0485026 , 0.26854474, 0.06117002, 0.27384171, 0.46585665,
        0.34154095],
       [0.87388679, 0.99542617, 0.5801913 , 0.12648466, 0.56252456,
        0.06319073],
       [0.34747592, 0.80973756, 0.7772379 , 0.50044914, 0.91019278,
        0.5296495 ],
       [0.2875706 , 0.31755738, 0.27886469, 0.07753559, 0.7110414 ,
        0.27096022],
       [0.33022001, 0.42310347, 0.456969  , 0.46064239, 0.94194447,
        0.48940358]]), array([[0.32917644, 0.11785972, 0.86118618, 0.29293658, 0.05460117,
        0.81290833],
       [0.75713861, 0.54061125, 0.90686005, 0.8924727 , 0.20851866,
        0.69244064],
       [0.58492781, 0.37592389, 0.37028244, 0.21388627, 0.7218509 ,
        0.40243669],
       [0.89681092, 0.58339254, 0.15730583, 0.52203241, 0.97373664,
        0.32579502],
       [0.62503352, 0.17823816, 0.42593553, 0.56206582, 0.54020691,
        0.4361549 ],
       [0.96068036, 0.72061626, 0.9722868 , 0.66209525, 0.68694337,
        0.4300093 ]]), array([[0.0413643 , 0.66180685, 0.00542746, 0.39124827, 0.22510048,
        0.96129588],
       [0.89358802, 0.31759177, 0.53292497, 0.21313439, 0.09887816,
        0.81516447],
       [0.02635559, 0.68794041, 0.08416926, 0.32483146, 0.02292591,
        0.23623356],
       [0.37332399, 0.73379487, 0.45421895, 0.61095714, 0.47876994,
        0.23337164],
       [0.30457381, 0.18926406, 0.99676549, 0.20376412, 0.8869769 ,
        0.62483083],
       [0.44783524, 0.26194859, 0.64618801, 0.80754897, 0.18097318,
        0.19348848]]), array([[0.61711373, 0.64295626, 0.24872155, 0.16591631, 0.90362541,
        0.78978821],
       [0.01950518, 0.33033261, 0.77544491, 0.64225099, 0.23460607,
        0.30670668],
       [0.41759131, 0.97320873, 0.76901852, 0.90026631, 0.21704985,
        0.50939743],
       [0.94293898, 0.50935498, 0.53724734, 0.26652168, 0.14523783,
        0.61201667],
       [0.04841509, 0.00990063, 0.47695676, 0.41936923, 0.95464088,
        0.89954508],
       [0.25886302, 0.33323404, 0.15260854, 0.35581443, 0.27422754,
        0.93081452]]), array([[0.98253047, 0.93565916, 0.1140765 , 0.32746676, 0.34385697,
        0.02582253],
       [0.53829871, 0.17611896, 0.57102559, 0.31392824, 0.83277284,
        0.81519255],
       [0.93938281, 0.6037803 , 0.34820013, 0.45229878, 0.11256555,
        0.47169849],
       [0.33984805, 0.29660258, 0.82037829, 0.66437525, 0.26204215,
        0.1176118 ],
       [0.52551364, 0.84154526, 0.00842209, 0.02985268, 0.70641812,
        0.83475904],
       [0.75958582, 0.46926193, 0.2808544 , 0.18097977, 0.85576373,
        0.05218566]]), array([[0.97311858, 0.95432729, 0.40839032, 0.51062635, 0.96892991,
        0.90505232],
       [0.34482675, 0.96476697, 0.4637865 , 0.45279431, 0.30582808,
        0.55055685],
       [0.41655668, 0.50717255, 0.34173597, 0.76254012, 0.97499878,
        0.21483284],
       [0.84066696, 0.14026341, 0.36305191, 0.39600756, 0.91211712,
        0.03682024],
       [0.36897258, 0.2193921 , 0.05509813, 0.37383452, 0.64640035,
        0.75346685],
       [0.50239485, 0.83498215, 0.36623969, 0.24047787, 0.49734908,
        0.95367239]]), array([[0.47009868, 0.21674658, 0.93911779, 0.01689849, 0.09889056,
        0.12833638],
       [0.56770336, 0.51144389, 0.24833331, 0.08248527, 0.7633889 ,
        0.74597212],
       [0.36723856, 0.37414691, 0.19903826, 0.19596451, 0.94302063,
        0.29673061],
       [0.8471763 , 0.48331542, 0.3271775 , 0.05732985, 0.36725192,
        0.97923178],
       [0.47985504, 0.02819581, 0.21228253, 0.95478751, 0.75976432,
        0.91083122],
       [0.57113406, 0.1005195 , 0.06134308, 0.73849558, 0.20023042,
        0.65210073]]), array([[0.85602663, 0.70102553, 0.26659434, 0.1885052 , 0.66534204,
        0.4802549 ],
       [0.98437261, 0.60558884, 0.7417866 , 0.44785859, 0.87604703,
        0.09641999],
       [0.11949427, 0.87653287, 0.60291917, 0.01409151, 0.66368204,
        0.44318661],
       [0.62581262, 0.03081333, 0.52060105, 0.4947103 , 0.73232752,
        0.80993417],
       [0.56921474, 0.56202375, 0.21953145, 0.21688602, 0.02872141,
        0.57059789],
       [0.4948487 , 0.13837691, 0.7143029 , 0.38127412, 0.40674079,
        0.91014413]]), array([[0.19017889, 0.00180996, 0.55015233, 0.5911702 , 0.72489636,
        0.36969339],
       [0.2877464 , 0.72506924, 0.0023854 , 0.58119323, 0.40795397,
        0.93071972],
       [0.05320424, 0.93113711, 0.21970703, 0.35785031, 0.19950169,
        0.65954923],
       [0.13040387, 0.23623534, 0.19481481, 0.26373124, 0.89970833,
        0.58214631],
       [0.5549893 , 0.45004595, 0.66664241, 0.97139221, 0.33943083,
        0.11426967],
       [0.84743391, 0.77097569, 0.18150972, 0.49069763, 0.90648741,
        0.1542667 ]]), array([[0.09471475, 0.10252193, 0.17188731, 0.53578276, 0.47281198,
        0.11211718],
       [0.39501184, 0.23751893, 0.8902298 , 0.53666694, 0.31288583,
        0.7423791 ],
       [0.57775558, 0.3511823 , 0.55645806, 0.91834343, 0.40900969,
        0.01807406],
       [0.68147223, 0.83528783, 0.66525349, 0.26704358, 0.35281224,
        0.58963242],
       [0.79515325, 0.08305051, 0.45751413, 0.95754928, 0.6435338 ,
        0.8227634 ],
       [0.38212743, 0.20726837, 0.03996013, 0.73885015, 0.51124357,
        0.07095564]]), array([[0.84698855, 0.16946064, 0.71553533, 0.7159876 , 0.78321041,
        0.27551811],
       [0.90162629, 0.42313704, 0.62079268, 0.63599953, 0.09491192,
        0.06138572],
       [0.22781837, 0.41904104, 0.42941071, 0.10323936, 0.52133396,
        0.81604971],
       [0.21419095, 0.64066343, 0.66518093, 0.70691146, 0.83786702,
        0.01459811],
       [0.83778509, 0.9872842 , 0.84900087, 0.96004191, 0.43976215,
        0.94388832],
       [0.49242721, 0.01076019, 0.93265335, 0.61328834, 0.75394432,
        0.86470755]]), array([[0.54237591, 0.75185432, 0.52009466, 0.44880587, 0.80037023,
        0.92245778],
       [0.28908878, 0.01508912, 0.74010864, 0.66015067, 0.18150501,
        0.96266149],
       [0.70886561, 0.32111279, 0.13076965, 0.08328925, 0.21573868,
        0.4291761 ],
       [0.49126118, 0.84866944, 0.43691494, 0.81636864, 0.81694638,
        0.34046477],
       [0.5027258 , 0.70071368, 0.68544424, 0.22130648, 0.88563286,
        0.55457384],
       [0.52677034, 0.81536211, 0.88815233, 0.6257511 , 0.20395934,
        0.34938445]]), array([[0.4991195 , 0.67819113, 0.47012791, 0.3733654 , 0.62941675,
        0.40159652],
       [0.21032418, 0.74043712, 0.18856778, 0.35366177, 0.53222133,
        0.85198907],
       [0.67334308, 0.68780807, 0.98541225, 0.53141799, 0.47982369,
        0.93848777],
       [0.77186828, 0.0818167 , 0.96235403, 0.41362296, 0.99532818,
        0.06319576],
       [0.31236718, 0.53481055, 0.78986841, 0.56973132, 0.60846853,
        0.18272574],
       [0.52327572, 0.95703148, 0.96853594, 0.13862311, 0.57463171,
        0.49694557]]), array([[0.38395925, 0.66695352, 0.39175519, 0.13245031, 0.70303157,
        0.3015704 ],
       [0.10853537, 0.2066252 , 0.50396487, 0.50738183, 0.25371742,
        0.61879803],
       [0.2232767 , 0.02925038, 0.05065213, 0.90166531, 0.44545308,
        0.25592306],
       [0.45012963, 0.69471345, 0.13192893, 0.53945299, 0.26924393,
        0.2557113 ],
       [0.77341107, 0.86217044, 0.50673987, 0.09319817, 0.3967503 ,
        0.52652394],
       [0.39144006, 0.79052549, 0.16234935, 0.51196337, 0.54084314,
        0.39437598]]), array([[0.24500227, 0.06470645, 0.95431767, 0.10265943, 0.21427821,
        0.01123637],
       [0.55927758, 0.37772726, 0.00659934, 0.33073724, 0.54844993,
        0.57599546],
       [0.31569554, 0.22489029, 0.01190482, 0.48363108, 0.94944635,
        0.07015378],
       [0.46837206, 0.54319038, 0.08310734, 0.23727048, 0.07278755,
        0.16965065],
       [0.00745943, 0.22288605, 0.6934291 , 0.51829201, 0.19118576,
        0.02921365],
       [0.24452045, 0.51164769, 0.83658491, 0.93523022, 0.52847296,
        0.6944747 ]]), array([[0.51449268, 0.18591816, 0.40854479, 0.68033968, 0.16585743,
        0.16175421],
       [0.47700989, 0.16364054, 0.9547742 , 0.21256384, 0.66123559,
        0.68327573],
       [0.43179989, 0.22686944, 0.12230487, 0.55601685, 0.94997429,
        0.39255218],
       [0.29679334, 0.39316945, 0.50970012, 0.56035409, 0.21077654,
        0.61117939],
       [0.94938908, 0.50763305, 0.14594188, 0.21275106, 0.27567297,
        0.85394869],
       [0.4259772 , 0.21089714, 0.71415474, 0.52738541, 0.62433514,
        0.76354352]]), array([[0.81836029, 0.24546267, 0.02985177, 0.33504011, 0.45866903,
        0.55505493],
       [0.01167593, 0.46849714, 0.47404516, 0.71866226, 0.99270507,
        0.70974709],
       [0.89071469, 0.38801337, 0.4659613 , 0.65894519, 0.2895323 ,
        0.15008006],
       [0.9178038 , 0.47135718, 0.43639421, 0.23467343, 0.35612192,
        0.97809389],
       [0.51048455, 0.08657736, 0.81945452, 0.34576591, 0.66672462,
        0.66853941],
       [0.53618551, 0.40050621, 0.96305782, 0.88844724, 0.31006203,
        0.11170502]]), array([[0.96118526, 0.03529702, 0.51891594, 0.41023856, 0.10610893,
        0.48452207],
       [0.64072372, 0.03604476, 0.79157777, 0.93147543, 0.05015038,
        0.22703189],
       [0.12842304, 0.28494527, 0.80429198, 0.84979009, 0.61654519,
        0.59353546],
       [0.51852866, 0.95460416, 0.91402032, 0.00372876, 0.19758385,
        0.51299258],
       [0.19743971, 0.04855536, 0.68534626, 0.40176577, 0.4114145 ,
        0.10950889],
       [0.58635365, 0.14998091, 0.73556598, 0.97231576, 0.35728705,
        0.63131924]]), array([[0.34760413, 0.79276905, 0.5209411 , 0.04783634, 0.78642269,
        0.16366209],
       [0.77301269, 0.47202546, 0.92313175, 0.91600516, 0.24764852,
        0.63862996],
       [0.15718224, 0.55301722, 0.29388039, 0.06100637, 0.80212521,
        0.66028386],
       [0.22029782, 0.43664353, 0.65915912, 0.46033967, 0.2083927 ,
        0.27328854],
       [0.51926161, 0.90787133, 0.01585632, 0.42931569, 0.50517863,
        0.96800855],
       [0.3900061 , 0.59340366, 0.36040588, 0.14619606, 0.81951744,
        0.78107352]]), array([[0.23570833, 0.89099269, 0.6326524 , 0.80813805, 0.37949359,
        0.30154911],
       [0.28009008, 0.88935553, 0.83172135, 0.00256459, 0.82362574,
        0.17771226],
       [0.34358022, 0.85397005, 0.0642266 , 0.76144231, 0.72626572,
        0.11990724],
       [0.77305536, 0.81200005, 0.05287566, 0.84079229, 0.0691955 ,
        0.80820248],
       [0.66691517, 0.43248134, 0.24125273, 0.20576306, 0.2941485 ,
        0.52286281],
       [0.82298323, 0.26705089, 0.11209988, 0.63812119, 0.06367212,
        0.62229129]]), array([[0.33768785, 0.24451148, 0.66042846, 0.28348329, 0.91529409,
        0.25061323],
       [0.55120085, 0.31567066, 0.62694446, 0.41039359, 0.38381342,
        0.41298122],
       [0.07875335, 0.11297679, 0.06246377, 0.37559224, 0.98917678,
        0.33784297],
       [0.2428718 , 0.37978092, 0.34361357, 0.61842558, 0.59260886,
        0.09985582],
       [0.08927119, 0.75121772, 0.75413008, 0.27091803, 0.71266561,
        0.30567909],
       [0.54409905, 0.543242  , 0.44602813, 0.31868182, 0.69514955,
        0.83224138]]), array([[0.50811154, 0.60080632, 0.09113019, 0.44008301, 0.14076218,
        0.82038768],
       [0.05882441, 0.39835107, 0.37178278, 0.43404152, 0.56922003,
        0.98772614],
       [0.10653057, 0.97541082, 0.20738852, 0.45703809, 0.0151174 ,
        0.91159213],
       [0.7986094 , 0.68949712, 0.85430674, 0.76501934, 0.66913938,
        0.88930625],
       [0.14957833, 0.31216733, 0.3407633 , 0.29709623, 0.34149663,
        0.61061973],
       [0.67372389, 0.27515434, 0.37630679, 0.82163393, 0.76390317,
        0.98913138]]), array([[0.96987671, 0.07614992, 0.55442782, 0.10576616, 0.18758991,
        0.44073287],
       [0.4660406 , 0.82994935, 0.47381051, 0.7954021 , 0.13076614,
        0.25377539],
       [0.49464526, 0.86833448, 0.77702366, 0.6089179 , 0.92349445,
        0.97971556],
       [0.87631958, 0.48195592, 0.02852785, 0.67103342, 0.69954166,
        0.71369457],
       [0.55182126, 0.31304075, 0.34704885, 0.26505659, 0.99512223,
        0.47799989],
       [0.55982198, 0.5985884 , 0.15634384, 0.76244466, 0.60653737,
        0.24598423]]), array([[0.08147346, 0.83906816, 0.90214205, 0.38344   , 0.86155631,
        0.34439293],
       [0.09609314, 0.23675735, 0.53298779, 0.30652952, 0.75859328,
        0.95037419],
       [0.85002782, 0.21777736, 0.29606507, 0.76410116, 0.83317117,
        0.40995114],
       [0.37648896, 0.48973251, 0.6383364 , 0.76237603, 0.02684581,
        0.74158746],
       [0.13496721, 0.32922294, 0.39613798, 0.78976972, 0.63279429,
        0.90015779],
       [0.66506669, 0.7425806 , 0.47757443, 0.7064692 , 0.14226509,
        0.42339117]]), array([[0.34313564, 0.42188216, 0.94882264, 0.03994516, 0.40242547,
        0.8148866 ],
       [0.17604985, 0.55617167, 0.3918085 , 0.75971633, 0.50949078,
        0.32911185],
       [0.58776449, 0.14254221, 0.60956381, 0.89244954, 0.93353439,
        0.76992908],
       [0.30603048, 0.37729764, 0.37211693, 0.27057064, 0.43970594,
        0.68497084],
       [0.41215484, 0.95514231, 0.49683265, 0.91084063, 0.00118764,
        0.44496056],
       [0.07757729, 0.80544654, 0.5040729 , 0.63380742, 0.38767396,
        0.52021124]]), array([[0.72121623, 0.5057796 , 0.35785053, 0.63550388, 0.31949216,
        0.00454641],
       [0.00625357, 0.62384557, 0.05620763, 0.6822117 , 0.06098219,
        0.91659925],
       [0.49418786, 0.22287034, 0.15975494, 0.49864657, 0.5605118 ,
        0.37694952],
       [0.44031883, 0.89959192, 0.9468258 , 0.57522259, 0.68479591,
        0.91164855],
       [0.80137642, 0.71703228, 0.0336512 , 0.22019592, 0.92885266,
        0.88354829],
       [0.5056535 , 0.85872151, 0.71226969, 0.69699475, 0.80473963,
        0.44974741]]), array([[0.34432792, 0.57343305, 0.96140376, 0.69424585, 0.34864995,
        0.15580315],
       [0.39048038, 0.35995103, 0.85821135, 0.56340886, 0.47113046,
        0.57843822],
       [0.19298124, 0.52870893, 0.60530819, 0.2602274 , 0.44005269,
        0.71765015],
       [0.67439241, 0.96049414, 0.91070035, 0.39609657, 0.47515117,
        0.56240313],
       [0.27829022, 0.55114532, 0.8536166 , 0.34880358, 0.97269668,
        0.74494291],
       [0.37978048, 0.05024833, 0.61171873, 0.48939881, 0.4621428 ,
        0.52190035]]), array([[0.54825157, 0.07950194, 0.04923409, 0.70814714, 0.73835355,
        0.17901199],
       [0.51266577, 0.53655599, 0.3898653 , 0.54807235, 0.52700177,
        0.54710459],
       [0.87854112, 0.06094866, 0.43664   , 0.5093845 , 0.77844975,
        0.66986578],
       [0.96358196, 0.20440654, 0.22579481, 0.09621441, 0.93287528,
        0.18146565],
       [0.24129368, 0.57281033, 0.82572907, 0.40314033, 0.30604324,
        0.51851847],
       [0.45437826, 0.30485821, 0.02208936, 0.54543885, 0.31045534,
        0.30904929]]), array([[0.34762215, 0.25629174, 0.96011463, 0.29207722, 0.60358002,
        0.11478986],
       [0.53777576, 0.71293692, 0.65889824, 0.27169877, 0.50202139,
        0.55978798],
       [0.149879  , 0.84169861, 0.44311955, 0.95414075, 0.79677839,
        0.819968  ],
       [0.65525287, 0.11569989, 0.93128628, 0.81186008, 0.99001913,
        0.27997283],
       [0.92923192, 0.79688031, 0.47375413, 0.95771032, 0.69011154,
        0.26772733],
       [0.95100524, 0.44118857, 0.62312262, 0.62938198, 0.88031563,
        0.38074861]]), array([[0.25419195, 0.62230338, 0.48327373, 0.43591805, 0.67375861,
        0.83256053],
       [0.0433192 , 0.41062978, 0.71980716, 0.92756813, 0.36363582,
        0.0724404 ],
       [0.89282953, 0.19207201, 0.67654871, 0.96911881, 0.63629573,
        0.58336313],
       [0.21080835, 0.48603119, 0.07475843, 0.59068052, 0.20023251,
        0.06443949],
       [0.4326543 , 0.24062992, 0.01708074, 0.43321683, 0.32645927,
        0.27057971],
       [0.61560077, 0.090804  , 0.28121746, 0.95575587, 0.50293783,
        0.05708062]]), array([[0.32880263, 0.62239516, 0.95648033, 0.62215035, 0.1363359 ,
        0.38656087],
       [0.54299547, 0.09400785, 0.66137408, 0.30852526, 0.17215037,
        0.49697714],
       [0.53350719, 0.15623658, 0.04646521, 0.84271176, 0.52830383,
        0.60830617],
       [0.41158486, 0.49358511, 0.23554239, 0.63040988, 0.70217118,
        0.40382918],
       [0.39097463, 0.23492368, 0.9096195 , 0.62694121, 0.48400245,
        0.2128302 ],
       [0.39416347, 0.32825397, 0.78639177, 0.79018187, 0.07138047,
        0.9996876 ]]), array([[0.01323286, 0.5273682 , 0.49117011, 0.45490818, 0.20036987,
        0.39017492],
       [0.97198551, 0.31628032, 0.9415808 , 0.4068853 , 0.69268725,
        0.63678998],
       [0.15226566, 0.34531085, 0.22868447, 0.17298408, 0.64853533,
        0.96975924],
       [0.11234517, 0.55822259, 0.00521926, 0.61215084, 0.92344792,
        0.41505733],
       [0.33754479, 0.72383021, 0.98075848, 0.51257402, 0.60226884,
        0.76084639],
       [0.97152581, 0.13880259, 0.29244875, 0.10172327, 0.11906024,
        0.87921516]]), array([[0.17817878, 0.98535046, 0.49837901, 0.38960312, 0.97572178,
        0.81880504],
       [0.58444812, 0.52398452, 0.46352654, 0.46308402, 0.50842898,
        0.26862499],
       [0.47604517, 0.25243698, 0.68729805, 0.76910488, 0.76977833,
        0.33548119],
       [0.01476012, 0.07507108, 0.00308199, 0.19312764, 0.61902257,
        0.22267352],
       [0.75428972, 0.84793388, 0.01720433, 0.06845951, 0.97327718,
        0.37449142],
       [0.44147779, 0.46443402, 0.71732022, 0.49045687, 0.60415828,
        0.81923704]]), array([[0.65454247, 0.58971589, 0.76783944, 0.37522058, 0.53904422,
        0.82989736],
       [0.02788168, 0.27218319, 0.10778665, 0.54071681, 0.03784361,
        0.86388074],
       [0.69892887, 0.51189873, 0.55131211, 0.71708929, 0.73831089,
        0.92498764],
       [0.82197664, 0.42615148, 0.37184444, 0.12698949, 0.3354736 ,
        0.56323744],
       [0.60272337, 0.2874942 , 0.19969304, 0.32358926, 0.75037143,
        0.82128817],
       [0.35506217, 0.3900412 , 0.34672094, 0.1057188 , 0.70320606,
        0.3634715 ]]), array([[0.42287025, 0.20380275, 0.04223485, 0.92049334, 0.12038795,
        0.59024572],
       [0.86320706, 0.82816462, 0.59755695, 0.68775877, 0.43633125,
        0.08432709],
       [0.88849579, 0.58721726, 0.47925172, 0.59518636, 0.31636489,
        0.17252247],
       [0.89563141, 0.75892103, 0.66078216, 0.99602955, 0.95425562,
        0.38851863],
       [0.60302169, 0.19266904, 0.36059069, 0.41754607, 0.27952745,
        0.04512871],
       [0.27943113, 0.68077   , 0.8297259 , 0.27781613, 0.80086447,
        0.4531101 ]]), array([[0.39150309, 0.64119668, 0.4444338 , 0.08507881, 0.42346613,
        0.1346493 ],
       [0.78558669, 0.46863139, 0.4486923 , 0.29399207, 0.54487928,
        0.83296939],
       [0.13353675, 0.23567751, 0.82868364, 0.7307475 , 0.09603488,
        0.28682293],
       [0.40399928, 0.56048758, 0.78989816, 0.7044721 , 0.80842313,
        0.52342081],
       [0.78031433, 0.29098915, 0.59033518, 0.87641351, 0.76917789,
        0.5049771 ],
       [0.72468029, 0.68415151, 0.76142299, 0.30314833, 0.62363392,
        0.37436758]]), array([[ 0.64172121,  0.47867011,  0.70616501,  0.19150138,  0.47121832,
         0.7153969 ],
       [-0.71260692, -0.03942008,  0.11379727, -0.46348178, -0.6733747 ,
        -0.86735047],
       [ 0.20613969,  0.70894617,  0.42822905,  0.52403527,  0.72681764,
         0.7668405 ],
       [ 0.04422323,  0.79032876,  0.40685583,  0.11105723,  0.54760335,
         0.16739948],
       [ 0.74258183,  0.45644565,  0.4910677 , -0.07893378,  0.77421287,
         0.67129839],
       [-0.6514768 , -0.63955914, -0.70048714, -0.48586064, -0.00196445,
        -0.38452404]]), array([[-0.57278694, -0.00289554, -0.6468828 , -0.74900377, -1.01830686,
         0.2994355 ],
       [-0.56602252,  0.09891547, -0.86830654, -0.56507752, -0.95444374,
        -0.00368801],
       [-0.8529323 , -0.05967745, -0.81868118, -0.737222  , -0.52250965,
        -0.25358462],
       [-1.14492817, -0.37935951, -0.91251816, -0.16755954, -0.6221865 ,
        -0.12420784],
       [-0.85218187,  0.36511609, -0.89807721, -0.384161  , -0.8060786 ,
        -0.30904612],
       [-0.72102409, -0.41183207, -1.14908578, -0.37998331, -0.64087403,
         0.2563686 ]]), array([[-1.67780821, -1.68619531, -1.67368909, -1.67203546, -1.7023647 ,
        -1.66828177]])] 
 0.5, 
 1e-19, 
 10000