weigths: [array([[0.96553718, 0.74852575, 0.7637165 , 0.54675554, 0.64392855,
        0.054231  ],
       [0.39384487, 0.49637568, 0.29213908, 0.64473448, 0.57161731,
        0.85482835],
       [0.13564537, 0.59270873, 0.57697751, 0.99395246, 0.8794046 ,
        0.84191916],
       [0.62540535, 0.35856008, 0.76835134, 0.90040939, 0.07094439,
        0.52985534],
       [0.45787186, 0.59510083, 0.82974436, 0.63203074, 0.94762062,
        0.78806164],
       [0.22902228, 0.00559367, 0.62587062, 0.83225239, 0.04198217,
        0.20546797],
       [0.13298724, 0.06751112, 0.70689213, 0.1081372 , 0.49894412,
        0.24030264],
       [0.42555376, 0.55563943, 0.55543224, 0.58817032, 0.22672284,
        0.4018668 ],
       [0.60258089, 0.38497815, 0.24500865, 0.4544996 , 0.25519462,
        0.14739887],
       [0.69263744, 0.70757145, 0.70385513, 0.1720389 , 0.98926857,
        0.46874943],
       [0.61218368, 0.70033338, 0.57169375, 0.79082971, 0.8877604 ,
        0.7142368 ],
       [0.86277502, 0.49833397, 0.14139779, 0.74898133, 0.58715018,
        0.30944234]]), array([[0.04587301, 0.49485675, 0.91769408, 0.32824274, 0.93904557,
        0.81747113, 0.90062562, 0.46629494, 0.03759141, 0.69212478,
        0.27151794, 0.84411211],
       [0.45100845, 0.66755402, 0.85735223, 0.64751012, 0.63429261,
        0.5167657 , 0.0796209 , 0.28192503, 0.48668271, 0.35056363,
        0.78233834, 0.19331617],
       [0.54865021, 0.17754072, 0.70143037, 0.87522743, 0.66550896,
        0.43364488, 0.19856141, 0.77968081, 0.34662372, 0.86314933,
        0.73313364, 0.19896845],
       [0.30911799, 0.97372639, 0.68550623, 0.72571097, 0.68282732,
        0.30101404, 0.3420172 , 0.94630991, 0.28418826, 0.15269854,
        0.62577584, 0.94501443],
       [0.06689983, 0.45797203, 0.09003734, 0.67009403, 0.14460102,
        0.58726947, 0.44558131, 0.11047232, 0.87975551, 0.26763052,
        0.61701363, 0.6412889 ],
       [0.72445115, 0.71945196, 0.48771181, 0.15883119, 0.63892553,
        0.4108281 , 0.88221919, 0.51724566, 0.91073588, 0.09158196,
        0.08664397, 0.10788398],
       [0.22715666, 0.50438759, 0.25303061, 0.73941345, 0.03701171,
        0.87341216, 0.94738808, 0.80724002, 0.99807642, 0.10013862,
        0.84501524, 0.50875818],
       [0.13285731, 0.20545534, 0.09076792, 0.3705552 , 0.01811816,
        0.73169955, 0.43052527, 0.11395301, 0.96255187, 0.33247173,
        0.09104565, 0.00972427],
       [0.18914859, 0.0310423 , 0.01454746, 0.92494971, 0.9378975 ,
        0.33969263, 0.27476139, 0.5569495 , 0.33606975, 0.85464647,
        0.33886159, 0.73171499],
       [0.23631158, 0.19506781, 0.31514568, 0.18771092, 0.00641332,
        0.57062286, 0.46843598, 0.27232683, 0.89276606, 0.63955361,
        0.55594402, 0.41235477],
       [0.49613025, 0.6539908 , 0.15728141, 0.46347048, 0.59819026,
        0.31159219, 0.94103935, 0.80648983, 0.86622334, 0.96691667,
        0.60863009, 0.68239848],
       [0.35477897, 0.15457895, 0.19203903, 0.41224766, 0.38287342,
        0.97476913, 0.44784342, 0.77975322, 0.61548198, 0.93001063,
        0.82618234, 0.11619736]]), array([[0.02080528, 0.24985223, 0.11328802, 0.32055666, 0.08673075,
        0.85971429, 0.53883592, 0.51137587, 0.01781544, 0.29068811,
        0.70886023, 0.02948841],
       [0.586327  , 0.52419949, 0.08949766, 0.00691637, 0.3016526 ,
        0.40160829, 0.23006601, 0.40493417, 0.07574921, 0.59331551,
        0.66682013, 0.99277893],
       [0.49823816, 0.52782548, 0.98196287, 0.29647134, 0.05949005,
        0.55437535, 0.70192764, 0.91209244, 0.52232986, 0.96897685,
        0.44268927, 0.25172915],
       [0.22437311, 0.32638891, 0.60552971, 0.7056182 , 0.18342599,
        0.5552679 , 0.4240506 , 0.88888   , 0.23151321, 0.9462038 ,
        0.75981594, 0.61321302],
       [0.22420138, 0.39820585, 0.41345158, 0.49679282, 0.23857469,
        0.21700762, 0.96168061, 0.77819342, 0.17652206, 0.04083976,
        0.58935917, 0.73496714],
       [0.6583671 , 0.24382341, 0.20233144, 0.48391318, 0.90811165,
        0.00277538, 0.89795858, 0.85656884, 0.23243481, 0.46529765,
        0.51117767, 0.58971457],
       [0.49892077, 0.59735125, 0.64948277, 0.62743005, 0.92419115,
        0.36916653, 0.40018366, 0.26792715, 0.97377297, 0.92917981,
        0.62599083, 0.16123184],
       [0.145988  , 0.80625272, 0.65725406, 0.9996229 , 0.32951816,
        0.01344338, 0.65510574, 0.28629129, 0.83854172, 0.07392688,
        0.23087649, 0.00381258],
       [0.3213422 , 0.57730525, 0.10856919, 0.53198446, 0.14299201,
        0.40234266, 0.64779747, 0.30059438, 0.52847211, 0.93416518,
        0.74484758, 0.09415554],
       [0.48313484, 0.44680494, 0.7850396 , 0.29849715, 0.97581699,
        0.40735168, 0.76127277, 0.11152549, 0.48622234, 0.4851028 ,
        0.7870046 , 0.07771247],
       [0.13037755, 0.03142781, 0.39703882, 0.96396668, 0.45083606,
        0.62479671, 0.80349826, 0.50662466, 0.99926844, 0.82375481,
        0.32148059, 0.69512045],
       [0.78616126, 0.17876831, 0.09994765, 0.75196455, 0.26776301,
        0.74884726, 0.62940892, 0.56427721, 0.18867188, 0.88031716,
        0.90517759, 0.22750225]]), array([[4.56253880e-01, 4.71534393e-01, 8.92336867e-01, 7.93654283e-01,
        4.54180675e-01, 5.57579790e-01, 1.99079113e-01, 6.10824095e-01,
        9.24770724e-01, 2.50621701e-01, 3.05711570e-01, 1.43511650e-01],
       [7.66786516e-01, 8.41430945e-01, 5.14029690e-01, 8.83723701e-01,
        3.74066865e-01, 4.38052488e-01, 9.75834404e-01, 1.88916562e-01,
        4.10059581e-01, 6.67268192e-01, 1.22734685e-01, 7.55863577e-01],
       [5.54268502e-01, 2.87334208e-01, 2.27760763e-01, 1.39780992e-01,
        5.73162737e-01, 9.35662833e-01, 8.22608156e-01, 6.67843046e-01,
        2.23745035e-01, 1.75818657e-01, 6.22894073e-01, 1.11057952e-01],
       [4.80355928e-01, 3.88765838e-01, 5.04485139e-01, 5.55631545e-04,
        9.30932282e-01, 8.72349304e-01, 3.81997682e-01, 2.45126673e-01,
        4.14997261e-01, 7.98540276e-01, 8.70432184e-01, 3.31258748e-01],
       [4.77398139e-02, 3.18939913e-01, 5.60464325e-01, 3.85625548e-01,
        6.06578261e-03, 9.95430483e-01, 4.41542184e-01, 1.34347299e-01,
        2.99082539e-01, 8.65819231e-01, 5.13784098e-01, 6.36695324e-01],
       [2.46630194e-02, 3.25776750e-01, 6.78608038e-02, 6.69968147e-01,
        8.85123624e-02, 8.31113398e-01, 8.89756336e-01, 4.14603998e-01,
        3.15899871e-01, 2.16747922e-02, 3.71922555e-01, 3.04933349e-01],
       [4.19104193e-01, 6.87535271e-01, 4.34071854e-01, 8.26977183e-01,
        1.33756164e-01, 4.33609153e-01, 1.44588998e-03, 8.63582456e-01,
        3.41515464e-01, 7.22356296e-01, 6.70257374e-01, 3.76464148e-01],
       [4.58726163e-02, 8.12852873e-01, 4.85356832e-01, 9.81573310e-01,
        3.82890292e-01, 4.86306327e-02, 6.29981021e-01, 6.07352804e-01,
        7.55748728e-01, 1.44648508e-01, 1.47904284e-01, 1.12514126e-01],
       [4.46875557e-01, 2.77121418e-01, 2.31108505e-01, 4.64784873e-01,
        5.70625206e-01, 6.26789008e-01, 7.87667465e-01, 1.09297031e-01,
        9.16941973e-01, 7.18387317e-01, 2.22527569e-01, 7.35382885e-01],
       [9.56539923e-01, 7.70645115e-02, 9.63982420e-01, 7.19435675e-01,
        2.89475806e-01, 8.47855183e-01, 8.47205579e-03, 7.40859687e-01,
        4.74815811e-01, 5.58997662e-01, 8.75481633e-01, 5.42124037e-01],
       [2.33035954e-01, 5.85569355e-01, 7.26473202e-01, 3.53397980e-01,
        2.34121153e-01, 3.35754816e-01, 2.51876815e-01, 5.52233897e-01,
        2.71293751e-01, 4.87892853e-01, 6.06130053e-01, 8.16592086e-01],
       [7.89819214e-02, 6.39154393e-01, 5.47830478e-01, 9.22241606e-02,
        1.86637913e-01, 1.11398332e-01, 3.71869441e-01, 5.16055505e-01,
        5.92775716e-01, 4.69140131e-01, 7.36421384e-01, 9.42608545e-01]]), array([[9.04360306e-01, 2.58362234e-01, 1.55290135e-01, 9.74074531e-01,
        6.38156933e-01, 9.46449778e-01, 8.63677852e-02, 9.81705554e-01,
        1.39930862e-01, 5.97724301e-01, 5.75676662e-01, 7.99696946e-01],
       [8.14832684e-01, 6.45793416e-01, 4.59079603e-01, 1.49388188e-01,
        7.43466264e-01, 3.42450067e-02, 6.10466423e-02, 3.57192536e-02,
        1.94002271e-01, 9.34351938e-01, 1.98077711e-01, 4.58683269e-01],
       [7.75255360e-01, 2.97870997e-01, 6.21244016e-01, 4.25813795e-01,
        9.19653420e-01, 3.27905137e-01, 2.58349895e-01, 9.69093986e-01,
        8.45741699e-01, 9.39425679e-01, 9.38552499e-01, 5.74663857e-02],
       [7.96809675e-01, 9.96397463e-01, 5.66385031e-01, 9.24587466e-01,
        6.55788379e-01, 4.89364777e-01, 3.52776208e-01, 5.91731354e-01,
        7.90884366e-01, 4.80173924e-01, 3.67232687e-01, 4.66369559e-01],
       [1.60986063e-01, 6.91227101e-01, 5.96348765e-01, 9.97340579e-01,
        3.40119240e-01, 6.41502310e-01, 5.74166354e-01, 9.28235705e-01,
        4.21899969e-01, 5.74516506e-01, 2.56237877e-01, 5.66451271e-01],
       [4.19022387e-01, 5.53302158e-02, 3.76728016e-01, 1.31603218e-02,
        1.14152644e-01, 9.79071745e-01, 4.52049441e-01, 3.14318172e-01,
        6.58908289e-02, 8.81525569e-01, 2.67883366e-01, 7.37251665e-01],
       [4.20808463e-01, 7.98503270e-01, 9.64785104e-01, 5.57014560e-01,
        8.33370784e-01, 4.80335810e-01, 9.20316812e-01, 1.84235981e-01,
        4.83737608e-01, 1.69221052e-01, 7.16574991e-01, 1.78191281e-03],
       [4.94930061e-01, 6.30962519e-01, 2.53220737e-01, 5.56641274e-01,
        6.48955751e-01, 3.94912879e-01, 5.77559419e-01, 2.60591518e-01,
        3.80035110e-04, 4.12098294e-01, 3.05891521e-01, 2.24402475e-01],
       [1.40143164e-01, 6.59098768e-01, 3.26748059e-01, 1.68333463e-01,
        9.28163891e-01, 4.37968314e-01, 8.18085073e-01, 4.71050765e-01,
        4.07948260e-01, 7.65869829e-01, 9.97600131e-01, 5.86039280e-01],
       [4.11589578e-02, 6.87937253e-01, 7.31059390e-01, 9.07804915e-01,
        5.17475975e-01, 7.72579867e-01, 6.19079458e-01, 9.44019076e-01,
        2.43275817e-01, 9.36195791e-01, 1.62248344e-01, 2.66888176e-02],
       [8.60513294e-01, 3.13097570e-01, 1.59564516e-01, 6.51634025e-01,
        6.05847571e-01, 4.67580397e-01, 5.16300119e-01, 7.23424543e-01,
        2.13574209e-01, 3.82930179e-01, 9.27709954e-01, 5.76441001e-01],
       [4.57220878e-01, 8.97468066e-01, 6.68824529e-01, 8.96434969e-01,
        7.47895584e-01, 5.25285764e-01, 7.82193081e-01, 4.32033639e-01,
        7.44049162e-01, 7.68213209e-01, 1.92663695e-01, 1.34881367e-01]]), array([[0.4985042 , 0.2763075 , 0.95764456, 0.33923183, 0.16694865,
        0.44136635, 0.71861917, 0.44551526, 0.47737712, 0.75884594,
        0.58052161, 0.67215073],
       [0.81304678, 0.1158772 , 0.66223867, 0.2178942 , 0.81191976,
        0.00736771, 0.28252129, 0.96111086, 0.92307386, 0.12889472,
        0.91107411, 0.89423806],
       [0.38820499, 0.59696971, 0.73044953, 0.07764517, 0.24377252,
        0.4351347 , 0.94817216, 0.26335416, 0.82206958, 0.3718787 ,
        0.71145509, 0.31791159],
       [0.43443993, 0.93617615, 0.64234767, 0.21780885, 0.23775598,
        0.08670097, 0.66377138, 0.80729687, 0.41896936, 0.77555363,
        0.4312638 , 0.51057864],
       [0.0964966 , 0.8186254 , 0.77430863, 0.47905008, 0.82208226,
        0.34257715, 0.35443519, 0.70194274, 0.82756235, 0.00524864,
        0.00432889, 0.48029649],
       [0.1263291 , 0.1859223 , 0.55721236, 0.92818022, 0.98014073,
        0.80236244, 0.57814321, 0.79183426, 0.56588834, 0.0785555 ,
        0.3638808 , 0.48848667],
       [0.88721259, 0.65068649, 0.52751611, 0.94153611, 0.03085033,
        0.32206297, 0.3048783 , 0.88352879, 0.92723408, 0.43681393,
        0.68885787, 0.14854992],
       [0.32310917, 0.64444227, 0.69954917, 0.42475612, 0.32672322,
        0.04350211, 0.99480896, 0.608633  , 0.68601468, 0.45270175,
        0.23743864, 0.98787844],
       [0.7770577 , 0.51818773, 0.33502688, 0.87726127, 0.7998959 ,
        0.29048146, 0.85693654, 0.1173219 , 0.20370563, 0.97517689,
        0.40121836, 0.09702267],
       [0.29126818, 0.39805253, 0.38500142, 0.30892374, 0.95610785,
        0.02830698, 0.86860328, 0.867465  , 0.42873208, 0.2564435 ,
        0.252152  , 0.22129014],
       [0.81740606, 0.40622072, 0.79600266, 0.45664567, 0.44415965,
        0.27219901, 0.19865557, 0.29452734, 0.92298095, 0.2585987 ,
        0.58421575, 0.23346381],
       [0.63623677, 0.49273438, 0.3002342 , 0.80004113, 0.96798501,
        0.01724411, 0.85270443, 0.61071978, 0.26982684, 0.85761776,
        0.32336872, 0.28096195]]), array([[2.74715605e-01, 5.96341409e-01, 3.05466280e-01, 6.89383184e-01,
        6.29218952e-01, 9.58252779e-01, 1.18728485e-01, 5.05297361e-01,
        1.53657329e-02, 1.66018340e-01, 1.30811361e-01, 8.09761592e-01],
       [5.00129796e-01, 9.02212626e-01, 4.96121437e-01, 8.90573262e-01,
        2.66304196e-01, 8.05407345e-01, 6.23628898e-01, 6.91263162e-01,
        8.87657951e-01, 9.54462897e-01, 5.97930550e-01, 2.25764434e-01],
       [3.77380696e-01, 6.73168297e-01, 5.93287402e-04, 5.15690341e-01,
        8.72791976e-01, 5.41474898e-01, 2.37386920e-01, 6.37557663e-02,
        4.37883472e-01, 7.75322234e-01, 6.43351444e-01, 1.50010587e-01],
       [8.32868817e-01, 6.29683494e-01, 6.19682769e-01, 9.26830674e-01,
        3.69059266e-01, 7.75375305e-01, 8.23330777e-01, 4.27964379e-01,
        1.66868442e-01, 2.70763161e-01, 7.85902916e-01, 9.43549342e-02],
       [2.94240696e-01, 2.03526668e-01, 6.72008494e-01, 6.81266418e-01,
        9.77940253e-01, 5.59413596e-01, 1.22547025e-01, 4.65204450e-01,
        5.96418787e-01, 6.06801142e-01, 2.95081897e-01, 2.56726937e-01],
       [3.93693888e-01, 1.88200988e-01, 1.90769538e-01, 5.35122665e-02,
        4.22313603e-01, 6.24231281e-01, 6.51296900e-01, 2.30253025e-01,
        7.01891593e-01, 7.38812899e-01, 5.54505874e-01, 3.65922247e-01],
       [5.63645508e-01, 3.14382384e-01, 1.94185131e-01, 6.64526462e-01,
        7.90685085e-01, 9.48985329e-01, 1.99213086e-01, 3.12655120e-01,
        7.86772476e-01, 3.81373124e-01, 2.61314940e-01, 9.44708701e-01],
       [6.32807939e-01, 4.04417227e-01, 8.23433704e-01, 3.22143265e-01,
        7.03008290e-01, 4.53716222e-01, 6.24070161e-01, 6.29712202e-01,
        3.94006674e-01, 6.12847656e-01, 7.44505536e-01, 6.06991732e-01],
       [2.23485307e-01, 5.98477762e-01, 6.99480861e-01, 4.03272479e-01,
        4.88998119e-02, 6.84228067e-01, 8.88755070e-01, 3.23818704e-01,
        8.09312114e-01, 7.12621892e-01, 5.58630626e-01, 7.68049777e-01],
       [1.30944854e-02, 4.67066331e-01, 6.92300186e-01, 2.44895343e-01,
        9.97329166e-02, 8.88817090e-01, 1.84504061e-01, 8.73955143e-01,
        6.52823481e-01, 8.34130988e-01, 8.04983794e-01, 1.35630705e-01],
       [1.20522276e-02, 1.45163979e-01, 2.77168411e-01, 7.62565952e-01,
        2.05905125e-01, 2.43477481e-01, 7.92655755e-01, 3.23770035e-01,
        2.36904126e-01, 7.93393574e-01, 9.59546316e-01, 3.29011464e-01],
       [6.37486961e-01, 6.21486128e-01, 9.41123637e-01, 4.49536419e-01,
        6.69125083e-01, 1.35318498e-02, 6.20758404e-01, 3.85649368e-01,
        2.90742152e-01, 4.73512267e-01, 6.16973473e-01, 4.97586736e-01]]), array([[0.95223892, 0.29061609, 0.53167996, 0.21605651, 0.1024679 ,
        0.67443038, 0.68003515, 0.86534359, 0.50634838, 0.78514704,
        0.69329644, 0.446638  ],
       [0.26526911, 0.34909318, 0.54088323, 0.98206534, 0.95461667,
        0.65473581, 0.74895194, 0.25965563, 0.88567043, 0.30146052,
        0.06461159, 0.30407483],
       [0.76453934, 0.68585493, 0.67015622, 0.51067631, 0.55979852,
        0.91330447, 0.99089234, 0.17927611, 0.11468113, 0.94947227,
        0.82978563, 0.36062272],
       [0.67351183, 0.33259975, 0.038604  , 0.23341806, 0.92111591,
        0.94984941, 0.84528266, 0.33623745, 0.26572196, 0.75394765,
        0.71804388, 0.61490919],
       [0.28373795, 0.87014873, 0.66786531, 0.24432434, 0.30333844,
        0.86772067, 0.45996691, 0.47985206, 0.62548966, 0.32292632,
        0.43162393, 0.03265356],
       [0.16424631, 0.9976135 , 0.9753254 , 0.89835667, 0.84031953,
        0.64228023, 0.89360395, 0.89896164, 0.16287781, 0.84103538,
        0.00181657, 0.63592603],
       [0.69570707, 0.2940692 , 0.14910317, 0.05354691, 0.83667392,
        0.23650215, 0.75666515, 0.79277676, 0.14900181, 0.44700526,
        0.5748967 , 0.43851058],
       [0.09654429, 0.51962813, 0.45289317, 0.24705342, 0.40518003,
        0.91243258, 0.45322413, 0.39236083, 0.46571267, 0.82562331,
        0.66473551, 0.81468183],
       [0.62164989, 0.44317917, 0.42137752, 0.46642256, 0.88390832,
        0.7328268 , 0.19251408, 0.73785212, 0.84876501, 0.19729018,
        0.6653725 , 0.97865947],
       [0.7927946 , 0.85683974, 0.40838908, 0.57367267, 0.56303334,
        0.08561288, 0.91927253, 0.08522077, 0.0804806 , 0.47482396,
        0.97448544, 0.58900321],
       [0.05646631, 0.44243215, 0.76593388, 0.28534089, 0.62287495,
        0.16041584, 0.03733746, 0.95028177, 0.05954225, 0.35711925,
        0.75586695, 0.99938562],
       [0.40454256, 0.9344329 , 0.27218721, 0.75759196, 0.35430226,
        0.72624308, 0.2776676 , 0.04063377, 0.6381329 , 0.58953275,
        0.15316668, 0.02227549]]), array([[0.01773341, 0.45238773, 0.826931  , 0.50944969, 0.3326326 ,
        0.11914343, 0.00999374, 0.73245358, 0.8523831 , 0.98982596,
        0.03214812, 0.51990359],
       [0.66185634, 0.95285165, 0.41084894, 0.91361714, 0.59917294,
        0.65173073, 0.76261343, 0.3641227 , 0.55600464, 0.17242625,
        0.71655452, 0.25512046],
       [0.36705188, 0.37681484, 0.13405853, 0.09957495, 0.02070926,
        0.4662706 , 0.67601135, 0.71878067, 0.98776615, 0.636959  ,
        0.96860188, 0.13301616],
       [0.94458706, 0.17435746, 0.60403389, 0.85734401, 0.50678472,
        0.48762046, 0.69798243, 0.79412931, 0.92057162, 0.82286057,
        0.32923365, 0.21592541],
       [0.86934841, 0.0127131 , 0.1990856 , 0.3552709 , 0.08044457,
        0.48579696, 0.34980767, 0.59136267, 0.55989846, 0.49557456,
        0.73540737, 0.45260103],
       [0.24974568, 0.71905724, 0.21507878, 0.90011837, 0.72546578,
        0.86692481, 0.01048991, 0.5039573 , 0.64186449, 0.45387893,
        0.80699538, 0.0706289 ],
       [0.0693361 , 0.29340242, 0.90542914, 0.44049313, 0.48070105,
        0.25095272, 0.97944595, 0.42391865, 0.66268367, 0.37258079,
        0.81490899, 0.26049768],
       [0.93247343, 0.77408314, 0.23689714, 0.0508458 , 0.48763686,
        0.24401658, 0.54803158, 0.90810405, 0.1923543 , 0.78976622,
        0.26245035, 0.29953358],
       [0.16610658, 0.1101982 , 0.22166661, 0.75793191, 0.31901119,
        0.5695147 , 0.61859955, 0.42175414, 0.43333287, 0.01091435,
        0.04728165, 0.05454915],
       [0.15440152, 0.83952348, 0.97566112, 0.23931602, 0.30990893,
        0.72936548, 0.21021732, 0.05854742, 0.98530514, 0.451666  ,
        0.74660649, 0.83756014],
       [0.91003956, 0.30358794, 0.8762757 , 0.19660982, 0.53062224,
        0.83119991, 0.96396307, 0.78138211, 0.05240794, 0.77562713,
        0.99807883, 0.14461514],
       [0.96264462, 0.94731353, 0.90331625, 0.62752695, 0.01474453,
        0.48567597, 0.92080561, 0.81254045, 0.23978895, 0.24204374,
        0.88022018, 0.95091484]]), array([[0.07326933, 0.15792745, 0.73472003, 0.69495764, 0.97756998,
        0.02117237, 0.24475115, 0.63119506, 0.55205167, 0.96256318,
        0.07280881, 0.87259815],
       [0.65799369, 0.50123109, 0.11789229, 0.66328237, 0.00331235,
        0.65558951, 0.25389505, 0.18711822, 0.38270746, 0.45434675,
        0.17510839, 0.28270442],
       [0.0497922 , 0.98776904, 0.72171497, 0.23488646, 0.83331144,
        0.6584676 , 0.45578785, 0.96001705, 0.53710395, 0.93500311,
        0.58256316, 0.50993259],
       [0.99207847, 0.30091372, 0.56120205, 0.09677069, 0.7493877 ,
        0.68158084, 0.50603112, 0.73827951, 0.742581  , 0.5891815 ,
        0.27892538, 0.39986078],
       [0.57291838, 0.14905463, 0.71334959, 0.28062223, 0.37866862,
        0.83248027, 0.26190686, 0.28368287, 0.09739172, 0.94832886,
        0.82077351, 0.75558941],
       [0.62381477, 0.81841235, 0.33855311, 0.93484591, 0.98608564,
        0.23546157, 0.62423205, 0.09128249, 0.4940753 , 0.32546713,
        0.29661079, 0.71396499],
       [0.83215986, 0.28976434, 0.85063502, 0.81685718, 0.18193518,
        0.95469307, 0.97475083, 0.49026914, 0.55689638, 0.62231749,
        0.72274936, 0.85568747],
       [0.01511601, 0.20024906, 0.06779796, 0.94218666, 0.41179952,
        0.90611969, 0.64012612, 0.89350001, 0.74024343, 0.25335013,
        0.25335859, 0.84688116],
       [0.26830237, 0.57707271, 0.60098688, 0.35997296, 0.45891442,
        0.03174322, 0.0382165 , 0.20136535, 0.50958572, 0.46709561,
        0.62022545, 0.54947112],
       [0.15039572, 0.04687781, 0.0958656 , 0.21420735, 0.54467015,
        0.32598068, 0.77184265, 0.16584779, 0.51423916, 0.5973896 ,
        0.66321   , 0.66498833],
       [0.07152501, 0.3914927 , 0.99760838, 0.8437539 , 0.89795602,
        0.88826935, 0.14165927, 0.77745094, 0.28293286, 0.92843087,
        0.89926302, 0.93779763],
       [0.81541247, 0.38920068, 0.6105135 , 0.10157926, 0.11162957,
        0.03896339, 0.31053063, 0.25274847, 0.40573763, 0.87299362,
        0.6668836 , 0.22434276]]), array([[0.80513924, 0.08024838, 0.93824652, 0.19790877, 0.73588411,
        0.50457062, 0.86128837, 0.05112543, 0.32875321, 0.95196398,
        0.92981735, 0.72250477],
       [0.88277875, 0.24953093, 0.71257611, 0.45271068, 0.37262404,
        0.35044934, 0.76411814, 0.95234399, 0.09439938, 0.10941296,
        0.34971292, 0.96954121],
       [0.56115489, 0.02390295, 0.11608647, 0.40787235, 0.90398811,
        0.77689146, 0.67572479, 0.47997508, 0.2480519 , 0.64307601,
        0.22744284, 0.91735618],
       [0.00665245, 0.3917743 , 0.44345676, 0.37694464, 0.84277512,
        0.77346224, 0.55904602, 0.59427652, 0.0265033 , 0.73080447,
        0.04783028, 0.37567787],
       [0.61550442, 0.71678791, 0.57195499, 0.60795359, 0.35218125,
        0.48441609, 0.70087917, 0.54912065, 0.9883164 , 0.83646955,
        0.30798791, 0.25642008],
       [0.67531606, 0.35928448, 0.54042495, 0.27825961, 0.21538293,
        0.16775734, 0.35379913, 0.3739904 , 0.95679471, 0.34079839,
        0.56160635, 0.57415956],
       [0.80914304, 0.31172334, 0.2051024 , 0.7249923 , 0.1668857 ,
        0.79106363, 0.49836429, 0.99438648, 0.59497158, 0.01728023,
        0.80883259, 0.24303248],
       [0.29619864, 0.89552874, 0.23878217, 0.50076111, 0.24934921,
        0.94183585, 0.30254706, 0.83383315, 0.55350582, 0.5009869 ,
        0.3609851 , 0.14812261],
       [0.67572483, 0.41088771, 0.05897716, 0.80802293, 0.15526687,
        0.94958267, 0.14709023, 0.55667851, 0.53140794, 0.06194056,
        0.9440829 , 0.94568667],
       [0.46473543, 0.92668681, 0.732026  , 0.72948843, 0.43816005,
        0.74718296, 0.92099441, 0.91847466, 0.15228826, 0.4604748 ,
        0.63925058, 0.70326645],
       [0.36437207, 0.03644772, 0.49926776, 0.34338388, 0.79855723,
        0.10031994, 0.65651328, 0.7865973 , 0.49693855, 0.63770733,
        0.02803931, 0.9811977 ],
       [0.96417018, 0.69654025, 0.66761116, 0.59702287, 0.13868963,
        0.38431311, 0.66770847, 0.04686018, 0.25936669, 0.47018234,
        0.13633782, 0.39970324]]), array([[ 5.70707274e-01,  1.44150921e-01,  9.08958553e-02,
         4.70498844e-01,  4.07582132e-04,  8.43963817e-01,
         5.10787380e-01,  8.33464971e-01,  6.40953922e-01,
         8.62166746e-01,  9.92919412e-01,  8.88199285e-01],
       [ 6.00488101e-01,  7.67409660e-01,  5.65582724e-01,
         8.27909777e-01,  1.66052739e-02,  2.22747154e-01,
         2.04199193e-01,  1.91954155e-01,  2.36886333e-01,
         2.59274728e-01,  8.90749276e-01,  9.43361153e-01],
       [ 2.27431686e-01,  3.39099345e-01,  4.91052391e-01,
         3.14000707e-01,  6.85258044e-01,  5.71590225e-01,
         6.77764411e-01,  9.97824109e-01,  8.88409195e-01,
         9.59957719e-01,  2.73185336e-01,  5.10434123e-01],
       [ 9.30778722e-01,  5.82254812e-01,  1.48051671e-01,
         5.40000233e-02,  7.96531051e-01,  2.82350446e-01,
         6.97055780e-01,  5.74487279e-01,  9.50779372e-01,
         2.80725877e-01,  2.99050306e-01,  2.33364917e-01],
       [ 1.49367505e-01,  6.16415557e-01,  7.39175239e-01,
         3.96763574e-01,  7.71667192e-01,  8.45414049e-02,
         7.38620823e-01,  7.28068837e-02,  6.19211367e-01,
         3.53917336e-01,  6.15785735e-01,  5.49339800e-01],
       [ 8.97829960e-01,  7.88101456e-01,  2.81567853e-01,
         5.84354858e-01,  8.07281042e-01,  3.85567105e-02,
         6.97896940e-01,  3.12238020e-01,  6.45417787e-01,
         3.94889031e-01,  9.27775564e-01,  9.08652994e-01],
       [ 3.67291931e-01,  2.22364055e-01,  7.66560407e-01,
         9.64054243e-02,  4.48300440e-01, -9.03331715e-02,
         2.31854048e-01,  6.76955807e-01, -6.94990991e-02,
        -9.89106382e-02, -5.74609004e-02,  3.05913668e-01],
       [-2.91771218e-02,  3.69672779e-01,  1.43969504e-01,
         2.21052779e-02,  3.15112486e-02, -9.65539202e-02,
        -8.12660614e-02,  3.92248853e-01,  6.50253687e-01,
         6.33928061e-01,  4.17450285e-01,  3.19301867e-01],
       [ 8.26548995e-03,  6.28084317e-01,  1.97736858e-01,
         2.00867263e-01,  6.92162610e-01,  9.59303941e-01,
         1.57571387e-01,  1.00912988e-02,  5.04407532e-01,
         3.97270622e-01,  9.79064984e-01,  4.10833734e-01],
       [ 5.11777783e-01,  1.68965394e-01,  7.79743281e-01,
         2.79780693e-01,  6.79304884e-02,  5.04299865e-01,
         7.14667345e-01,  3.78753635e-01,  3.38320275e-01,
         2.39050403e-01,  1.44903749e-02,  4.14140951e-01],
       [ 8.40507199e-01,  4.19116508e-01,  7.56128559e-01,
         3.41282251e-01,  4.55860565e-01,  9.54215434e-01,
         8.17809519e-01,  8.72255380e-01,  8.18085388e-01,
         4.77468548e-01,  1.39916590e-01,  8.20969433e-01],
       [ 5.89482299e-01,  7.33809484e-01,  9.29516516e-01,
         7.91700088e-01,  5.69368321e-01,  8.16542679e-01,
         2.33856744e-01,  1.88566982e-01,  5.28502789e-02,
         7.79503311e-01,  7.45423811e-01,  6.27115714e-01]]), array([[0.33257196, 1.05653442, 0.72520153, 0.2715936 , 0.68907813,
        0.1014623 , 0.33916458, 0.33789829, 0.86719206, 0.23727442,
        0.1782103 , 0.66394893]])] 
 0.5, 
 1e-19, 
 10000