weigths: [array([[ 1.15292391,  0.3070839 ,  0.41816208,  1.20509925,  4.35712348,
        -1.19890227],
       [-0.42635081,  3.91993501, -2.72714126, -1.23085167, -4.0226903 ,
        -1.80626086],
       [-1.1350545 ,  0.57196824, -2.74312015,  0.62110621, -0.13382858,
        -1.75244431],
       [-1.29414426, -0.02520003, -2.73220787,  1.24328038,  1.00181388,
        -2.03886915],
       [-1.27547825, -0.21355508, -2.3955548 ,  0.86103518, -0.1466043 ,
        -1.42339803],
       [-0.63712081,  2.84323218, -2.90244077, -0.56119178, -2.28342766,
        -1.88087823]]), array([[ 1.46714753, -3.06376975, -3.25813048, -0.86386324, -4.41234746,
        -1.78147337],
       [ 1.77359268, -3.15766628, -3.9307699 , -0.64202906, -4.2337054 ,
        -2.60706033],
       [-3.96556165,  4.88791304,  4.73040383,  4.09188379,  4.38549245,
         5.62406069],
       [ 5.08831641, -6.03312004, -8.8334228 , -1.07285248, -9.93182069,
        -4.14460611],
       [ 0.323138  , -1.8389355 , -2.62571567, -0.30907087, -2.66991416,
        -1.82542769],
       [ 1.3147377 , -3.05922129, -3.15162667, -0.63790086, -3.66661867,
        -2.29760224]]), array([[  4.62792773,   5.19711101, -16.19844745,  12.07224803,
          2.949959  ,   4.41413425]])] 
 0.5, 
 1e-13, 
 10000