weigths: [array([[ 6.18434819e-01,  1.15083222e+01, -1.24210606e+00,
        -7.13168122e+00,  8.44634774e+00, -2.15775273e+01],
       [-8.45236724e+00,  6.14948482e+00,  2.21055923e+00,
        -1.47393459e+01,  6.18540919e+00, -9.99426894e+00],
       [-7.30034986e-01,  5.25429124e+00, -8.33788998e+00,
         3.08140522e+00,  6.65725497e+00, -5.00534524e+00],
       [-7.93351738e+00, -1.06738796e+01,  9.38152825e-01,
         3.50790857e+00,  1.58136574e+01,  1.50994082e+00],
       [-8.75828605e+00,  6.66272069e-01, -1.09341620e+00,
         3.53795513e+00,  4.21767142e+00, -2.80070374e-01],
       [ 1.84020252e-03,  2.20105838e+00, -1.32265984e+00,
         2.03294358e+00, -4.69408988e-02, -1.52330491e+00]]), array([[ 1.21669855, -2.16659592,  1.33126242, -1.65827981,  1.63284199,
        -0.52441785]])] 
 0.5, 
 1e-19, 
 10000