weigths: [array([[0.53509429, 0.51290811, 0.98601412, 0.82567514, 0.28767084,
        0.62897457],
       [0.65069815, 0.57895285, 0.72472233, 0.12069515, 0.02952419,
        0.83951444],
       [0.55794337, 0.78569798, 0.37605609, 0.88298407, 0.47874139,
        0.63305804],
       [0.54836282, 0.51628965, 0.10843129, 0.71392622, 0.11714938,
        0.9704397 ],
       [0.06836855, 0.3166933 , 0.07103124, 0.05824229, 0.78590156,
        0.63185207],
       [0.98786224, 0.24206797, 0.09749687, 0.81081754, 0.99255007,
        0.50378427]]), array([[0.02837327, 0.979818  , 0.43691277, 0.72792286, 0.79823291,
        0.60727639],
       [0.03079211, 0.98473319, 0.90286384, 0.99882897, 0.5935088 ,
        0.61479332],
       [0.76268058, 0.61989861, 0.84728233, 0.67788411, 0.17977145,
        0.73206893],
       [0.0193646 , 0.15156561, 0.72762538, 0.70192077, 0.45516584,
        0.0619239 ],
       [0.75836261, 0.70313344, 0.24767268, 0.39549181, 0.0299346 ,
        0.93532599],
       [0.65442281, 0.98367051, 0.88441657, 0.20626841, 0.24791563,
        0.29251346]]), array([[0.593333  , 0.91528484, 0.09686108, 0.42191244, 0.11044098,
        0.47155972],
       [0.07082054, 0.17607631, 0.83948061, 0.37577362, 0.72702372,
        0.35134037],
       [0.1118673 , 0.65961609, 0.33504832, 0.85914617, 0.05682361,
        0.67015126],
       [0.63348101, 0.74056417, 0.57990207, 0.61478583, 0.26162109,
        0.69694353],
       [0.34489123, 0.5871589 , 0.44406022, 0.50578167, 0.15534482,
        0.01307498],
       [0.38369691, 0.20928658, 0.05464233, 0.99099226, 0.38500671,
        0.44800007]]), array([[0.00670533, 0.08090265, 0.74099552, 0.15355436, 0.93538883,
        0.64796483],
       [0.32351053, 0.2883454 , 0.23048814, 0.41394874, 0.14791022,
        0.65626298],
       [0.74035602, 0.60616303, 0.67555754, 0.05712176, 0.14658078,
        0.17272376],
       [0.92464969, 0.76678825, 0.27928969, 0.14064318, 0.2866238 ,
        0.7348779 ],
       [0.12782031, 0.11395578, 0.28128783, 0.37624038, 0.62359347,
        0.15224135],
       [0.80704166, 0.19700164, 0.32202905, 0.29451053, 0.94204085,
        0.25645294]]), array([[0.03484637, 0.57333226, 0.84164663, 0.76048271, 0.02909557,
        0.51675759],
       [0.04859446, 0.49799158, 0.56014508, 0.64108484, 0.37882857,
        0.67800011],
       [0.95500796, 0.74580999, 0.18773715, 0.22421915, 0.17887672,
        0.02672206],
       [0.04594762, 0.41355086, 0.35486551, 0.68229786, 0.38441572,
        0.74544998],
       [0.69931795, 0.71602135, 0.74114104, 0.31849465, 0.06482236,
        0.26923662],
       [0.9329346 , 0.17026357, 0.8231384 , 0.33900272, 0.44938659,
        0.38914413]]), array([[0.54064935, 0.60696701, 0.12771405, 0.55021778, 0.94039442,
        0.88063308],
       [0.26511788, 0.89295   , 0.56904948, 0.8622054 , 0.44263879,
        0.03022449],
       [0.2407821 , 0.46275408, 0.6547782 , 0.46699687, 0.57668101,
        0.29113657],
       [0.38066011, 0.62622336, 0.8291188 , 0.33671805, 0.21256637,
        0.16785589],
       [0.34050937, 0.02317381, 0.97216377, 0.9336229 , 0.85141335,
        0.69175324],
       [0.85172742, 0.21417829, 0.4817447 , 0.55851066, 0.83678962,
        0.6558021 ]]), array([[0.1762468 , 0.01796926, 0.80562557, 0.45705943, 0.37122231,
        0.21666529],
       [0.61709741, 0.69699751, 0.86849497, 0.54315236, 0.57160558,
        0.1851054 ],
       [0.41193609, 0.63046972, 0.26577492, 0.5134465 , 0.43366357,
        0.69215484],
       [0.30510428, 0.08338413, 0.63049045, 0.28368195, 0.03386572,
        0.09748323],
       [0.85113563, 0.80589897, 0.72005009, 0.83118166, 0.36143344,
        0.84480584],
       [0.05389351, 0.61853973, 0.84215714, 0.63221452, 0.27740961,
        0.06606937]]), array([[0.38132903, 0.95740385, 0.57215484, 0.66811128, 0.45801366,
        0.59362514],
       [0.95197591, 0.30508193, 0.56492418, 0.93760233, 0.25687559,
        0.29120134],
       [0.92951122, 0.02445272, 0.21824517, 0.10797508, 0.66103416,
        0.87767986],
       [0.81508482, 0.49886222, 0.1108962 , 0.92028539, 0.17205471,
        0.04294345],
       [0.42747721, 0.44997146, 0.6154272 , 0.3584687 , 0.52712056,
        0.60403148],
       [0.85391863, 0.57822299, 0.27520751, 0.63442607, 0.8918473 ,
        0.71939238]]), array([[0.02663141, 0.21037599, 0.437638  , 0.98694771, 0.50381593,
        0.00753646],
       [0.83232684, 0.24620003, 0.37836343, 0.33686099, 0.63739534,
        0.32989416],
       [0.96980833, 0.09802824, 0.49283174, 0.49784399, 0.92048641,
        0.42217686],
       [0.93785284, 0.54081479, 0.22398272, 0.38461837, 0.98335149,
        0.22672193],
       [0.82329137, 0.8981381 , 0.66954805, 0.29742829, 0.93581083,
        0.33780356],
       [0.20210922, 0.34977647, 0.99072709, 0.33945449, 0.53039751,
        0.94976418]]), array([[0.29814311, 0.7263057 , 0.74492387, 0.8994981 , 0.14723437,
        0.02002308],
       [0.01051996, 0.0705275 , 0.89855492, 0.80737457, 0.72669742,
        0.74312551],
       [0.89373027, 0.69962226, 0.66009099, 0.75617053, 0.98874875,
        0.56532281],
       [0.64818096, 0.51655278, 0.87245071, 0.40506117, 0.14776386,
        0.41879038],
       [0.03303408, 0.27723783, 0.87543436, 0.68315664, 0.71861855,
        0.95883833],
       [0.35143285, 0.71142441, 0.13358608, 0.721562  , 0.46562857,
        0.41498318]]), array([[0.89982028, 0.98038632, 0.42663451, 0.50743187, 0.77789656,
        0.57443042],
       [0.63719793, 0.27383083, 0.68978593, 0.72672552, 0.79776398,
        0.23438867],
       [0.04594799, 0.47879493, 0.41018605, 0.02698841, 0.1592264 ,
        0.37415699],
       [0.4563608 , 0.10086411, 0.73184207, 0.59298263, 0.16565638,
        0.90078045],
       [0.3523947 , 0.16400317, 0.69665769, 0.41745219, 0.4628321 ,
        0.49236536],
       [0.45761519, 0.34598355, 0.12838164, 0.01969266, 0.33366929,
        0.41112798]]), array([[0.60233897, 0.23168904, 0.35343173, 0.2807519 , 0.83599979,
        0.58902924],
       [0.38725823, 0.29611294, 0.07349548, 0.29161151, 0.69807   ,
        0.40375632],
       [0.14567083, 0.76690583, 0.42657087, 0.86354698, 0.52333985,
        0.69408327],
       [0.59381487, 0.83275465, 0.80101652, 0.66656673, 0.56572845,
        0.36818018],
       [0.59988195, 0.65471587, 0.23256701, 0.32363281, 0.5534078 ,
        0.52292433],
       [0.07854724, 0.67613743, 0.76125559, 0.58219927, 0.62614122,
        0.11671487]]), array([[0.32253848, 0.48955932, 0.82824998, 0.11968374, 0.40299984,
        0.64758225],
       [0.49848172, 0.98405015, 0.00605342, 0.63346755, 0.86265702,
        0.37114416],
       [0.53320417, 0.10722299, 0.66500465, 0.04683319, 0.19913145,
        0.20016775],
       [0.96604883, 0.05571448, 0.5694916 , 0.90272676, 0.02829111,
        0.93467797],
       [0.74465221, 0.21237696, 0.61130277, 0.95381447, 0.24471716,
        0.44977043],
       [0.71788084, 0.10033041, 0.42142935, 0.86109591, 0.96975676,
        0.58772441]]), array([[0.2803767 , 0.7379723 , 0.98636914, 0.38552943, 0.45607308,
        0.01534951],
       [0.36495859, 0.35271808, 0.53252991, 0.38273533, 0.10065035,
        0.26521157],
       [0.78430289, 0.27414575, 0.64131881, 0.71149033, 0.29368856,
        0.89993921],
       [0.91957282, 0.82055381, 0.99254612, 0.76514837, 0.84734725,
        0.89687817],
       [0.19017735, 0.94197321, 0.89591437, 0.09445705, 0.38341531,
        0.10292126],
       [0.33158593, 0.25043944, 0.20607014, 0.65789495, 0.89361646,
        0.57209467]]), array([[0.59803868, 0.32317976, 0.65090158, 0.80726155, 0.63614469,
        0.64038423],
       [0.69147164, 0.69735904, 0.73692227, 0.48124605, 0.51042974,
        0.81271809],
       [0.44073351, 0.85368495, 0.86572947, 0.25035599, 0.60773334,
        0.66823839],
       [0.99811962, 0.66278454, 0.10233067, 0.18171356, 0.73959797,
        0.90205486],
       [0.43273376, 0.84883445, 0.96870287, 0.66182278, 0.08682694,
        0.70117287],
       [0.95504478, 0.87981164, 0.10250595, 0.81301809, 0.3999177 ,
        0.28578506]]), array([[0.89232583, 0.44138069, 0.57091193, 0.44223168, 0.03325842,
        0.70377279],
       [0.70997235, 0.41106268, 0.99229888, 0.67884487, 0.98308841,
        0.03184674],
       [0.02221509, 0.90668317, 0.21960475, 0.61721759, 0.0976522 ,
        0.0171439 ],
       [0.20674615, 0.58072009, 0.27328652, 0.44950016, 0.43135585,
        0.48735748],
       [0.93046653, 0.96156695, 0.8389376 , 0.9278572 , 0.37542647,
        0.55775403],
       [0.85230981, 0.78817318, 0.6596254 , 0.21099413, 0.45259881,
        0.07979265]]), array([[0.24508284, 0.5115946 , 0.06033809, 0.03112788, 0.21408086,
        0.19657008],
       [0.87018252, 0.94556929, 0.56680199, 0.08031788, 0.69789978,
        0.83566621],
       [0.69980089, 0.1331999 , 0.26780356, 0.90923923, 0.16419074,
        0.78616996],
       [0.45860006, 0.16294007, 0.83400828, 0.51806039, 0.4850858 ,
        0.68438223],
       [0.42614686, 0.00682316, 0.69932822, 0.54955144, 0.95913886,
        0.03018651],
       [0.41400766, 0.31479023, 0.74604307, 0.04192353, 0.09263873,
        0.46226875]]), array([[0.17739853, 0.33510085, 0.15845244, 0.60857456, 0.76479398,
        0.23874016],
       [0.28779482, 0.61718201, 0.48854441, 0.34126592, 0.83660328,
        0.82150438],
       [0.68979459, 0.38133778, 0.30827522, 0.47494194, 0.64729747,
        0.80622092],
       [0.83047354, 0.38876487, 0.46071837, 0.55001968, 0.27974073,
        0.62503097],
       [0.81860494, 0.49191528, 0.89535741, 0.54684341, 0.06390388,
        0.56123997],
       [0.63588441, 0.45632716, 0.84054782, 0.7856695 , 0.98905361,
        0.74745408]]), array([[0.10071118, 0.40678453, 0.38705285, 0.55294426, 0.35102277,
        0.41246481],
       [0.51753313, 0.68260363, 0.59278819, 0.51538756, 0.07220543,
        0.52808113],
       [0.94382432, 0.2694574 , 0.38382454, 0.75932918, 0.68740373,
        0.53560135],
       [0.63380356, 0.40467753, 0.86044522, 0.30993171, 0.8944924 ,
        0.7290317 ],
       [0.93211607, 0.66403862, 0.30571701, 0.5845879 , 0.64126464,
        0.51274384],
       [0.95576712, 0.95535695, 0.93495945, 0.304022  , 0.8854997 ,
        0.0896947 ]]), array([[0.76085283, 0.73505525, 0.6787805 , 0.71674874, 0.70537117,
        0.22714861],
       [0.53699292, 0.82965442, 0.37165679, 0.60482682, 0.95148107,
        0.06748949],
       [0.96048738, 0.02667511, 0.15916992, 0.1081772 , 0.63226864,
        0.21853925],
       [0.24068263, 0.85730559, 0.23230873, 0.99502682, 0.39565866,
        0.17843934],
       [0.36874012, 0.04187297, 0.50408102, 0.28622112, 0.0637898 ,
        0.38685398],
       [0.85661308, 0.75462125, 0.35823091, 0.40938025, 0.13444154,
        0.65809935]]), array([[0.25653993, 0.35144327, 0.24072614, 0.15309345, 0.43684999,
        0.17502023],
       [0.89360213, 0.9019072 , 0.91881442, 0.23691699, 0.06360852,
        0.11473044],
       [0.22862863, 0.65316096, 0.73225378, 0.13149902, 0.23376168,
        0.50893631],
       [0.05904665, 0.81193   , 0.2306269 , 0.65602154, 0.45297038,
        0.2778559 ],
       [0.60614344, 0.78935228, 0.63473664, 0.2748003 , 0.12213471,
        0.93758261],
       [0.00481109, 0.22067834, 0.39511249, 0.57493678, 0.11104358,
        0.08796353]]), array([[0.2600863 , 0.57647561, 0.3922672 , 0.71814794, 0.3449194 ,
        0.17539947],
       [0.59040708, 0.73288214, 0.91990507, 0.76295093, 0.63653162,
        0.1191023 ],
       [0.3978332 , 0.25351683, 0.85552717, 0.97521242, 0.56790133,
        0.39800999],
       [0.64255256, 0.59206352, 0.74364625, 0.76760669, 0.50690321,
        0.95341524],
       [0.65876286, 0.65927893, 0.53795092, 0.50279427, 0.48386936,
        0.17961638],
       [0.9179994 , 0.68936526, 0.11718219, 0.18441434, 0.83307123,
        0.13068403]]), array([[0.1376641 , 0.30574664, 0.59168511, 0.4767438 , 0.93079785,
        0.47422601],
       [0.29479366, 0.93198996, 0.56748858, 0.43151055, 0.82757344,
        0.60677669],
       [0.44763804, 0.37315728, 0.48741495, 0.82711917, 0.16874549,
        0.58573848],
       [0.3640846 , 0.13314505, 0.22704132, 0.22276698, 0.73578057,
        0.47483757],
       [0.34468807, 0.73794736, 0.09346892, 0.05734159, 0.76404641,
        0.85758742],
       [0.2378904 , 0.82482927, 0.01658833, 0.57278946, 0.66555901,
        0.85873732]]), array([[0.47378559, 0.09212092, 0.79039383, 0.12046722, 0.10918637,
        0.91942409],
       [0.81469552, 0.75762729, 0.1141684 , 0.82510328, 0.2995685 ,
        0.07152585],
       [0.65338742, 0.99459686, 0.54086918, 0.51760281, 0.97375382,
        0.96561985],
       [0.82123851, 0.44002309, 0.78075116, 0.37962208, 0.46878306,
        0.75942418],
       [0.5932921 , 0.18188413, 0.03593096, 0.3985559 , 0.45570909,
        0.97171695],
       [0.04536816, 0.74458657, 0.85033592, 0.16521079, 0.10002525,
        0.62413512]]), array([[0.69529348, 0.27687623, 0.80212646, 0.89251422, 0.68086542,
        0.66546844],
       [0.98981997, 0.11570731, 0.9271755 , 0.36706533, 0.8273205 ,
        0.82782993],
       [0.04781134, 0.14450174, 0.00495013, 0.97533924, 0.43191091,
        0.68740694],
       [0.11353817, 0.3805492 , 0.86566593, 0.89734691, 0.94468457,
        0.03394781],
       [0.3004925 , 0.38961645, 0.65851541, 0.26981304, 0.88475562,
        0.52661035],
       [0.64854992, 0.56833708, 0.9661938 , 0.47683165, 0.07656811,
        0.68316086]]), array([[0.50126846, 0.9481755 , 0.81320098, 0.37009861, 0.0036344 ,
        0.4270714 ],
       [0.88719981, 0.1309559 , 0.11719167, 0.70118065, 0.46344584,
        0.05069189],
       [0.69358187, 0.50155422, 0.41780204, 0.99090181, 0.10750589,
        0.73281928],
       [0.52719998, 0.55500945, 0.97395055, 0.02996638, 0.78356541,
        0.99710866],
       [0.55870575, 0.61673285, 0.40612693, 0.61255567, 0.9338975 ,
        0.11981936],
       [0.27840256, 0.54508359, 0.05777614, 0.29172205, 0.84998881,
        0.30682421]]), array([[0.83929952, 0.24368586, 0.84873142, 0.72832723, 0.79029776,
        0.28395993],
       [0.72291478, 0.75137938, 0.46366013, 0.36948966, 0.37425958,
        0.11018111],
       [0.2847808 , 0.68238526, 0.03044927, 0.66134299, 0.76990256,
        0.76288332],
       [0.01660991, 0.84397266, 0.63950291, 0.87211529, 0.59482702,
        0.13836427],
       [0.7599005 , 0.56108158, 0.34986807, 0.59058908, 0.34006751,
        0.93360972],
       [0.63495736, 0.80682085, 0.02941344, 0.74243636, 0.06125134,
        0.12115742]]), array([[0.96850161, 0.84300998, 0.41337766, 0.90297717, 0.16510065,
        0.79007841],
       [0.95534446, 0.15929257, 0.85501898, 0.79579798, 0.77927372,
        0.21848276],
       [0.48428994, 0.78184244, 0.67051115, 0.00921211, 0.26684998,
        0.60798166],
       [0.82181238, 0.61428472, 0.14907596, 0.66455798, 0.23265479,
        0.51360437],
       [0.11535477, 0.44581292, 0.04808498, 0.89629237, 0.70320461,
        0.43751841],
       [0.76359762, 0.83975325, 0.34234352, 0.36182111, 0.69636366,
        0.27525324]]), array([[0.93060313, 0.31332062, 0.95806368, 0.06715832, 0.13126317,
        0.95811249],
       [0.23838431, 0.42777746, 0.08557333, 0.14119009, 0.3525275 ,
        0.3077295 ],
       [0.35332281, 0.2276607 , 0.98880066, 0.03684198, 0.73260032,
        0.17648872],
       [0.50698679, 0.07931895, 0.94344877, 0.87297356, 0.78420022,
        0.89750539],
       [0.03733991, 0.46918172, 0.44757008, 0.0521829 , 0.12107606,
        0.62430334],
       [0.45781734, 0.41303461, 0.80805843, 0.3361022 , 0.23107871,
        0.53408672]]), array([[0.47507792, 0.36529143, 0.87831747, 0.60169272, 0.31017191,
        0.00276671],
       [0.07550335, 0.73008959, 0.93356327, 0.85348842, 0.63493197,
        0.75127974],
       [0.13774144, 0.02401258, 0.13828029, 0.61933728, 0.20945686,
        0.40468762],
       [0.2646984 , 0.10287097, 0.63201226, 0.75162396, 0.10492894,
        0.03840658],
       [0.12338594, 0.71322329, 0.73769766, 0.46600142, 0.90699856,
        0.94537807],
       [0.25658471, 0.01359384, 0.99577139, 0.27959784, 0.94910481,
        0.53716011]]), array([[0.18551586, 0.61258682, 0.35224604, 0.43082694, 0.58400716,
        0.97914999],
       [0.51774065, 0.28660969, 0.28186321, 0.90641039, 0.86146296,
        0.81629067],
       [0.3497143 , 0.4742075 , 0.56129905, 0.53165045, 0.04973807,
        0.46570686],
       [0.80663269, 0.49391962, 0.25610438, 0.3557534 , 0.60779754,
        0.91001089],
       [0.79856014, 0.52388052, 0.60229526, 0.45366285, 0.45594073,
        0.37064864],
       [0.58957144, 0.24710139, 0.33871088, 0.17834236, 0.41964247,
        0.09709179]]), array([[0.23435864, 0.07789985, 0.6381203 , 0.82132212, 0.61374882,
        0.27351507],
       [0.5184887 , 0.09643643, 0.53969454, 0.15446411, 0.02138779,
        0.64596166],
       [0.00177591, 0.44024409, 0.47834673, 0.57609571, 0.64635744,
        0.3534653 ],
       [0.62018437, 0.74992508, 0.52186109, 0.8612698 , 0.81349686,
        0.05239223],
       [0.77704629, 0.75949474, 0.52928417, 0.2556959 , 0.82662488,
        0.12619588],
       [0.62770935, 0.82097787, 0.82312646, 0.56518862, 0.53161251,
        0.47194702]]), array([[0.81442511, 0.01516044, 0.36670365, 0.68591907, 0.77607505,
        0.58445639],
       [0.94883845, 0.11985179, 0.67007456, 0.08813695, 0.85862715,
        0.13586998],
       [0.92949048, 0.73733805, 0.50522538, 0.06697319, 0.43370174,
        0.47186264],
       [0.84051437, 0.15155652, 0.63518645, 0.25050366, 0.78041828,
        0.03720594],
       [0.40025999, 0.16945772, 0.7959735 , 0.33831457, 0.76468204,
        0.8211517 ],
       [0.86444636, 0.43840797, 0.71916073, 0.32635814, 0.8206327 ,
        0.1459188 ]]), array([[0.19259962, 0.17473998, 0.61950467, 0.17780777, 0.60803162,
        0.66195629],
       [0.66170813, 0.69509301, 0.51854901, 0.95616395, 0.18267742,
        0.64499759],
       [0.86752241, 0.33708294, 0.37604549, 0.94483861, 0.71202516,
        0.47616984],
       [0.41871386, 0.23932027, 0.11744989, 0.4479202 , 0.26515008,
        0.16020151],
       [0.03792093, 0.03916711, 0.27653949, 0.46310101, 0.29367831,
        0.02924467],
       [0.41009734, 0.59348415, 0.80032044, 0.81314106, 0.33009784,
        0.23480278]]), array([[0.73723475, 0.74407136, 0.29843937, 0.18333142, 0.90091708,
        0.85733003],
       [0.4263151 , 0.78516021, 0.16471717, 0.60425075, 0.51956367,
        0.77765095],
       [0.34473524, 0.60650876, 0.49779463, 0.34213696, 0.11344356,
        0.03859704],
       [0.71815605, 0.84356816, 0.85090555, 0.38037642, 0.10907518,
        0.20101332],
       [0.06182399, 0.92781847, 0.58599836, 0.23125502, 0.96877564,
        0.62249097],
       [0.9402355 , 0.32906448, 0.03051423, 0.00386792, 0.0794757 ,
        0.46225452]]), array([[0.13311114, 0.79419079, 0.84291901, 0.87105439, 0.95626486,
        0.66388594],
       [0.24773061, 0.76174856, 0.51131149, 0.75636245, 0.40456945,
        0.0768201 ],
       [0.24948708, 0.96553473, 0.72273973, 0.10177754, 0.74064116,
        0.97563199],
       [0.14803696, 0.7769454 , 0.84083889, 0.75013333, 0.80537196,
        0.96818813],
       [0.40808724, 0.91407334, 0.42298691, 0.02253001, 0.67385849,
        0.58135294],
       [0.63851692, 0.25314566, 0.51874646, 0.09066552, 0.78974674,
        0.74094412]]), array([[0.28900409, 0.51778427, 0.32201223, 0.8357645 , 0.41356891,
        0.94709338],
       [0.3809876 , 0.16590919, 0.57305966, 0.42362828, 0.6258165 ,
        0.20524041],
       [0.62587047, 0.22587556, 0.74605868, 0.17489791, 0.82437654,
        0.08643827],
       [0.68010227, 0.45102467, 0.32416653, 0.44359909, 0.05490019,
        0.34900738],
       [0.9956629 , 0.58635344, 0.60628257, 0.9688043 , 0.84809008,
        0.93889575],
       [0.39815668, 0.01968197, 0.03472782, 0.88459628, 0.53140214,
        0.03340368]]), array([[0.02923163, 0.51959236, 0.15295218, 0.89791649, 0.0354385 ,
        0.35151134],
       [0.40465529, 0.31108629, 0.88576506, 0.36812285, 0.68167352,
        0.66106022],
       [0.11691518, 0.34235221, 0.86398901, 0.07352193, 0.00563953,
        0.33812518],
       [0.64979889, 0.99994618, 0.12067471, 0.75370647, 0.38959115,
        0.43105139],
       [0.1028556 , 0.8948085 , 0.1660089 , 0.03155422, 0.29292008,
        0.42434301],
       [0.6600363 , 0.17870496, 0.27281311, 0.69754634, 0.31170158,
        0.24067264]]), array([[4.48381478e-01, 7.05301778e-01, 6.37525722e-01, 2.57733837e-01,
        8.95471610e-01, 9.34654981e-01],
       [8.26912163e-01, 2.41951361e-01, 8.29867432e-01, 4.27610533e-01,
        4.56633901e-01, 7.69991347e-01],
       [5.80604684e-01, 9.32965480e-01, 3.96875719e-01, 1.13179712e-01,
        3.07586453e-01, 6.70661403e-01],
       [4.10912584e-01, 7.24100488e-01, 4.34582749e-01, 5.57878137e-01,
        1.20024386e-01, 2.20389395e-01],
       [2.77296042e-01, 8.11250232e-01, 4.80645415e-01, 8.84740626e-01,
        6.21862216e-04, 8.43586836e-02],
       [4.70122035e-01, 4.09971005e-01, 6.26901091e-02, 2.88991677e-01,
        4.26129191e-01, 3.72815164e-01]]), array([[0.12765729, 0.41021868, 0.89335238, 0.57312131, 0.73085322,
        0.66983892],
       [0.7949133 , 0.17229439, 0.38452599, 0.97277296, 0.92762673,
        0.24094568],
       [0.01684191, 0.45460136, 0.65998645, 0.05158924, 0.06718744,
        0.7291163 ],
       [0.76383926, 0.74077403, 0.01687755, 0.25860784, 0.16175176,
        0.65428011],
       [0.79730461, 0.42991711, 0.8079555 , 0.14253314, 0.29200203,
        0.23334445],
       [0.23084875, 0.30961217, 0.77338562, 0.06225188, 0.96459918,
        0.27799866]]), array([[0.95075823, 0.53901719, 0.20035798, 0.16314217, 0.84110778,
        0.72473149],
       [0.52344523, 0.85061773, 0.42960997, 0.56108385, 0.67416261,
        0.87457935],
       [0.59937534, 0.27962951, 0.20190743, 0.0471577 , 0.56816021,
        0.68613314],
       [0.00139786, 0.73835406, 0.53199529, 0.18242672, 0.27075845,
        0.88880104],
       [0.74979138, 0.30967923, 0.27682463, 0.47943572, 0.08893963,
        0.37727127],
       [0.10399886, 0.34504314, 0.31959387, 0.0880179 , 0.84541875,
        0.84946808]]), array([[0.2090468 , 0.78458137, 0.66797702, 0.52501933, 0.46822222,
        0.23497957],
       [0.19873948, 0.74304673, 0.75048864, 0.81394157, 0.46186212,
        0.16395404],
       [0.60448535, 0.84057306, 0.29069102, 0.55676806, 0.8442519 ,
        0.23472805],
       [0.88199337, 0.24667534, 0.55209055, 0.9161738 , 0.3714115 ,
        0.64378132],
       [0.40085804, 0.48156522, 0.42039848, 0.81976689, 0.28801471,
        0.75743597],
       [0.76458079, 0.51046965, 0.01357602, 0.58793582, 0.83195255,
        0.83056815]]), array([[0.96829732, 0.88136924, 0.75752043, 0.83603836, 0.61437919,
        0.91142389],
       [0.46962704, 0.08535069, 0.54044976, 0.84932848, 0.91245062,
        0.19748756],
       [0.36186459, 0.60881078, 0.63509655, 0.97736597, 0.30405534,
        0.19087904],
       [0.38469914, 0.91416419, 0.34878543, 0.39508948, 0.54583614,
        0.39752535],
       [0.30886332, 0.36146123, 0.85301795, 0.85783516, 0.20162818,
        0.37339118],
       [0.5204311 , 0.49342415, 0.35770568, 0.47661769, 0.40828009,
        0.53222897]]), array([[5.27691513e-01, 6.24518961e-01, 8.58529068e-03, 9.27739141e-01,
        4.17522308e-01, 8.46147912e-01],
       [1.07395104e-01, 9.85005945e-01, 9.34209858e-01, 1.17301043e-01,
        3.09126744e-01, 2.33113369e-02],
       [2.50890018e-01, 2.37168176e-01, 3.37944377e-01, 5.54118471e-01,
        1.18757905e-02, 5.84391772e-02],
       [6.01998354e-02, 8.12894006e-02, 1.89047770e-01, 1.27819665e-01,
        5.91927960e-01, 8.85079305e-01],
       [8.31975211e-01, 7.85693084e-02, 4.93601674e-01, 2.67467545e-01,
        2.20950986e-01, 5.35270492e-01],
       [6.07312423e-01, 7.14556331e-02, 8.01522011e-04, 5.33096312e-02,
        7.39865484e-01, 7.04797820e-01]]), array([[0.46977063, 0.74970718, 0.58265448, 0.96780061, 0.05006062,
        0.88013818],
       [0.74774342, 0.48300241, 0.29759751, 0.04455818, 0.90241146,
        0.58916926],
       [0.70862988, 0.61152976, 0.3455134 , 0.22925558, 0.41359643,
        0.46490382],
       [0.1617416 , 0.73873559, 0.96733731, 0.2921962 , 0.71304622,
        0.92147653],
       [0.510257  , 0.36016149, 0.94937096, 0.23570407, 0.11513071,
        0.87759067],
       [0.52484586, 0.9270432 , 0.49264693, 0.3298389 , 0.10710552,
        0.42789036]]), array([[0.17701894, 0.35111096, 0.28498073, 0.60801913, 0.4760125 ,
        0.06467167],
       [0.97572701, 0.08651337, 0.4677567 , 0.74163712, 0.0092605 ,
        0.22180666],
       [0.78449407, 0.607936  , 0.8275279 , 0.69735191, 0.12546325,
        0.29032631],
       [0.9208189 , 0.4548316 , 0.96777207, 0.69046702, 0.19511965,
        0.86833807],
       [0.52391321, 0.73767757, 0.9970526 , 0.05609228, 0.44364133,
        0.75863331],
       [0.82919226, 0.97666901, 0.34624658, 0.35978097, 0.74633834,
        0.59543511]]), array([[0.3593613 , 0.51183162, 0.30389954, 0.91019012, 0.23436991,
        0.64145474],
       [0.25331197, 0.69776122, 0.6086073 , 0.04147936, 0.98135712,
        0.48234591],
       [0.86867966, 0.17445124, 0.76597096, 0.61780304, 0.79793322,
        0.10969046],
       [0.95444338, 0.7632957 , 0.96830139, 0.97464127, 0.23358115,
        0.089161  ],
       [0.66260391, 0.26789644, 0.96725971, 0.21815383, 0.66775343,
        0.00333136],
       [0.53524973, 0.32541805, 0.23206389, 0.10971417, 0.76263104,
        0.63860057]]), array([[0.42156234, 0.50251696, 0.12899135, 0.4885182 , 0.68014383,
        0.78114787],
       [0.95955429, 0.22265532, 0.66133984, 0.75804192, 0.61026632,
        0.37532724],
       [0.55131752, 0.38208854, 0.65071595, 0.65964676, 0.84282112,
        0.16828628],
       [0.75507422, 0.78313516, 0.09870654, 0.8954529 , 0.13161878,
        0.26953038],
       [0.57078747, 0.76863538, 0.03905084, 0.2675353 , 0.86550517,
        0.93324001],
       [0.86236289, 0.47561433, 0.6248135 , 0.74703589, 0.43290576,
        0.79315414]]), array([[-0.80237477, -0.29000679, -0.78356666,  0.08715754, -0.04544488,
        -0.83587734],
       [ 0.72484982,  0.21164968,  0.33883   ,  0.64937363,  0.72215342,
         0.61793723],
       [-0.6202889 , -0.63904402, -0.46402041,  0.14786954, -0.72087613,
        -0.5135499 ],
       [-0.46748112, -0.5531851 , -0.25986673, -0.32218566, -0.60101811,
        -0.56536355],
       [ 0.91797554,  0.35983808,  0.16726052,  0.35967841,  0.89204688,
         0.99680518],
       [ 0.96547925,  0.46070581,  0.32391251,  0.78314709,  0.32926819,
         0.8133524 ]]), array([[ 0.35981216, -0.50041965, -0.31369676, -0.07058875, -1.28535314,
        -1.15962629],
       [-0.33842518, -0.97058386, -0.00661966,  0.06716126, -1.14469095,
        -0.80026453],
       [ 0.15791071, -0.88219882, -0.07067159,  0.37980091, -1.01694303,
        -1.0893586 ],
       [-0.48605671, -0.90046136, -0.17940394, -0.56440792, -0.9325927 ,
        -1.00062619],
       [ 0.01864814, -0.97538831,  0.00750908,  0.24779592, -0.85313127,
        -1.14168037],
       [-0.10450717, -0.84858461,  0.1005271 , -0.49193028, -1.04994293,
        -1.00191414]]), array([[-1.78589153, -1.75489862, -1.79354527, -1.72488657, -1.78195793,
        -1.75580277]])] 
 0.5, 
 1e-19, 
 10000