error: 9.97296889058848e-10 
 weigths: [array([[-0.38785432,  0.39365478, -0.63201418,  0.51999761, -0.16262829,
         0.08204058],
       [-1.31945725, -0.89434504, -1.06216039, -0.65657322, -1.58859304,
        -0.25406035],
       [ 0.77411922,  2.28231009,  0.14960878,  2.14140396,  0.90516972,
        -0.41831108],
       [ 0.2859771 ,  0.68429698,  0.26501709,  0.59915867,  0.59026205,
         0.07231624],
       [ 0.6772049 ,  1.42998899,  0.15328689,  0.91649824,  0.9251868 ,
        -0.22081724],
       [-0.90015222,  0.17390654, -0.03008543,  0.40721841, -0.30933813,
         0.09685202],
       [-1.23796422, -1.52207836, -1.20958631, -1.29390569, -0.78034501,
        -0.68274725],
       [-2.11459861, -2.82858694,  0.53932987,  0.08470736, -3.37053876,
         1.58816645]]), array([[-0.22890709, -4.02268302,  1.64313611,  0.75229228,  1.16745371,
        -0.79389837, -3.94461518, -8.08471786],
       [-0.2808722 , -0.02887946,  0.11530946, -0.05389136,  0.20418587,
        -0.11786907,  0.19526067, -0.63064679],
       [-0.48189091, -4.49292173,  1.8686424 ,  0.34926095,  1.17594006,
         0.12688089, -4.4854186 , -8.56108957],
       [ 0.06906784, -1.66629468,  0.40087768,  0.63930311,  0.20854205,
        -0.52628436, -1.39698144, -2.62239628],
       [ 1.51344935,  1.41539313,  1.35023631,  1.09020795,  0.88823841,
         0.92888633,  0.83354089,  1.40291192],
       [ 0.25987212, -1.0600305 ,  0.90708816,  0.01283068, -0.0435481 ,
        -0.49655299, -0.98315331, -2.84335256],
       [ 1.18856843,  1.20482704,  0.9348882 ,  1.40565964,  0.67472161,
         0.95691903,  1.44214601,  1.1476351 ],
       [ 1.34198427,  1.36843758,  1.41248927,  0.54328589,  0.85081131,
         1.34615342,  1.28788484,  0.68269134]]), array([[ 7.09950741e+00,  7.53607970e-03,  7.70390061e+00,
         2.31442494e+00, -4.37876064e+00,  2.08416616e+00,
        -3.99818463e+00, -3.83773142e+00]])] 
 0.5, 
 1e-09, 
 1000