error: 9.914353351165258e-10 
 weigths: [array([[-0.28256543, -0.12181084, -0.66937965,  0.04112359, -0.22055452,
         0.50165074],
       [ 0.77712182,  1.44777093, -0.14990717,  1.70548993,  1.15427007,
        -0.5796467 ],
       [ 0.35360958,  0.55336474,  0.13705276,  1.29633711,  0.90914956,
        -0.12307255],
       [-1.83859562, -3.15019542,  0.66356922, -0.07906603, -2.74341066,
         1.53306061],
       [-1.35184709, -1.77587307, -0.56649583, -1.33854948, -1.36201138,
         0.07261497],
       [-0.89748056, -0.41461929, -0.59250059, -0.13200989, -1.26249065,
         0.05869427],
       [ 0.09005302,  1.00624411, -0.32721516,  1.08649166,  0.35061176,
         0.1961577 ],
       [ 0.76591628,  1.49563042, -0.27107087,  1.73090525,  1.49768972,
        -0.89030259]]), array([[-0.53612599,  1.01778661,  0.56886339, -7.08772165, -5.33749574,
        -1.52842107,  0.04269463,  1.62746232],
       [ 0.48273982, -0.0961433 , -0.13094213, -1.67991517, -1.10408912,
         0.32903106, -0.12145867,  0.22168359],
       [-0.8092252 ,  1.13984244,  0.45161137, -6.03386846, -4.45717274,
        -1.38050749,  0.4165057 ,  1.08983152],
       [ 1.6993121 ,  1.42525532,  1.38366635,  0.92762803,  1.15030025,
         0.91876454,  1.31323886,  1.55152266],
       [ 1.51602931,  0.92517289,  1.31692142,  1.50257018,  1.04627256,
         1.4892478 ,  0.75245526,  1.20733863],
       [ 1.52450248,  1.44978998,  0.90588055,  1.37586279,  0.71742578,
         0.76084561,  0.9896554 ,  1.31395408],
       [-0.33374726,  0.91362976,  0.32671547, -3.09982271, -1.80662563,
        -1.0227394 ,  0.11462519,  0.28405121],
       [-0.30393449,  0.79710866,  0.51808635, -4.72547221, -3.32156377,
        -0.7323559 ,  0.0581223 ,  0.66476314]]), array([[ 7.07198096,  1.39740107,  6.02378005, -5.22047622, -4.46481957,
        -3.60579044,  2.96694111,  4.4798169 ]])] 
 0.5, 
 1e-09, 
 1000