error: 9.951712813234961e-10 
 weigths: [array([[ 0.29406936,  0.92147138, -0.11021646,  1.06553454,  0.32844286,
        -0.1659123 ],
       [-0.5075318 ,  0.30010598, -0.09308347,  0.38368342, -0.29721118,
        -0.21364643],
       [-1.15284605, -0.63825874, -1.16889658, -1.14041492, -1.35034216,
        -0.33094646],
       [ 0.74281763,  1.80614657,  0.02997801,  1.22751627,  0.91272472,
        -0.48989169],
       [-2.06501146, -2.67128199,  0.26819509,  0.34740976, -2.79230365,
         1.09071405],
       [ 0.7170657 ,  1.81885866,  0.06346677,  1.96940366,  1.16586995,
        -0.64790042],
       [ 0.42542991,  1.2108801 , -0.12242378,  1.39104671,  0.20042536,
        -0.04078685],
       [-1.39240829, -1.2688488 , -0.97772264, -0.87183839, -1.68095419,
        -0.04821822]]), array([[ 0.23279521, -0.22961299, -1.53298223,  0.49091109, -4.41923467,
         0.82874849,  0.42061348, -3.83896997],
       [-0.20107248, -0.19390093,  0.05681212,  0.18988968, -1.06946058,
        -0.37288307,  0.31380542, -0.33050246],
       [ 0.42799364,  0.01710991, -2.26147536,  0.3695526 , -5.16060987,
         0.80195426,  0.45346301, -3.32415032],
       [ 1.23098171,  1.72149612,  1.88445337,  1.13096952,  1.1134953 ,
         1.33579645,  1.04595692,  1.21002808],
       [ 0.16665197,  0.16275713, -2.06849282,  0.44729309, -4.59842318,
         0.92226708,  0.27442961, -3.73525877],
       [ 0.18248293, -0.02488331, -0.26635239, -0.09692834, -0.87436347,
        -0.14710444,  0.05652555, -0.48506351],
       [ 0.2894093 , -0.7710503 , -3.37593752,  1.53635183, -8.05251481,
         1.54835219,  0.41033757, -5.91883685],
       [ 1.32965284,  1.21193685,  1.84242378,  0.74784295,  0.96433837,
         1.02259988,  1.77022029,  1.51546381]]), array([[ 4.04991514,  0.38384995,  4.35841398, -6.52727013,  4.19724843,
         0.45113835,  7.49376578, -6.14723225]])] 
 0.5, 
 1e-09, 
 1000