weigths: [array([[0.6456659 , 0.70402102, 0.52659223, 0.55368997, 0.99391656,
        0.01801179],
       [0.18931003, 0.0267061 , 0.98973797, 0.60769847, 0.24387076,
        0.73026322],
       [0.95820574, 0.9932368 , 0.99942829, 0.64604282, 0.17811942,
        0.92717012],
       [0.66896698, 0.53540047, 0.93142128, 0.15144157, 0.48044785,
        0.90387179],
       [0.63613013, 0.56656304, 0.45017276, 0.95739865, 0.12099328,
        0.19434945],
       [0.97108104, 0.64636017, 0.77354941, 0.58226291, 0.34169578,
        0.16243316]]), array([[0.21520369, 0.79141412, 0.89675137, 0.82262939, 0.94026534,
        0.56042219],
       [0.18191229, 0.48561817, 0.29088933, 0.42232841, 0.65263434,
        0.8846133 ],
       [0.57295269, 0.50149246, 0.2435815 , 0.89092674, 0.28576297,
        0.10057825],
       [0.34103864, 0.03030342, 0.93679458, 0.46968576, 0.59785314,
        0.89263204],
       [0.20226616, 0.3737672 , 0.50421155, 0.20098435, 0.50731952,
        0.04526313],
       [0.43100711, 0.98076737, 0.45803391, 0.50356579, 0.55706743,
        0.62994899]]), array([[0.28284456, 0.93097461, 0.12882575, 0.64321178, 0.22148665,
        0.50267049],
       [0.53876437, 0.81305429, 0.64803297, 0.5735348 , 0.91198979,
        0.12662122],
       [0.45514707, 0.80390832, 0.97130246, 0.82915813, 0.56965812,
        0.97543808],
       [0.42633795, 0.12379852, 0.2119509 , 0.18020094, 0.68703539,
        0.42800354],
       [0.42397353, 0.45644201, 0.82077948, 0.48824452, 0.75351671,
        0.27178213],
       [0.94474118, 0.63522214, 0.22540155, 0.27628075, 0.87521448,
        0.88596231]]), array([[0.72904858, 0.90453985, 0.57431706, 0.23245834, 0.65964794,
        0.60098686],
       [0.64520453, 0.04653183, 0.82250669, 0.43331899, 0.85015275,
        0.59498901],
       [0.56901573, 0.16245056, 0.02601442, 0.4785739 , 0.35198158,
        0.0120875 ],
       [0.5531083 , 0.53259673, 0.69108573, 0.25431109, 0.69943996,
        0.48697921],
       [0.48923717, 0.1641611 , 0.40253716, 0.08921244, 0.6688567 ,
        0.28964677],
       [0.58496311, 0.94673751, 0.35574398, 0.82844279, 0.42151901,
        0.82499432]]), array([[0.86666545, 0.46173158, 0.72157633, 0.92246905, 0.80568856,
        0.67189702],
       [0.95928993, 0.22259149, 0.46853142, 0.35731928, 0.73964101,
        0.58138734],
       [0.29825744, 0.66700096, 0.58792969, 0.04646378, 0.41140414,
        0.27285046],
       [0.36334698, 0.34920199, 0.67929842, 0.5437671 , 0.80803645,
        0.84773538],
       [0.30636821, 0.43508837, 0.55824765, 0.39553602, 0.6714427 ,
        0.61195691],
       [0.07511602, 0.3077622 , 0.92110244, 0.12702166, 0.97369554,
        0.25326297]]), array([[0.52233747, 0.19520533, 0.23040773, 0.80627079, 0.17293215,
        0.33741816],
       [0.47764925, 0.41240922, 0.97245208, 0.65004599, 0.03752134,
        0.7559992 ],
       [0.55487282, 0.25787609, 0.19197066, 0.30011815, 0.52812673,
        0.5403271 ],
       [0.56440443, 0.12405117, 0.84634822, 0.44052381, 0.47510985,
        0.43495097],
       [0.97068215, 0.03046655, 0.75789187, 0.57525747, 0.80155707,
        0.00710194],
       [0.75057293, 0.76945791, 0.45023021, 0.5764095 , 0.75302567,
        0.98386798]]), array([[0.87318898, 0.35695833, 0.21956224, 0.99099835, 0.39342414,
        0.03821948],
       [0.06511293, 0.22229047, 0.99023359, 0.4057083 , 0.05600874,
        0.51357882],
       [0.24629881, 0.50258795, 0.34169018, 0.04723542, 0.47344259,
        0.58094576],
       [0.32090054, 0.46163719, 0.52788802, 0.09936156, 0.21124739,
        0.21119216],
       [0.9594945 , 0.30191896, 0.69094355, 0.50783604, 0.37824478,
        0.74478724],
       [0.43649667, 0.32202147, 0.72846732, 0.881696  , 0.22431194,
        0.05941104]]), array([[0.8804469 , 0.16155689, 0.26555191, 0.01609819, 0.6031579 ,
        0.4980339 ],
       [0.7865647 , 0.30418073, 0.21214641, 0.84684627, 0.36211168,
        0.99926312],
       [0.90184887, 0.99564022, 0.75637253, 0.79880984, 0.98596097,
        0.19875943],
       [0.25191534, 0.25117525, 0.8089524 , 0.21412994, 0.74629256,
        0.83288842],
       [0.58222354, 0.45443696, 0.04870675, 0.74336398, 0.63812769,
        0.65484534],
       [0.82156845, 0.88204106, 0.46298689, 0.8902664 , 0.90421513,
        0.84055814]]), array([[0.12230625, 0.40983072, 0.93055201, 0.02048362, 0.85344892,
        0.05513853],
       [0.58309207, 0.68824629, 0.71620004, 0.49224169, 0.47949881,
        0.54850819],
       [0.7284904 , 0.66061188, 0.08343771, 0.25919266, 0.44213291,
        0.94705582],
       [0.16847832, 0.14637551, 0.81570355, 0.17914296, 0.00618467,
        0.5884607 ],
       [0.40836296, 0.19189024, 0.63287345, 0.63771696, 0.42052515,
        0.07251634],
       [0.99820001, 0.24678228, 0.72150113, 0.2274878 , 0.59314085,
        0.24861523]]), array([[9.31514239e-01, 1.10245530e-01, 1.95960192e-01, 6.32044535e-01,
        1.22298102e-01, 1.10084905e-01],
       [6.09456962e-01, 1.45762543e-01, 4.58689461e-01, 8.52349404e-01,
        4.89200518e-01, 2.17920683e-01],
       [5.68098692e-01, 4.40264256e-01, 4.78160199e-01, 5.15424665e-01,
        5.85048860e-01, 2.75277102e-01],
       [5.66632297e-01, 6.51501680e-01, 5.35709452e-01, 8.33812059e-01,
        6.80245979e-01, 7.27172769e-01],
       [9.18967527e-01, 9.70873996e-01, 4.44440505e-01, 9.52263762e-02,
        1.62771325e-01, 8.14201351e-01],
       [2.19281535e-04, 3.94990332e-01, 4.08707345e-01, 4.27522554e-01,
        6.73923263e-01, 7.90627383e-01]]), array([[0.08166263, 0.66211811, 0.82705928, 0.92190005, 0.53914812,
        0.55590549],
       [0.35313177, 0.78279593, 0.32292454, 0.29175763, 0.15040425,
        0.52047031],
       [0.09697554, 0.38396245, 0.00724064, 0.44073435, 0.25572619,
        0.84540817],
       [0.54142476, 0.61685463, 0.45603173, 0.1104181 , 0.66340211,
        0.10245181],
       [0.63354457, 0.26186967, 0.36460624, 0.12546283, 0.71035767,
        0.12686352],
       [0.38267007, 0.25845266, 0.37366476, 0.13599527, 0.57814186,
        0.65123881]]), array([[0.29375879, 0.80598815, 0.32438151, 0.53666666, 0.42649451,
        0.83544334],
       [0.26868415, 0.88389439, 0.83962699, 0.22690184, 0.35351335,
        0.34272733],
       [0.78075205, 0.89502659, 0.01128208, 0.10970763, 0.65868342,
        0.28325963],
       [0.10885591, 0.40516774, 0.97557229, 0.04190077, 0.89840508,
        0.45047127],
       [0.89191464, 0.11239629, 0.16116416, 0.09340814, 0.14315478,
        0.01400253],
       [0.96915864, 0.51695357, 0.16492822, 0.05570512, 0.51469489,
        0.46587686]]), array([[0.92156653, 0.46694976, 0.44220794, 0.04965449, 0.5056307 ,
        0.29110552],
       [0.41227628, 0.06227495, 0.33709076, 0.89441428, 0.53825665,
        0.19692802],
       [0.73068665, 0.83295675, 0.89302769, 0.25495365, 0.7064426 ,
        0.51386913],
       [0.40684498, 0.58020505, 0.71004214, 0.38714351, 0.38068357,
        0.81744448],
       [0.8411803 , 0.91274484, 0.20842792, 0.84891198, 0.51453032,
        0.99889996],
       [0.40234154, 0.75949144, 0.17937327, 0.63659055, 0.77521433,
        0.41810479]]), array([[0.33839322, 0.26414351, 0.02143565, 0.72752492, 0.87879196,
        0.80049491],
       [0.46873216, 0.99388497, 0.26987666, 0.33646618, 0.91640122,
        0.25547736],
       [0.64037808, 0.84513263, 0.46387398, 0.5287289 , 0.83207967,
        0.37169289],
       [0.13456894, 0.88040241, 0.52618286, 0.74608761, 0.58233024,
        0.47492156],
       [0.33164454, 0.42898544, 0.83354373, 0.24580314, 0.12549482,
        0.79377238],
       [0.20138112, 0.41553438, 0.62510966, 0.8047769 , 0.93867478,
        0.81196085]]), array([[0.59715666, 0.43404097, 0.5282222 , 0.37741934, 0.18393994,
        0.47576566],
       [0.76515081, 0.10208738, 0.64168166, 0.65343848, 0.50849925,
        0.90538648],
       [0.40925391, 0.82392335, 0.23795223, 0.89262222, 0.34220042,
        0.04183091],
       [0.73033821, 0.54758751, 0.49429011, 0.33489069, 0.68369534,
        0.77628898],
       [0.2799777 , 0.22243546, 0.45449566, 0.24603621, 0.65855617,
        0.03618066],
       [0.46379308, 0.35890974, 0.46906643, 0.85061886, 0.35934376,
        0.36570891]]), array([[0.38829745, 0.24233189, 0.312283  , 0.12553543, 0.55117715,
        0.50609493],
       [0.63154814, 0.78070421, 0.93473492, 0.46728277, 0.3110081 ,
        0.24164496],
       [0.35333235, 0.32773503, 0.15433696, 0.33497954, 0.57153494,
        0.84733094],
       [0.74538804, 0.64765255, 0.572576  , 0.99088247, 0.24508561,
        0.38217078],
       [0.37934562, 0.27058035, 0.95586415, 0.23133394, 0.58423691,
        0.46679255],
       [0.10857244, 0.68755237, 0.53463239, 0.96035371, 0.91730068,
        0.16099395]]), array([[0.5808973 , 0.11030197, 0.09060143, 0.74094151, 0.34657412,
        0.08648321],
       [0.67980953, 0.36151136, 0.04226502, 0.98909923, 0.9993698 ,
        0.80647858],
       [0.64366637, 0.78962583, 0.21000942, 0.19583816, 0.80908131,
        0.78847919],
       [0.18408168, 0.84083726, 0.63547036, 0.57010175, 0.3560532 ,
        0.44384798],
       [0.73319861, 0.30245365, 0.83732287, 0.2543713 , 0.41945665,
        0.10151828],
       [0.96316897, 0.03026756, 0.23358753, 0.42168948, 0.89869579,
        0.94054214]]), array([[0.40013496, 0.21709635, 0.71079142, 0.87039903, 0.38035413,
        0.38238482],
       [0.28183528, 0.00794462, 0.01964239, 0.39366974, 0.39012293,
        0.62160045],
       [0.20141863, 0.98331673, 0.27582382, 0.55252638, 0.93875516,
        0.76294159],
       [0.01082025, 0.45805197, 0.34693394, 0.50135777, 0.24164999,
        0.12135317],
       [0.88066525, 0.70439423, 0.31337476, 0.36596027, 0.36308268,
        0.64634878],
       [0.29951663, 0.5978303 , 0.29652401, 0.82233504, 0.48137018,
        0.94603401]]), array([[0.80783418, 0.71750332, 0.47722036, 0.74243743, 0.93764702,
        0.24235567],
       [0.97437275, 0.64117482, 0.5372471 , 0.00897909, 0.41604211,
        0.12951082],
       [0.90383452, 0.62952768, 0.48278949, 0.97655924, 0.56636249,
        0.35239033],
       [0.63118578, 0.01178222, 0.44258519, 0.20954137, 0.92578493,
        0.17534618],
       [0.86636391, 0.04765865, 0.26704494, 0.88565183, 0.64024324,
        0.50727574],
       [0.06417979, 0.53770782, 0.42129934, 0.34865288, 0.41458299,
        0.43584529]]), array([[0.98490888, 0.57075378, 0.64499948, 0.11338049, 0.42332964,
        0.10248374],
       [0.87266018, 0.24688007, 0.5824088 , 0.53817386, 0.94356573,
        0.01244108],
       [0.31614503, 0.66405276, 0.31155046, 0.32627757, 0.20202657,
        0.58784052],
       [0.92895059, 0.05544528, 0.3356512 , 0.88455217, 0.61546405,
        0.38794887],
       [0.04486653, 0.42502122, 0.69124213, 0.1214567 , 0.28050621,
        0.31886446],
       [0.12556772, 0.24645787, 0.86300527, 0.47699423, 0.3411984 ,
        0.79122087]]), array([[0.26708056, 0.69641826, 0.09520063, 0.36805235, 0.7229658 ,
        0.67784336],
       [0.2589508 , 0.04887372, 0.33815213, 0.29997052, 0.92345384,
        0.13326431],
       [0.41466869, 0.37966452, 0.7968239 , 0.53425502, 0.48056145,
        0.90078649],
       [0.01351671, 0.36014791, 0.717263  , 0.70919777, 0.72691307,
        0.85351884],
       [0.81154566, 0.38518281, 0.19480777, 0.02873085, 0.80152649,
        0.47702279],
       [0.49676915, 0.34143389, 0.78584583, 0.62155392, 0.01183074,
        0.40556163]]), array([[0.52137957, 0.53658063, 0.96541536, 0.23438413, 0.20066041,
        0.13121775],
       [0.99198517, 0.60962075, 0.08974051, 0.56928897, 0.18859413,
        0.94926777],
       [0.35090181, 0.53720082, 0.32760228, 0.81789544, 0.78006618,
        0.37016365],
       [0.49653614, 0.79957087, 0.20445367, 0.44230928, 0.33660183,
        0.80109739],
       [0.2029201 , 0.46018697, 0.66632123, 0.67906814, 0.64050802,
        0.71058777],
       [0.18153573, 0.10200933, 0.93926073, 0.91489521, 0.21090599,
        0.86926133]]), array([[0.9378068 , 0.98746988, 0.73015952, 0.33204371, 0.02338675,
        0.59682746],
       [0.7676063 , 0.69333957, 0.29469322, 0.02762718, 0.18550587,
        0.081351  ],
       [0.11487075, 0.04195743, 0.50678888, 0.05146587, 0.76093219,
        0.84466043],
       [0.83658237, 0.6591976 , 0.34719061, 0.13579135, 0.57631226,
        0.16695651],
       [0.89153262, 0.47509779, 0.81566589, 0.06187498, 0.52652273,
        0.87055887],
       [0.42086084, 0.17376381, 0.85438878, 0.83898627, 0.66179387,
        0.6414652 ]]), array([[0.49922046, 0.0388099 , 0.57449473, 0.12274545, 0.92020255,
        0.58672022],
       [0.50728077, 0.24458948, 0.45611499, 0.68572589, 0.43827972,
        0.88784906],
       [0.2368624 , 0.70189223, 0.28441007, 0.02790041, 0.69113086,
        0.00773416],
       [0.02038484, 0.2624992 , 0.3831259 , 0.45792283, 0.37868312,
        0.39815493],
       [0.57047719, 0.61686809, 0.47788676, 0.68091569, 0.94079687,
        0.65715432],
       [0.17728578, 0.74460579, 0.63208844, 0.62821034, 0.23439784,
        0.47636313]]), array([[0.82271312, 0.97786013, 0.84371699, 0.95397888, 0.26386527,
        0.9571973 ],
       [0.50424324, 0.25929022, 0.65971238, 0.4348088 , 0.84910514,
        0.91000882],
       [0.82020426, 0.26933683, 0.25210746, 0.63580872, 0.92664262,
        0.02702812],
       [0.58500978, 0.68742444, 0.80937422, 0.4883308 , 0.88022249,
        0.50825197],
       [0.18986654, 0.521051  , 0.66731928, 0.50843178, 0.33537575,
        0.05772314],
       [0.68354584, 0.72098186, 0.75083144, 0.0788477 , 0.02671351,
        0.11059196]]), array([[0.81157798, 0.22951916, 0.15104289, 0.92288475, 0.96101649,
        0.1766401 ],
       [0.60091296, 0.92042074, 0.6596374 , 0.83204019, 0.05757851,
        0.94418286],
       [0.37758987, 0.58014863, 0.54023588, 0.12438405, 0.61657771,
        0.06334675],
       [0.58779175, 0.32053211, 0.91988738, 0.93513513, 0.88875836,
        0.69167133],
       [0.29369862, 0.68137945, 0.58507327, 0.53950256, 0.2184309 ,
        0.87447183],
       [0.33096754, 0.23769527, 0.98611867, 0.94661095, 0.95410079,
        0.40504896]]), array([[0.28701806, 0.20277248, 0.61244482, 0.48396681, 0.79331051,
        0.86281643],
       [0.07838505, 0.228287  , 0.41079257, 0.68272216, 0.21900569,
        0.89215734],
       [0.66048041, 0.84571832, 0.64045578, 0.0235842 , 0.68320494,
        0.36953056],
       [0.2816594 , 0.78097793, 0.87419685, 0.94838525, 0.75596259,
        0.82109687],
       [0.63400791, 0.82173573, 0.52967127, 0.21478851, 0.26790985,
        0.19563284],
       [0.5076207 , 0.26700894, 0.98318984, 0.60860498, 0.0230859 ,
        0.48904871]]), array([[0.25106225, 0.14662972, 0.32714213, 0.68705449, 0.61900093,
        0.28674777],
       [0.77769133, 0.17217412, 0.64588786, 0.96558962, 0.22856975,
        0.25422668],
       [0.1913041 , 0.11310315, 0.64035046, 0.76992714, 0.56111441,
        0.88445384],
       [0.8455357 , 0.92249104, 0.39439625, 0.21871969, 0.11561419,
        0.86175635],
       [0.36228711, 0.89237071, 0.83827402, 0.73012868, 0.62220114,
        0.33938663],
       [0.32542097, 0.00988419, 0.6828393 , 0.29794692, 0.27099791,
        0.38489065]]), array([[0.40012739, 0.68808745, 0.20841674, 0.64803872, 0.13079351,
        0.77572464],
       [0.92712801, 0.05528657, 0.02574178, 0.58717757, 0.28406718,
        0.29396906],
       [0.30050659, 0.64785559, 0.29372363, 0.82329088, 0.8986908 ,
        0.90344037],
       [0.91254152, 0.88584302, 0.07190476, 0.16015503, 0.98048659,
        0.83620229],
       [0.84780566, 0.71336607, 0.14772773, 0.47769598, 0.45753854,
        0.76026348],
       [0.95085099, 0.25014433, 0.10732202, 0.45652992, 0.71803446,
        0.60489706]]), array([[0.87312993, 0.20556353, 0.32197153, 0.53131559, 0.02006412,
        0.10852308],
       [0.56596979, 0.79609359, 0.50802204, 0.55141126, 0.92173754,
        0.71739455],
       [0.44386539, 0.36610179, 0.50584065, 0.63639747, 0.41119118,
        0.24648159],
       [0.36800577, 0.99636682, 0.00254128, 0.04502636, 0.99134758,
        0.23626449],
       [0.06005767, 0.57250449, 0.91442815, 0.71232041, 0.616715  ,
        0.31603312],
       [0.03479616, 0.97449331, 0.92562416, 0.77198453, 0.43049439,
        0.36260675]]), array([[0.03497863, 0.86332332, 0.33175713, 0.95547135, 0.17686567,
        0.80896107],
       [0.17950835, 0.63380889, 0.77200739, 0.62178076, 0.7311537 ,
        0.8759142 ],
       [0.91208954, 0.81781622, 0.59839982, 0.5837435 , 0.91003276,
        0.26516801],
       [0.89794399, 0.05724992, 0.17114056, 0.03666488, 0.82341267,
        0.66256388],
       [0.62688164, 0.52037377, 0.84294438, 0.41013082, 0.81945333,
        0.02277554],
       [0.30481687, 0.10837888, 0.56177474, 0.40426396, 0.78156382,
        0.0140629 ]]), array([[0.45354874, 0.32198859, 0.75970341, 0.73289872, 0.79352934,
        0.15517925],
       [0.86479244, 0.18044778, 0.32787602, 0.26909298, 0.54614012,
        0.7857327 ],
       [0.58114555, 0.06787914, 0.68908426, 0.4283019 , 0.81158869,
        0.28266852],
       [0.86232612, 0.51988846, 0.95487407, 0.49901009, 0.0019702 ,
        0.9016182 ],
       [0.10825052, 0.9353096 , 0.79264271, 0.97548718, 0.92747267,
        0.08615422],
       [0.91048329, 0.57849593, 0.55387273, 0.5042425 , 0.34586829,
        0.86138717]]), array([[0.0530815 , 0.75044578, 0.05975689, 0.48203086, 0.13966515,
        0.44434139],
       [0.18356906, 0.23879809, 0.2649153 , 0.73633339, 0.38600653,
        0.04151577],
       [0.07739624, 0.16128107, 0.60247581, 0.17071077, 0.41505257,
        0.33469936],
       [0.64990517, 0.94163368, 0.69942252, 0.35474046, 0.15174986,
        0.98518438],
       [0.03723626, 0.60295231, 0.23074728, 0.88602143, 0.62135833,
        0.45877272],
       [0.61924822, 0.68875267, 0.97425379, 0.58039798, 0.7225704 ,
        0.61283766]]), array([[0.76264131, 0.2370845 , 0.19895694, 0.75417538, 0.3611076 ,
        0.6142791 ],
       [0.39459906, 0.52800667, 0.37235733, 0.33049732, 0.26840196,
        0.51084213],
       [0.10243499, 0.13165623, 0.97350864, 0.17234384, 0.09492743,
        0.44499381],
       [0.26620547, 0.06067991, 0.62390186, 0.85541615, 0.45874247,
        0.46490558],
       [0.63725005, 0.33823283, 0.94107255, 0.32009463, 0.27610571,
        0.22279905],
       [0.94574528, 0.32247018, 0.19816259, 0.92703649, 0.37877465,
        0.53766424]]), array([[0.1242626 , 0.55198006, 0.80003597, 0.86114735, 0.68585445,
        0.47513207],
       [0.91256868, 0.582685  , 0.14816027, 0.61154655, 0.8314715 ,
        0.48638531],
       [0.0091321 , 0.47060559, 0.36321932, 0.6615242 , 0.50055736,
        0.33129408],
       [0.5062373 , 0.13111952, 0.96734579, 0.32906647, 0.87112626,
        0.1496156 ],
       [0.22751353, 0.95218064, 0.30565331, 0.69164382, 0.45220866,
        0.62859751],
       [0.35796807, 0.58796022, 0.19049544, 0.69437962, 0.57984577,
        0.87506946]]), array([[0.48366257, 0.83913106, 0.31387285, 0.44288297, 0.50572047,
        0.19143772],
       [0.01085557, 0.72654195, 0.3706792 , 0.2701517 , 0.11137346,
        0.64586925],
       [0.68158333, 0.43135282, 0.7880148 , 0.86972737, 0.40485202,
        0.37964309],
       [0.80215915, 0.88445133, 0.82739346, 0.38312875, 0.64979992,
        0.63180523],
       [0.15083242, 0.65486302, 0.61478885, 0.43676444, 0.20812086,
        0.51588989],
       [0.62099725, 0.14632548, 0.25508496, 0.16676104, 0.92481105,
        0.5822387 ]]), array([[0.42465737, 0.96633503, 0.43491093, 0.37234885, 0.94888723,
        0.76978753],
       [0.68060623, 0.60402599, 0.58909228, 0.09380565, 0.41758658,
        0.50041733],
       [0.16321961, 0.11671725, 0.2679829 , 0.52104494, 0.13247937,
        0.89469159],
       [0.53026569, 0.40444629, 0.51643201, 0.86511236, 0.24954249,
        0.00253626],
       [0.94683061, 0.08012202, 0.76398951, 0.20493369, 0.31501279,
        0.31152172],
       [0.29749081, 0.99877378, 0.1043257 , 0.74262493, 0.61920924,
        0.9322487 ]]), array([[0.37341795, 0.74961324, 0.81600297, 0.66747563, 0.76497848,
        0.06608914],
       [0.19560722, 0.59759638, 0.21902096, 0.29196732, 0.88991576,
        0.60906192],
       [0.61330666, 0.64527359, 0.60580663, 0.15915792, 0.08940232,
        0.62687959],
       [0.55797637, 0.39910473, 0.80989549, 0.4978517 , 0.64697579,
        0.16114024],
       [0.73836207, 0.20169599, 0.24569446, 0.57144721, 0.36970678,
        0.24180971],
       [0.89396455, 0.9048431 , 0.5251953 , 0.32112001, 0.1902713 ,
        0.77312009]]), array([[0.6133879 , 0.45465795, 0.74103886, 0.577571  , 0.51540758,
        0.49722859],
       [0.91899995, 0.06579087, 0.09983392, 0.71941368, 0.26328706,
        0.43010711],
       [0.36633374, 0.69735901, 0.48271876, 0.36592264, 0.00869755,
        0.7533329 ],
       [0.72758328, 0.51009129, 0.64153249, 0.19538784, 0.60246613,
        0.10602277],
       [0.79408604, 0.17466914, 0.63639271, 0.09537424, 0.9518885 ,
        0.59211894],
       [0.48285175, 0.58484027, 0.99388442, 0.27726984, 0.29321733,
        0.39904301]]), array([[0.89780312, 0.25669627, 0.20565795, 0.42041356, 0.39898527,
        0.6349647 ],
       [0.58524092, 0.16739772, 0.63530144, 0.75777322, 0.38502879,
        0.55113504],
       [0.19126358, 0.25574814, 0.37538877, 0.77842855, 0.36432998,
        0.55365294],
       [0.57414042, 0.57667362, 0.05726339, 0.12607907, 0.38343248,
        0.16738345],
       [0.61719836, 0.02316462, 0.18754233, 0.27271154, 0.81247855,
        0.48721475],
       [0.01536517, 0.9472903 , 0.17150491, 0.64056924, 0.2256696 ,
        0.11626325]]), array([[0.39865367, 0.70336885, 0.07361832, 0.64757851, 0.02426016,
        0.71791379],
       [0.75628517, 0.08490444, 0.6905886 , 0.18696117, 0.42505119,
        0.35199434],
       [0.1748154 , 0.02732173, 0.65011103, 0.21886191, 0.74272841,
        0.40490697],
       [0.76463481, 0.11098672, 0.86814875, 0.28309596, 0.80691275,
        0.29492044],
       [0.70638174, 0.73465912, 0.24701428, 0.72224664, 0.7190729 ,
        0.06866137],
       [0.38992407, 0.59322836, 0.73386509, 0.91823806, 0.90517076,
        0.53356269]]), array([[0.79870264, 0.0760796 , 0.17046244, 0.68507547, 0.45240003,
        0.23124507],
       [0.15839216, 0.07226083, 0.18036527, 0.62478277, 0.49480594,
        0.46152136],
       [0.88546432, 0.44957831, 0.67188776, 0.19282768, 0.18723953,
        0.72460645],
       [0.8479474 , 0.84090096, 0.06867627, 0.55521585, 0.5753091 ,
        0.94489318],
       [0.66899983, 0.65061195, 0.36652143, 0.37546149, 0.0720681 ,
        0.46921001],
       [0.43878348, 0.27142916, 0.09654882, 0.3601866 , 0.56580906,
        0.37813155]]), array([[0.97695745, 0.50785141, 0.45926929, 0.14466788, 0.44279583,
        0.48781197],
       [0.52699536, 0.38583749, 0.08663581, 0.25779545, 0.93043465,
        0.87668641],
       [0.13369245, 0.95944346, 0.31176461, 0.63798656, 0.34088766,
        0.57344343],
       [0.56566303, 0.77626617, 0.7955774 , 0.8417591 , 0.76532701,
        0.51029296],
       [0.74381624, 0.55378074, 0.68911072, 0.77996579, 0.36419899,
        0.4347416 ],
       [0.45265266, 0.52838593, 0.78194994, 0.63639479, 0.64334242,
        0.17853126]]), array([[0.76940449, 0.5267414 , 0.90163166, 0.86292378, 0.95084778,
        0.89990068],
       [0.23532456, 0.88621029, 0.87574705, 0.83208124, 0.73376585,
        0.85782892],
       [0.54614309, 0.43339523, 0.40116887, 0.88307041, 0.134294  ,
        0.08686577],
       [0.42145749, 0.70641125, 0.49532259, 0.78028343, 0.23367716,
        0.44257435],
       [0.48007544, 0.59485332, 0.58551419, 0.64332328, 0.84213648,
        0.49062449],
       [0.77648299, 0.55063797, 0.92635079, 0.16002137, 0.16808949,
        0.33985723]]), array([[0.76283939, 0.08589799, 0.03808915, 0.30053255, 0.55840178,
        0.50076429],
       [0.31188729, 0.65306823, 0.62261186, 0.59575342, 0.9307271 ,
        0.7983714 ],
       [0.62935436, 0.4753567 , 0.07004412, 0.60061909, 0.70440099,
        0.07690565],
       [0.22053316, 0.25008936, 0.69988297, 0.39578172, 0.5670466 ,
        0.20464357],
       [0.84467735, 0.50779037, 0.70292731, 0.94418292, 0.27649988,
        0.83767577],
       [0.04050383, 0.36554707, 0.67542744, 0.19092889, 0.48879638,
        0.22777418]]), array([[0.57893139, 0.26087924, 0.98230169, 0.3837907 , 0.4431206 ,
        0.52360439],
       [0.94813032, 0.25702121, 0.45728974, 0.06234867, 0.89635543,
        0.87002569],
       [0.21009678, 0.27278306, 0.61020289, 0.6557349 , 0.06042756,
        0.71957611],
       [0.61169688, 0.36176994, 0.50659076, 0.42436608, 0.06309821,
        0.34541025],
       [0.86165347, 0.18234766, 0.30906542, 0.28651713, 0.29350828,
        0.8749122 ],
       [0.46221024, 0.79695325, 0.98848156, 0.25084178, 0.89407087,
        0.32890659]]), array([[0.91617447, 0.40921821, 0.55455466, 0.16426792, 0.96745434,
        0.43776875],
       [0.98235763, 0.38668184, 0.99754685, 0.88970854, 0.04495965,
        0.23073787],
       [0.07068405, 0.78952334, 0.8630866 , 0.88511922, 0.31695686,
        0.05224216],
       [0.89974443, 0.43820563, 0.25302999, 0.17935142, 0.68214445,
        0.69481594],
       [0.68718534, 0.7477859 , 0.05206685, 0.05447062, 0.50708602,
        0.37223539],
       [0.47007516, 0.09641654, 0.34080433, 0.40767702, 0.06098702,
        0.22455922]]), array([[0.84029778, 0.30180301, 0.99064126, 0.76669702, 0.17101357,
        0.54599988],
       [0.20546026, 0.47603373, 0.37707923, 0.13524453, 0.25971263,
        0.05135366],
       [0.34306334, 0.00775784, 0.56089923, 0.218195  , 0.26599564,
        0.19865158],
       [0.17549277, 0.94940921, 0.99580658, 0.68140735, 0.39095864,
        0.28277646],
       [0.88303934, 0.83918104, 0.98989057, 0.25688534, 0.08164152,
        0.88217425],
       [0.33590951, 0.49916012, 0.85936663, 0.67933672, 0.30257935,
        0.49228304]]), array([[0.48780868, 0.44701244, 0.67763593, 0.49649907, 0.02162037,
        0.39070874],
       [0.79076222, 0.52238666, 0.62718805, 0.72541652, 0.18509823,
        0.58409886],
       [0.00546183, 0.6439205 , 0.02658674, 0.02150855, 0.90556085,
        0.79994705],
       [0.57030192, 0.2733008 , 0.05080945, 0.33794558, 0.69503947,
        0.10954812],
       [0.34911732, 0.2759862 , 0.32573616, 0.30762033, 0.05601702,
        0.70111811],
       [0.76882456, 0.69389299, 0.97432822, 0.98418714, 0.82207887,
        0.11658933]]), array([[ 0.70388763,  0.85394395,  0.91094612,  0.87265322,  0.95269965,
         0.3817197 ],
       [ 0.22517258, -0.19874104,  0.2962583 , -0.15661438, -0.23861829,
         0.06625403],
       [-0.15635076, -0.12209831, -0.16346215,  0.15107198, -0.07669971,
         0.36428097],
       [-0.27652583,  0.17990691,  0.4625755 , -0.02000086,  0.00689921,
        -0.3487727 ],
       [ 0.78828935,  0.39747626,  0.35975002,  0.47511543,  0.31888217,
         0.84875268],
       [ 0.03994202,  0.56428499,  0.46419324,  0.45227769,  0.30606622,
        -0.10948944]]), array([[ 2.35901030e-01,  8.00241566e-06, -1.12411119e-06,
        -4.04443410e-06, -3.89563759e-01,  1.63242325e-01]])] 
 0.5, 
 1e-19, 
 10000