weigths: [array([[-1.39397997e+00,  1.88787973e+00, -3.54849829e+00,
        -9.09589702e-04,  3.09379423e-01, -3.29397277e+00],
       [-1.50778650e+00,  1.12185241e+00, -3.01416841e+00,
         8.15046431e-02,  1.54639746e-01, -2.86470548e+00],
       [-1.34043153e+00,  1.53424222e+00, -3.17821608e+00,
         1.22867387e-02,  9.41509442e-02, -2.87208916e+00],
       [ 7.50916196e-01, -1.43549804e+00,  2.38292753e+00,
         2.84904022e-01,  1.04526097e+00,  1.37929875e+00],
       [ 3.03262819e+00,  7.32508104e+00, -5.39092995e+00,
        -2.53686615e+00, -1.93882046e+01, -4.24133562e-01],
       [ 7.40590813e-01, -1.68789449e+00,  2.62715259e+00,
         2.08934682e-01,  8.53898000e-01,  1.64883399e+00]]), array([[-26.14288826, -26.63690048, -21.52112787,   6.23293997,
        -24.62525155,   6.18578553]])] 
 0.5, 
 1e-19, 
 10000