weigths: [array([[  0.36122142,   3.57137556, -10.41253821,   0.71001443,
          6.52494753, -11.74736733],
       [  4.55307985,  -6.41341168,   0.02661092, -12.3487539 ,
          4.04670195,  -7.41778688],
       [ -1.75402991,  10.33484888,  -4.58201267,  -2.13584572,
          2.1169133 ,  -1.44875678],
       [ -0.5184574 ,  -9.84054729,   6.60322038,  -0.45399356,
         -3.92696872,   5.56836737],
       [  3.09559656,   3.42071529,  -4.20432097,   3.71899586,
          6.83433345,  -8.61164588],
       [ -0.63050354,   7.72866341,  -4.37336931,  -1.09178759,
          6.53841672,  -4.4017275 ]]), array([[-4.26222959, -3.49140657,  0.11661492,  0.37382908, -1.30385268,
        -0.43461752],
       [ 7.72905198,  7.94957258,  3.48360658, -6.62902174,  4.86349326,
         3.92221331],
       [ 2.10822204,  2.79614794,  3.16625376, -0.76778854,  2.45650642,
         0.11517294],
       [ 1.41480245,  2.5779228 , -1.59038117, -1.02739865,  1.25218987,
        -0.59881135],
       [ 1.99255995,  4.59479907,  3.14586475,  2.07110977,  0.13270927,
         1.09610952],
       [ 4.06156972, 21.82273981,  5.55772274, -4.50416306,  5.77008509,
         6.06687122]]), array([[-1.3317247 , -0.7842806 , -1.08317133,  1.58328866,  1.78692024,
        -1.18536333],
       [-0.16205515,  0.22620337, -0.03270592,  0.28148813,  0.46082078,
        -1.10582121],
       [-0.02029887,  0.21210512, -0.03809804, -0.87078243,  3.35366141,
        -2.68058601],
       [-0.17084504,  1.03767058,  0.90639115,  0.31205029,  0.42772363,
        -1.03851019],
       [-0.16224022,  0.11220225, -0.02861848,  0.2484984 ,  0.47708693,
        -0.98646879],
       [ 1.82378623, -2.60103211, -0.58862145, -1.61467789,  3.54837201,
        -2.04781418]]), array([[-1.22120558, -0.02214925, -0.01476276,  0.41885041, -0.01123486,
        -0.73647819]])] 
 0.5, 
 1e-13, 
 10000