weigths: [array([[0.79667324, 0.99790003, 0.89682775, 0.24507941, 0.88734859,
        0.63430545],
       [0.20824924, 0.46658416, 0.82450411, 0.14634056, 0.63875974,
        0.42107157],
       [0.89138151, 0.03239549, 0.97441764, 0.82662906, 0.43907146,
        0.88257541],
       [0.04922614, 0.24580167, 0.54562912, 0.25211423, 0.17106182,
        0.66480533],
       [0.90792059, 0.92447185, 0.76448485, 0.23332567, 0.85859973,
        0.73376716],
       [0.5498994 , 0.98087145, 0.37517839, 0.26662576, 0.53561606,
        0.35876026],
       [0.77932178, 0.96775917, 0.08621374, 0.47610038, 0.31651096,
        0.43624636],
       [0.82978806, 0.49904186, 0.70826395, 0.88380534, 0.25087823,
        0.71247313],
       [0.88377914, 0.03233098, 0.84052327, 0.25700044, 0.78113007,
        0.3311908 ],
       [0.70994453, 0.87107958, 0.79463653, 0.94443774, 0.39597934,
        0.63583201],
       [0.45942949, 0.50537123, 0.34227303, 0.86234573, 0.15851622,
        0.10212754],
       [0.35148828, 0.84659575, 0.20445496, 0.53595385, 0.93881124,
        0.06272529]]), array([[0.82586542, 0.26099565, 0.80968908, 0.35259494, 0.67357116,
        0.09306352, 0.80156891, 0.50323721, 0.51630928, 0.31974269,
        0.20908577, 0.6049574 ],
       [0.85533513, 0.99960564, 0.01286907, 0.55533202, 0.91084861,
        0.65727231, 0.03276917, 0.4100484 , 0.6548878 , 0.27729157,
        0.44077134, 0.37820811],
       [0.13905189, 0.28645983, 0.13472439, 0.44910156, 0.15155802,
        0.17669422, 0.05472053, 0.04093824, 0.50942907, 0.42227758,
        0.19731982, 0.09238796],
       [0.29344168, 0.06137644, 0.66896436, 0.81206847, 0.046176  ,
        0.18350111, 0.97103188, 0.41198734, 0.39995277, 0.98804983,
        0.53843087, 0.97194303],
       [0.4305529 , 0.24688959, 0.63612823, 0.59883636, 0.61764597,
        0.93915331, 0.39198734, 0.72088503, 0.44919494, 0.15488518,
        0.43892802, 0.11846711],
       [0.92362314, 0.63514734, 0.0814282 , 0.14167975, 0.58217479,
        0.1696902 , 0.90387108, 0.23782684, 0.35554557, 0.69989083,
        0.67169496, 0.64183036],
       [0.49316951, 0.17386382, 0.5471457 , 0.28460457, 0.34108064,
        0.40331126, 0.98898691, 0.82296673, 0.89537365, 0.43420667,
        0.43672685, 0.60561335],
       [0.80204291, 0.73245138, 0.23944406, 0.26203957, 0.25812772,
        0.39368137, 0.75336947, 0.62999462, 0.91423185, 0.56197712,
        0.19011563, 0.23348138],
       [0.52434381, 0.87543274, 0.4802761 , 0.98279871, 0.02121307,
        0.55631013, 0.76342038, 0.22404429, 0.82433468, 0.65314619,
        0.49167566, 0.0035057 ],
       [0.25275864, 0.9524733 , 0.56247864, 0.45101583, 0.14174185,
        0.65598525, 0.72297996, 0.31213608, 0.10820056, 0.86302902,
        0.07822847, 0.43926483],
       [0.00385985, 0.57655727, 0.21511891, 0.10180001, 0.54931276,
        0.02504998, 0.12748645, 0.65395743, 0.65491511, 0.5817896 ,
        0.35184202, 0.0710915 ],
       [0.49921432, 0.7870171 , 0.93472839, 0.11508108, 0.54376319,
        0.63239916, 0.50598141, 0.887523  , 0.72780437, 0.58282172,
        0.2661381 , 0.9052286 ]]), array([[0.45844168, 0.83872842, 0.93384393, 0.79295195, 0.06516555,
        0.01056483, 0.34067654, 0.21944569, 0.18550453, 0.08695909,
        0.66362157, 0.20043745],
       [0.13672412, 0.22543302, 0.15640838, 0.17494054, 0.17910654,
        0.78420578, 0.0591631 , 0.83952381, 0.93474386, 0.0968307 ,
        0.0234515 , 0.44334166],
       [0.87997306, 0.93271092, 0.95549916, 0.69641518, 0.03842908,
        0.66189297, 0.91844318, 0.4464004 , 0.08721609, 0.17943097,
        0.84237472, 0.13270831],
       [0.68242414, 0.98286938, 0.35813914, 0.14618971, 0.11327183,
        0.70694282, 0.20856994, 0.55966311, 0.14755559, 0.83081203,
        0.48172288, 0.83670359],
       [0.59031438, 0.84952332, 0.83232382, 0.25131971, 0.88275101,
        0.92074318, 0.65761484, 0.16692083, 0.74511957, 0.84341456,
        0.81794527, 0.38755022],
       [0.41796368, 0.34579317, 0.63818359, 0.83296735, 0.08388752,
        0.29393345, 0.2271335 , 0.84632363, 0.77303936, 0.89036548,
        0.18111994, 0.18948188],
       [0.36457945, 0.16943529, 0.55780693, 0.39174922, 0.8757444 ,
        0.15198757, 0.41605917, 0.34915997, 0.33269805, 0.6467228 ,
        0.31635394, 0.00852428],
       [0.19292133, 0.710485  , 0.17394133, 0.03431788, 0.35751754,
        0.58264559, 0.79150107, 0.10354631, 0.32169513, 0.51095304,
        0.29653718, 0.00555476],
       [0.05649899, 0.96195812, 0.84429664, 0.54131815, 0.89417829,
        0.02880233, 0.89564824, 0.83527635, 0.75273125, 0.37231502,
        0.54386411, 0.99784002],
       [0.9737058 , 0.61623214, 0.89906611, 0.11806047, 0.57724141,
        0.83460938, 0.7804663 , 0.42493994, 0.80613934, 0.14445703,
        0.4306933 , 0.41197156],
       [0.88448976, 0.03595536, 0.817704  , 0.96158216, 0.77110176,
        0.46014447, 0.24296123, 0.36618453, 0.25594165, 0.81729048,
        0.2534155 , 0.80693853],
       [0.69847644, 0.92360487, 0.25115759, 0.78458714, 0.33323514,
        0.22445665, 0.10714807, 0.57841713, 0.34231244, 0.83181339,
        0.38310303, 0.40734032]]), array([[0.0043979 , 0.45463646, 0.20156763, 0.94439279, 0.24171354,
        0.14159997, 0.40666795, 0.6898021 , 0.53788304, 0.40719655,
        0.88807262, 0.73563999],
       [0.7237452 , 0.88893669, 0.73195567, 0.20751162, 0.23352295,
        0.30859436, 0.03099914, 0.28372201, 0.46913867, 0.53926255,
        0.44335787, 0.1083743 ],
       [0.58637923, 0.14158194, 0.70456863, 0.75133703, 0.00861593,
        0.6562298 , 0.28524333, 0.84574157, 0.98785545, 0.48069454,
        0.74631446, 0.13854259],
       [0.34024054, 0.31038792, 0.38582854, 0.87076152, 0.88832804,
        0.03631555, 0.0861518 , 0.17135876, 0.18596884, 0.2960836 ,
        0.03372349, 0.12424057],
       [0.74122023, 0.72085754, 0.76985043, 0.75938673, 0.42503086,
        0.5497221 , 0.22469156, 0.84103783, 0.41591001, 0.89855132,
        0.94539503, 0.73057009],
       [0.29045849, 0.31839015, 0.37092069, 0.14886826, 0.93971996,
        0.22723431, 0.36663437, 0.11718593, 0.05049319, 0.24791655,
        0.86055066, 0.80207034],
       [0.63749266, 0.93384125, 0.36957888, 0.83566311, 0.5870732 ,
        0.19521365, 0.27657542, 0.63446241, 0.93206318, 0.22383144,
        0.82314857, 0.05823563],
       [0.38961497, 0.93668874, 0.30597882, 0.38970686, 0.9904379 ,
        0.45145705, 0.27127598, 0.04188644, 0.73933359, 0.36706261,
        0.64310655, 0.44022137],
       [0.51209531, 0.51829568, 0.32263656, 0.26339355, 0.63742351,
        0.86772533, 0.59106477, 0.11933048, 0.80746307, 0.04669788,
        0.81369966, 0.51052362],
       [0.01218949, 0.71944463, 0.79762299, 0.44904408, 0.52886348,
        0.01506188, 0.03992627, 0.59640946, 0.0025714 , 0.19551973,
        0.66487463, 0.20401322],
       [0.78813225, 0.21357708, 0.93295216, 0.77966572, 0.9975531 ,
        0.1635436 , 0.41726788, 0.05338883, 0.80980018, 0.13060702,
        0.87425818, 0.49429657],
       [0.56661202, 0.102089  , 0.19470026, 0.61946687, 0.79206445,
        0.77693726, 0.87913987, 0.5206068 , 0.17250722, 0.11178765,
        0.26880461, 0.3010597 ]]), array([[0.26630003, 0.31854051, 0.77740612, 0.40265198, 0.31393048,
        0.70560575, 0.78150224, 0.22441556, 0.308551  , 0.0765415 ,
        0.24756524, 0.07652708],
       [0.72070829, 0.20599181, 0.19367146, 0.02070047, 0.77596743,
        0.70453269, 0.87400436, 0.57358853, 0.72872264, 0.35583559,
        0.96544746, 0.64197042],
       [0.38015052, 0.24184983, 0.8888393 , 0.92248992, 0.01250772,
        0.47839168, 0.45556555, 0.9496865 , 0.49954711, 0.5546074 ,
        0.72254835, 0.69562483],
       [0.03771238, 0.49085647, 0.11570215, 0.41821462, 0.27794482,
        0.29062103, 0.92337196, 0.9016484 , 0.34558709, 0.65053744,
        0.1218119 , 0.65159112],
       [0.92078647, 0.55503887, 0.43147869, 0.75469651, 0.80913655,
        0.40291231, 0.03591456, 0.56386168, 0.56504291, 0.43561705,
        0.40394044, 0.23157525],
       [0.89091547, 0.29578647, 0.50304815, 0.51265129, 0.94031053,
        0.68696704, 0.8729643 , 0.85068432, 0.4601442 , 0.72156595,
        0.39331676, 0.49768753],
       [0.1193853 , 0.74644993, 0.30108029, 0.75415981, 0.38258146,
        0.61632119, 0.76730444, 0.92192297, 0.71914283, 0.78495005,
        0.81022283, 0.81154154],
       [0.20209599, 0.46579921, 0.85613637, 0.68760772, 0.93955266,
        0.01535299, 0.63370904, 0.46712888, 0.7408394 , 0.68841143,
        0.83732257, 0.57889248],
       [0.60258451, 0.2939493 , 0.4634629 , 0.39613407, 0.36919793,
        0.47692672, 0.03220885, 0.44331739, 0.41867574, 0.72789855,
        0.62129915, 0.17067492],
       [0.59060572, 0.9240033 , 0.17151669, 0.2496378 , 0.21316815,
        0.61795431, 0.60386807, 0.23498551, 0.15808336, 0.22731144,
        0.16037277, 0.59123692],
       [0.98606698, 0.50428767, 0.18542849, 0.73112716, 0.40771277,
        0.42550544, 0.19327851, 0.85006928, 0.38302393, 0.3360974 ,
        0.77447953, 0.22440143],
       [0.07663605, 0.13105813, 0.22498313, 0.01814517, 0.30715064,
        0.9781534 , 0.31768889, 0.44680967, 0.25350086, 0.28588791,
        0.86172932, 0.75125207]]), array([[0.05144508, 0.64649251, 0.38593288, 0.10070479, 0.76132785,
        0.27708033, 0.9466023 , 0.05302378, 0.00398334, 0.47422784,
        0.90112055, 0.79835622],
       [0.43071937, 0.95166405, 0.31430582, 0.019279  , 0.02701153,
        0.09464733, 0.5726267 , 0.73656266, 0.56036277, 0.58100431,
        0.72785299, 0.49501074],
       [0.3018923 , 0.03221566, 0.23711358, 0.53667982, 0.51303727,
        0.46836712, 0.75362232, 0.23995767, 0.71317054, 0.73202141,
        0.17273171, 0.38150038],
       [0.71739701, 0.28873066, 0.52209575, 0.97027713, 0.20297731,
        0.32111186, 0.63699432, 0.28239523, 0.85229987, 0.50329893,
        0.45449378, 0.2965658 ],
       [0.79218258, 0.17904366, 0.96126645, 0.38473828, 0.57173446,
        0.59090891, 0.46567079, 0.7470566 , 0.19874852, 0.36040834,
        0.78434541, 0.09065921],
       [0.45693878, 0.35426132, 0.80326007, 0.65511132, 0.39973083,
        0.02109451, 0.83079072, 0.4823229 , 0.79133537, 0.37284572,
        0.54765831, 0.91751498],
       [0.01454559, 0.14330503, 0.6603163 , 0.58503753, 0.76638255,
        0.47830026, 0.80200277, 0.07601941, 0.21023276, 0.92177951,
        0.14897201, 0.16064117],
       [0.87191752, 0.43983059, 0.3773161 , 0.7881631 , 0.69039438,
        0.96267614, 0.8972662 , 0.27861386, 0.59667524, 0.11238523,
        0.17317206, 0.7692052 ],
       [0.88429313, 0.51479764, 0.48614433, 0.149925  , 0.24004318,
        0.65601944, 0.86952003, 0.54344618, 0.08135873, 0.7074224 ,
        0.35602057, 0.38743159],
       [0.9169218 , 0.76906152, 0.49248861, 0.91365112, 0.8391188 ,
        0.09406239, 0.06793268, 0.46270918, 0.5445522 , 0.66867407,
        0.8533262 , 0.19839499],
       [0.49462577, 0.36890447, 0.5924078 , 0.25893729, 0.90747914,
        0.58792297, 0.95067377, 0.46943483, 0.44025018, 0.78444233,
        0.53554786, 0.48524464],
       [0.00567711, 0.68837367, 0.28236741, 0.1721019 , 0.76557756,
        0.80216883, 0.66195622, 0.69669338, 0.01552956, 0.03477805,
        0.54528011, 0.33231691]]), array([[0.56206642, 0.811048  , 0.09102025, 0.78385802, 0.70043362,
        0.90671356, 0.02590832, 0.79246955, 0.9467614 , 0.85007885,
        0.80878738, 0.91293719],
       [0.16605337, 0.35481644, 0.81898088, 0.46400859, 0.26675296,
        0.00581342, 0.50421379, 0.74945322, 0.32088585, 0.19624404,
        0.89766418, 0.10897368],
       [0.56429507, 0.78346664, 0.09938572, 0.67368183, 0.41738926,
        0.41041963, 0.71062278, 0.96849491, 0.89975642, 0.55041639,
        0.32898971, 0.04088923],
       [0.77093538, 0.39928931, 0.21594889, 0.07710293, 0.58589719,
        0.23468662, 0.00937813, 0.84200197, 0.11863446, 0.81125382,
        0.88068228, 0.72933467],
       [0.73197339, 0.99245832, 0.06863647, 0.42678864, 0.37866202,
        0.4720003 , 0.73123593, 0.03684584, 0.58501141, 0.50049361,
        0.68810888, 0.86031719],
       [0.3918415 , 0.43136173, 0.98627599, 0.5479908 , 0.66759712,
        0.79062415, 0.5364935 , 0.79171744, 0.00390698, 0.48853033,
        0.4686851 , 0.70032024],
       [0.53766857, 0.08543453, 0.68937339, 0.88600168, 0.35929247,
        0.09422429, 0.20262146, 0.17470222, 0.79190098, 0.13779845,
        0.30303497, 0.86368865],
       [0.36377223, 0.04333016, 0.02595831, 0.07244251, 0.27241863,
        0.36956027, 0.83706031, 0.63126618, 0.51265008, 0.59021533,
        0.95555559, 0.99024246],
       [0.41593162, 0.1187677 , 0.29383311, 0.55489568, 0.14986313,
        0.59148012, 0.60327226, 0.26020492, 0.85306139, 0.8011839 ,
        0.93921119, 0.27744935],
       [0.17719196, 0.2512607 , 0.00274924, 0.77433042, 0.64893802,
        0.22712346, 0.70583477, 0.24915063, 0.87339693, 0.98389043,
        0.82308599, 0.26663041],
       [0.84612559, 0.71112149, 0.88291031, 0.43197959, 0.33012037,
        0.36615377, 0.71885318, 0.99498996, 0.63532724, 0.18325437,
        0.16914064, 0.72350886],
       [0.78129072, 0.80025264, 0.26151534, 0.547508  , 0.45416086,
        0.68890695, 0.54813523, 0.97261807, 0.00274777, 0.13230531,
        0.19031072, 0.54847154]]), array([[0.57128677, 0.38229633, 0.07260812, 0.7590113 , 0.44396768,
        0.45211539, 0.42817513, 0.42070352, 0.70558882, 0.32592484,
        0.99450771, 0.35182809],
       [0.96838036, 0.79921572, 0.68148536, 0.53434584, 0.35099503,
        0.31754808, 0.00546532, 0.67883164, 0.11936748, 0.29213234,
        0.4155499 , 0.31117132],
       [0.26559691, 0.96718178, 0.31891935, 0.74659107, 0.1780751 ,
        0.20626443, 0.3757427 , 0.97058019, 0.54855774, 0.75295444,
        0.09100987, 0.12538394],
       [0.47373151, 0.88100401, 0.09410658, 0.48806509, 0.81000315,
        0.85143688, 0.70033314, 0.49485873, 0.82205349, 0.57585263,
        0.9889919 , 0.67132799],
       [0.52075549, 0.14674462, 0.89262641, 0.97839779, 0.59875774,
        0.16085442, 0.93108876, 0.32225548, 0.15906968, 0.91670496,
        0.90133472, 0.8725768 ],
       [0.4378022 , 0.84386536, 0.4628439 , 0.85167792, 0.34559879,
        0.1985746 , 0.82990802, 0.36891764, 0.49161686, 0.86230942,
        0.81238365, 0.37316847],
       [0.70040408, 0.93249107, 0.12776535, 0.46672328, 0.77623823,
        0.90335157, 0.92488269, 0.43755265, 0.31253969, 0.82028543,
        0.50884557, 0.95935944],
       [0.16755052, 0.77467734, 0.14638562, 0.87642756, 0.19104989,
        0.1934881 , 0.10359837, 0.66307478, 0.34290618, 0.63510724,
        0.72118139, 0.87237394],
       [0.41319495, 0.58372988, 0.96199243, 0.79492931, 0.688362  ,
        0.20274407, 0.31664433, 0.91017826, 0.66839938, 0.22478742,
        0.57180247, 0.03723309],
       [0.83704437, 0.52946951, 0.30037802, 0.67845152, 0.3972411 ,
        0.74443022, 0.28697255, 0.40409119, 0.46600929, 0.47763383,
        0.28265347, 0.17329861],
       [0.8893306 , 0.28316626, 0.60123806, 0.01344265, 0.15122663,
        0.50646611, 0.54999468, 0.04306728, 0.57430007, 0.94469922,
        0.42121395, 0.09346875],
       [0.89109947, 0.53440825, 0.94454678, 0.45165444, 0.95689955,
        0.9620786 , 0.80242679, 0.76159601, 0.01876895, 0.30733039,
        0.25811102, 0.23810723]]), array([[0.22136939, 0.27744245, 0.32451737, 0.08694911, 0.16766248,
        0.18690877, 0.94378162, 0.03758436, 0.82720455, 0.59276471,
        0.94940282, 0.04056791],
       [0.19993132, 0.00624315, 0.37894864, 0.95236265, 0.0612877 ,
        0.32112098, 0.14278827, 0.35047245, 0.62920811, 0.74141377,
        0.6258459 , 0.51447752],
       [0.78815781, 0.44572454, 0.34297685, 0.62107321, 0.76801774,
        0.4398295 , 0.44270967, 0.59118332, 0.67270071, 0.15024432,
        0.43906979, 0.68969414],
       [0.16507666, 0.96767646, 0.26846364, 0.45605238, 0.86306724,
        0.57177418, 0.21851349, 0.53837862, 0.4143487 , 0.1031852 ,
        0.10624959, 0.75848476],
       [0.22090074, 0.28288535, 0.30566378, 0.33552697, 0.3469388 ,
        0.340638  , 0.35477495, 0.39992279, 0.43119825, 0.49057628,
        0.33106979, 0.20553633],
       [0.11378902, 0.74708498, 0.13340465, 0.3222874 , 0.50233276,
        0.71617403, 0.54438066, 0.08589689, 0.00470118, 0.14163118,
        0.16412007, 0.27209295],
       [0.07790905, 0.87903058, 0.93007259, 0.76234252, 0.43487468,
        0.75513334, 0.13313955, 0.48706543, 0.8831043 , 0.17653278,
        0.56544865, 0.11346441],
       [0.74396779, 0.27085134, 0.23361477, 0.65235488, 0.77780727,
        0.63992325, 0.42306024, 0.36708864, 0.66325878, 0.85926525,
        0.32309001, 0.25136949],
       [0.10475282, 0.83922678, 0.44223715, 0.18346228, 0.84429506,
        0.91499267, 0.59077794, 0.17679959, 0.40396601, 0.54374967,
        0.44636667, 0.77501734],
       [0.2122863 , 0.60239353, 0.26687222, 0.93875399, 0.63507626,
        0.52532119, 0.47793966, 0.8286145 , 0.79640551, 0.71315464,
        0.77108047, 0.77078638],
       [0.91130431, 0.76233091, 0.97162358, 0.24337811, 0.06230857,
        0.39081146, 0.63744605, 0.26381847, 0.6601181 , 0.23051869,
        0.27197271, 0.52883708],
       [0.78149939, 0.34465676, 0.63372575, 0.0108595 , 0.89933724,
        0.67890766, 0.81397774, 0.10569989, 0.39505625, 0.17357372,
        0.03223221, 0.043701  ]]), array([[0.63554551, 0.27609784, 0.40758409, 0.36315224, 0.00400899,
        0.55092064, 0.06865138, 0.86926245, 0.96054408, 0.55510845,
        0.94923889, 0.73220119],
       [0.86575278, 0.97542009, 0.715416  , 0.1244465 , 0.84292998,
        0.85748387, 0.15230791, 0.27818446, 0.48130809, 0.74475438,
        0.59274799, 0.31547526],
       [0.2433513 , 0.3568208 , 0.60034588, 0.85163323, 0.99765985,
        0.52551517, 0.05790185, 0.36285493, 0.52729336, 0.7220242 ,
        0.43317217, 0.16749126],
       [0.52194292, 0.2630849 , 0.35704854, 0.77712849, 0.3540818 ,
        0.48073291, 0.95531398, 0.68636314, 0.58342631, 0.56093438,
        0.84126106, 0.97788514],
       [0.24419536, 0.20620047, 0.14741348, 0.65022117, 0.30360612,
        0.58779977, 0.15323948, 0.13730509, 0.7031783 , 0.57593359,
        0.69059684, 0.00337145],
       [0.49185595, 0.71036394, 0.40795001, 0.14970951, 0.86710205,
        0.49904192, 0.84232385, 0.47300835, 0.30971573, 0.9834542 ,
        0.47142793, 0.77087291],
       [0.13808191, 0.10618548, 0.76050933, 0.38863671, 0.64446915,
        0.58631682, 0.34751112, 0.75952516, 0.26719744, 0.94300429,
        0.1926326 , 0.56592969],
       [0.85835749, 0.02972519, 0.081472  , 0.29323125, 0.64961108,
        0.38876496, 0.95385497, 0.00593258, 0.60909127, 0.97855647,
        0.22415237, 0.20466971],
       [0.55946942, 0.47906046, 0.86281266, 0.58897359, 0.03197903,
        0.91164308, 0.08533969, 0.56052446, 0.95926127, 0.75468085,
        0.94948745, 0.72297073],
       [0.76560763, 0.26082302, 0.40621233, 0.23317763, 0.22185744,
        0.48059125, 0.2779504 , 0.19115939, 0.61049228, 0.0278767 ,
        0.59264563, 0.35120972],
       [0.00707605, 0.99603909, 0.71763167, 0.30406836, 0.03463929,
        0.11475864, 0.69447641, 0.00960509, 0.62295163, 0.16021276,
        0.8615641 , 0.78236387],
       [0.62433161, 0.19570949, 0.96404865, 0.78909919, 0.61401499,
        0.20052817, 0.53250104, 0.2704489 , 0.22012689, 0.91281564,
        0.63076062, 0.71409932]]), array([[0.81586621, 0.80288715, 0.79397335, 0.18582936, 0.45873543,
        0.0511867 , 0.88027433, 0.40939604, 0.2925922 , 0.0367509 ,
        0.17041962, 0.36320995],
       [0.21152664, 0.63751268, 0.89629582, 0.19546101, 0.16624836,
        0.25579279, 0.95452106, 0.58674955, 0.14193065, 0.92556865,
        0.13479391, 0.04056879],
       [0.53390964, 0.80873494, 0.05847901, 0.64127754, 0.84779385,
        0.52901202, 0.57017923, 0.09763538, 0.33795494, 0.46995134,
        0.11326482, 0.29467856],
       [0.85395606, 0.61295008, 0.17732711, 0.79027606, 0.55648194,
        0.86175988, 0.28361505, 0.28395787, 0.76049648, 0.6925988 ,
        0.88967884, 0.61247064],
       [0.98238919, 0.17107704, 0.34063595, 0.47929002, 0.82866269,
        0.28540244, 0.48577834, 0.8209129 , 0.77371151, 0.84041936,
        0.57184389, 0.05760978],
       [0.64083258, 0.11018045, 0.23720214, 0.67801548, 0.65914112,
        0.98618554, 0.59685478, 0.69202266, 0.18386151, 0.53570049,
        0.17130374, 0.03603925],
       [0.6974582 , 0.32752866, 0.94173486, 0.67507458, 0.22643037,
        0.40883887, 0.73857686, 0.17356078, 0.79302971, 0.20353938,
        0.08486961, 0.36339892],
       [0.24719438, 0.24272044, 0.15287539, 0.19645171, 0.06594254,
        0.34081422, 0.08383633, 0.6756643 , 0.50941479, 0.19760716,
        0.54495844, 0.73029847],
       [0.54105425, 0.53413956, 0.91076429, 0.70875071, 0.19388924,
        0.29832376, 0.31067229, 0.62761124, 0.92101956, 0.37005757,
        0.41893798, 0.75201584],
       [0.08831336, 0.34930216, 0.01440517, 0.10692103, 0.58362846,
        0.97496677, 0.61134339, 0.3831301 , 0.90569847, 0.92994082,
        0.0069566 , 0.37159364],
       [0.76367025, 0.33858721, 0.44239079, 0.49330392, 0.83413636,
        0.79651087, 0.95880451, 0.02042939, 0.05378163, 0.40015406,
        0.62555445, 0.16026474],
       [0.23958437, 0.28815405, 0.92483945, 0.47981493, 0.62114985,
        0.70538588, 0.88954401, 0.31496052, 0.82811561, 0.28102995,
        0.8423753 , 0.80371008]]), array([[0.02969343, 0.35128135, 0.64437905, 0.59573568, 0.20057255,
        0.49267113, 0.72064608, 0.04855104, 0.04646806, 0.37658386,
        0.61921796, 0.43160638],
       [0.77824736, 0.094358  , 0.2915893 , 0.04487851, 0.04393152,
        0.8886131 , 0.94113138, 0.87501998, 0.60564619, 0.22969402,
        0.34005384, 0.46695497],
       [0.26861605, 0.05077097, 0.46757767, 0.70765427, 0.1465957 ,
        0.27037134, 0.29114426, 0.00587737, 0.37449234, 0.57034808,
        0.05424291, 0.49209029],
       [0.71216245, 0.62921455, 0.51440037, 0.91926274, 0.02982403,
        0.42730687, 0.10256867, 0.8827997 , 0.18504016, 0.16159406,
        0.54001865, 0.83668428],
       [0.64196207, 0.97514565, 0.78398157, 0.78098678, 0.32914951,
        0.63898255, 0.28339419, 0.94391965, 0.67669132, 0.3130106 ,
        0.10027195, 0.73312732],
       [0.22605671, 0.45577191, 0.27121844, 0.10536394, 0.36147934,
        0.18396839, 0.12047218, 0.76664701, 0.99902863, 0.59714433,
        0.52517754, 0.2942813 ],
       [0.27981697, 0.29091476, 0.95950124, 0.44530069, 0.19063477,
        0.85949425, 0.18848937, 0.12553674, 0.10172328, 0.41950806,
        0.65983775, 0.39377793],
       [0.84333184, 0.81667396, 0.6484354 , 0.80055395, 0.79623473,
        0.04771196, 0.15098003, 0.41710842, 0.68315051, 0.11206637,
        0.2823118 , 0.50836002],
       [0.84280087, 0.48571432, 0.74779163, 0.40063645, 0.20363398,
        0.73961335, 0.27388949, 0.6993987 , 0.50330892, 0.05475226,
        0.2403676 , 0.14915912],
       [0.34865637, 0.43623474, 0.66925685, 0.5810129 , 0.97712981,
        0.28922702, 0.81236435, 0.92247333, 0.70209258, 0.94433672,
        0.51288278, 0.66509583],
       [0.27609742, 0.23039658, 0.54099294, 0.37447112, 0.54497335,
        0.03725307, 0.12121141, 0.25752125, 0.34409385, 0.28706585,
        0.01817917, 0.36971688],
       [0.40458233, 0.77119005, 0.28023418, 0.62534061, 0.9240046 ,
        0.13437925, 0.63602104, 0.05346264, 0.20877566, 0.07208605,
        0.26038353, 0.81331668]]), array([[0.00447583, 0.34545299, 0.18728817, 0.23403666, 0.28386759,
        0.38377292, 0.77332683, 0.72077915, 0.82475357, 0.97590723,
        0.7219464 , 0.71953046],
       [0.50240034, 0.42941053, 0.31019801, 0.5667391 , 0.3194014 ,
        0.36803005, 0.865207  , 0.07959389, 0.55103315, 0.21939707,
        0.21410611, 0.05691832],
       [0.79496259, 0.10873673, 0.89756976, 0.12158907, 0.76540545,
        0.2906965 , 0.42820258, 0.95520925, 0.92528026, 0.11322994,
        0.24891009, 0.99409222],
       [0.45525763, 0.0768862 , 0.11175758, 0.61054798, 0.46034008,
        0.16217824, 0.51669818, 0.44521117, 0.50739583, 0.75406733,
        0.45994646, 0.38920686],
       [0.09360896, 0.41126189, 0.46744908, 0.38507336, 0.02915329,
        0.60146588, 0.25026728, 0.36097361, 0.48473241, 0.70448376,
        0.74285931, 0.87758003],
       [0.09146741, 0.78373142, 0.93916369, 0.4749932 , 0.75322347,
        0.93749359, 0.04701828, 0.80156704, 0.5909585 , 0.797021  ,
        0.08532176, 0.23185389],
       [0.3370236 , 0.30819944, 0.74898856, 0.75317941, 0.86079504,
        0.58712233, 0.79913824, 0.87476247, 0.65907614, 0.6054819 ,
        0.68268627, 0.6291282 ],
       [0.17965167, 0.42830503, 0.13973984, 0.98652159, 0.89324851,
        0.99184254, 0.70408596, 0.3208456 , 0.38289281, 0.84079812,
        0.35921488, 0.50998834],
       [0.81338742, 0.51250894, 0.57337264, 0.02497688, 0.09634573,
        0.76383748, 0.24630346, 0.81991852, 0.2793613 , 0.56701812,
        0.80381653, 0.24438916],
       [0.9909032 , 0.41532175, 0.92958104, 0.55364778, 0.38009316,
        0.47473174, 0.86354451, 0.45370369, 0.97870181, 0.77735927,
        0.5258855 , 0.8988181 ],
       [0.8981039 , 0.8309402 , 0.41284258, 0.8742501 , 0.77759599,
        0.96747768, 0.47876406, 0.14730979, 0.47566219, 0.9473406 ,
        0.84014351, 0.19640229],
       [0.2887113 , 0.86383247, 0.30733691, 0.53591264, 0.79276442,
        0.69162147, 0.67625609, 0.64010194, 0.30351001, 0.11970828,
        0.80876964, 0.37341036]]), array([[0.88428839, 0.39154186, 0.83872331, 0.33787971, 0.3251019 ,
        0.70852556, 0.30579274, 0.48229828, 0.41149609, 0.60719812,
        0.31654948, 0.28489384],
       [0.98967865, 0.90595164, 0.05952286, 0.49483724, 0.60551149,
        0.6021523 , 0.5229581 , 0.80188966, 0.40440308, 0.82697478,
        0.82682094, 0.92992172],
       [0.92551544, 0.76611741, 0.61037846, 0.95316824, 0.50418012,
        0.71818395, 0.1799159 , 0.20963916, 0.09490585, 0.4379519 ,
        0.74601425, 0.6352854 ],
       [0.14277782, 0.56080963, 0.52584895, 0.96630482, 0.188828  ,
        0.55569971, 0.73219378, 0.32091362, 0.51823484, 0.85360097,
        0.21300488, 0.41830896],
       [0.65611162, 0.87306133, 0.37680982, 0.65773929, 0.79201502,
        0.53165096, 0.51593887, 0.51723987, 0.84664457, 0.71043467,
        0.86365289, 0.1848292 ],
       [0.30576509, 0.48448724, 0.33609361, 0.63076445, 0.86297234,
        0.426069  , 0.77511657, 0.66914586, 0.24807358, 0.62905902,
        0.81104698, 0.4644117 ],
       [0.47503247, 0.19865671, 0.74087522, 0.99508953, 0.86912216,
        0.93360364, 0.18721291, 0.79401135, 0.454599  , 0.93661549,
        0.03988444, 0.90995301],
       [0.39644984, 0.83609877, 0.73648489, 0.8091113 , 0.95614703,
        0.91930304, 0.83113002, 0.6121763 , 0.49401018, 0.90388255,
        0.16699463, 0.9125366 ],
       [0.52258067, 0.30463814, 0.91786793, 0.71953034, 0.18102161,
        0.38554704, 0.87644807, 0.08146963, 0.6311083 , 0.4067972 ,
        0.77741499, 0.89764296],
       [0.57742448, 0.97562683, 0.55104239, 0.14828343, 0.16772532,
        0.33306253, 0.97387057, 0.73567321, 0.80095525, 0.25766243,
        0.20671538, 0.73884447],
       [0.50147683, 0.78791414, 0.92413929, 0.77883188, 0.35695622,
        0.00794195, 0.73244734, 0.11363711, 0.59028524, 0.64225356,
        0.02989909, 0.79302879],
       [0.12822237, 0.2136143 , 0.14151231, 0.52072198, 0.38079957,
        0.57821332, 0.88468296, 0.42816876, 0.16145092, 0.58268447,
        0.29857885, 0.50293027]]), array([[0.42714805, 0.54574307, 0.13932141, 0.97608855, 0.66408158,
        0.79848729, 0.18554649, 0.4724075 , 0.28482591, 0.44345474,
        0.84527382, 0.57332099],
       [0.31914419, 0.42389282, 0.72146802, 0.25485723, 0.79013037,
        0.95129618, 0.6245428 , 0.25411269, 0.27383911, 0.78723052,
        0.79373867, 0.39315186],
       [0.1140507 , 0.90821753, 0.69752014, 0.29093642, 0.05282185,
        0.2879677 , 0.4743863 , 0.75891215, 0.34247641, 0.35189085,
        0.07919447, 0.92061184],
       [0.24850712, 0.14586035, 0.52253087, 0.42938745, 0.09673698,
        0.06833781, 0.20416398, 0.88863406, 0.30911172, 0.32926854,
        0.57698281, 0.26842158],
       [0.65917927, 0.08020913, 0.44872026, 0.39790715, 0.09390079,
        0.20115847, 0.08285804, 0.13469458, 0.73038749, 0.03372103,
        0.22040703, 0.52334628],
       [0.91919287, 0.57514714, 0.21545916, 0.27945144, 0.33266075,
        0.63122888, 0.63565669, 0.9216423 , 0.94850878, 0.85542352,
        0.06693727, 0.67158274],
       [0.24721345, 0.39244047, 0.97473039, 0.6858268 , 0.90765863,
        0.58743785, 0.32254691, 0.75505813, 0.28415052, 0.71663237,
        0.46453266, 0.08354433],
       [0.6962759 , 0.56594142, 0.5818376 , 0.18663139, 0.52655273,
        0.32370437, 0.65760828, 0.15669924, 0.09474768, 0.17727784,
        0.91082392, 0.04845115],
       [0.87415119, 0.02893504, 0.20958023, 0.90691174, 0.06161243,
        0.44480194, 0.39432995, 0.5728672 , 0.50331475, 0.12862759,
        0.41770574, 0.5355869 ],
       [0.31200174, 0.40671433, 0.00912759, 0.45710535, 0.00744839,
        0.02077015, 0.64548153, 0.24008272, 0.9214417 , 0.29549533,
        0.45140941, 0.42737834],
       [0.96360918, 0.61511565, 0.62860446, 0.95821696, 0.57184848,
        0.60160977, 0.089621  , 0.2395746 , 0.49587966, 0.46844062,
        0.39033408, 0.1286052 ],
       [0.4653997 , 0.83506923, 0.34654327, 0.98937629, 0.68735396,
        0.99514054, 0.51512708, 0.65592832, 0.10583085, 0.8922087 ,
        0.69803558, 0.73257105]]), array([[0.23201528, 0.57272957, 0.7524783 , 0.69734538, 0.54243222,
        0.51269706, 0.00927822, 0.12097619, 0.10914958, 0.64309192,
        0.45275872, 0.34410214],
       [0.9824331 , 0.94314781, 0.80603309, 0.00360974, 0.77363927,
        0.03174922, 0.28303693, 0.69900961, 0.88827849, 0.01383205,
        0.62712658, 0.20695224],
       [0.53592682, 0.25603895, 0.51860317, 0.19649289, 0.76858364,
        0.58866499, 0.49696747, 0.13186388, 0.51247497, 0.09852917,
        0.63953261, 0.8458799 ],
       [0.54634353, 0.5489636 , 0.23597014, 0.2101528 , 0.74152396,
        0.40204017, 0.01513237, 0.61237895, 0.04167548, 0.55651564,
        0.01422377, 0.36280459],
       [0.96180436, 0.58000739, 0.0469777 , 0.35116536, 0.23145213,
        0.94049922, 0.48901781, 0.71754393, 0.03562619, 0.80564485,
        0.20530688, 0.05591501],
       [0.14405434, 0.99507299, 0.33320224, 0.24222036, 0.8517002 ,
        0.16585384, 0.05571539, 0.38560473, 0.48148505, 0.71549875,
        0.99593995, 0.54905102],
       [0.11031562, 0.56179953, 0.79842979, 0.54614545, 0.46305022,
        0.96419306, 0.25358903, 0.1078554 , 0.29384527, 0.01704047,
        0.4447304 , 0.02634112],
       [0.85618348, 0.79137173, 0.07236291, 0.21126981, 0.28043285,
        0.79637392, 0.05560229, 0.83951191, 0.65474212, 0.53121042,
        0.14613668, 0.40908189],
       [0.78451343, 0.98968356, 0.77954524, 0.01056477, 0.63263208,
        0.33283419, 0.63278994, 0.58223072, 0.13850068, 0.86604184,
        0.89010095, 0.28107466],
       [0.44532936, 0.54465494, 0.23804228, 0.8852066 , 0.60024779,
        0.60726354, 0.12747265, 0.99183481, 0.42273436, 0.21537475,
        0.57656412, 0.62555475],
       [0.65741579, 0.44216599, 0.40747515, 0.37089553, 0.04661431,
        0.32263834, 0.90580496, 0.10326446, 0.20387667, 0.86815855,
        0.2077091 , 0.52209616],
       [0.72352408, 0.80298041, 0.45603468, 0.23996959, 0.43329238,
        0.55054684, 0.74899775, 0.15316297, 0.18134965, 0.29366156,
        0.12466086, 0.81660122]]), array([[0.01324508, 0.58329999, 0.93611937, 0.88711068, 0.40200541,
        0.5537346 , 0.79552931, 0.04600095, 0.3769977 , 0.89772096,
        0.82426534, 0.23299477],
       [0.2714866 , 0.85977489, 0.48287935, 0.00973835, 0.65351723,
        0.23877211, 0.30680256, 0.67286142, 0.7579872 , 0.23533784,
        0.44122096, 0.05580939],
       [0.02515337, 0.28961738, 0.96530429, 0.23076769, 0.58765301,
        0.73582805, 0.17702175, 0.30734425, 0.20148577, 0.81117677,
        0.01655836, 0.34144593],
       [0.2323568 , 0.86842636, 0.01173601, 0.95179124, 0.08450671,
        0.72688501, 0.76772434, 0.65994595, 0.92751025, 0.08294348,
        0.32577479, 0.59336683],
       [0.15902435, 0.16838656, 0.84872505, 0.04077703, 0.78346584,
        0.85274096, 0.7606014 , 0.24610337, 0.56005387, 0.79253302,
        0.52840228, 0.70321829],
       [0.31725967, 0.21151797, 0.52454084, 0.97703386, 0.92155155,
        0.65627473, 0.52559905, 0.75015501, 0.13797339, 0.51747812,
        0.89715535, 0.15059393],
       [0.0309169 , 0.54115976, 0.51052475, 0.06273573, 0.28566605,
        0.72977666, 0.82357197, 0.02730519, 0.82635471, 0.11507687,
        0.25364017, 0.18488235],
       [0.50077834, 0.70964664, 0.55071356, 0.23159592, 0.63564644,
        0.83842446, 0.12971589, 0.77345966, 0.03649819, 0.64968128,
        0.49434006, 0.54021243],
       [0.35689662, 0.1916798 , 0.43182417, 0.06140729, 0.09311473,
        0.45317683, 0.78808791, 0.68274209, 0.05629688, 0.61040195,
        0.36850494, 0.13976814],
       [0.48482463, 0.94319904, 0.47569714, 0.36408338, 0.2878675 ,
        0.95664409, 0.45517799, 0.92295949, 0.99404512, 0.62173992,
        0.1743028 , 0.94995077],
       [0.96134869, 0.00451254, 0.02550164, 0.43015551, 0.40483066,
        0.73245641, 0.24970531, 0.12052759, 0.01466163, 0.79113381,
        0.88930199, 0.08349714],
       [0.805623  , 0.34402917, 0.81846105, 0.35042297, 0.30930654,
        0.71123137, 0.1113314 , 0.05229589, 0.28415595, 0.38354265,
        0.55947872, 0.69891146]]), array([[0.79287676, 0.21998349, 0.55188369, 0.11633219, 0.05316929,
        0.70217958, 0.19519616, 0.9361409 , 0.34898458, 0.96703027,
        0.08352926, 0.77371901],
       [0.08152095, 0.62858883, 0.27254032, 0.22040741, 0.92333758,
        0.42753424, 0.66612585, 0.81960759, 0.82355768, 0.06865423,
        0.13194141, 0.631569  ],
       [0.33793142, 0.18878127, 0.11242227, 0.74650524, 0.92540156,
        0.81815907, 0.61232839, 0.26583758, 0.57827912, 0.80939406,
        0.84588209, 0.66681887],
       [0.35984902, 0.0425733 , 0.19949318, 0.57659956, 0.95852247,
        0.69484418, 0.19607196, 0.68778034, 0.80705226, 0.40779734,
        0.18229589, 0.54459809],
       [0.39761322, 0.8365712 , 0.32599741, 0.99973933, 0.02175941,
        0.08460347, 0.45371469, 0.4932511 , 0.53806989, 0.81285042,
        0.19141811, 0.79088374],
       [0.55253056, 0.39853897, 0.28373211, 0.14628999, 0.10025195,
        0.31232128, 0.52135193, 0.95180164, 0.57765709, 0.52454575,
        0.27050776, 0.1302279 ],
       [0.65107095, 0.44129228, 0.39029118, 0.16469711, 0.47430237,
        0.3717766 , 0.51176657, 0.92253402, 0.52841912, 0.76478306,
        0.24972003, 0.30778611],
       [0.63460133, 0.33388494, 0.94112856, 0.62935068, 0.87538954,
        0.926664  , 0.22613786, 0.00852154, 0.47517874, 0.89195732,
        0.44974257, 0.49336399],
       [0.4489205 , 0.39644034, 0.44305594, 0.5831738 , 0.19768755,
        0.68426539, 0.20728158, 0.37991603, 0.8865569 , 0.24414613,
        0.79783673, 0.73786006],
       [0.06703206, 0.29447275, 0.84719554, 0.92206701, 0.86692491,
        0.6726782 , 0.44595897, 0.22395318, 0.08373538, 0.1857837 ,
        0.9346328 , 0.34526991],
       [0.17588084, 0.12267858, 0.1395819 , 0.23039265, 0.18416098,
        0.12272186, 0.59895646, 0.60600884, 0.32927469, 0.53747123,
        0.22483405, 0.303264  ],
       [0.05601125, 0.34054432, 0.10817926, 0.59257078, 0.88097675,
        0.16220653, 0.96282044, 0.49227996, 0.48225382, 0.30616682,
        0.91710993, 0.64728477]]), array([[0.50841573, 0.8157287 , 0.09357255, 0.87914426, 0.1765959 ,
        0.80052304, 0.42918561, 0.23470279, 0.74013534, 0.80215158,
        0.88081137, 0.35790616],
       [0.50993881, 0.1351646 , 0.67890473, 0.16396625, 0.97898574,
        0.52395953, 0.05201683, 0.85678686, 0.05018144, 0.65931174,
        0.68080464, 0.57165771],
       [0.27944112, 0.7906495 , 0.34384529, 0.84355407, 0.61597053,
        0.05068843, 0.42603064, 0.58273987, 0.69210376, 0.13946152,
        0.05783645, 0.94819251],
       [0.4965087 , 0.61223139, 0.63786845, 0.41284327, 0.17705638,
        0.66352647, 0.94485806, 0.33956691, 0.3270841 , 0.72309258,
        0.72489743, 0.25821433],
       [0.53714543, 0.57184379, 0.31958321, 0.43166728, 0.70272529,
        0.26982704, 0.40915421, 0.94584228, 0.44544927, 0.57386538,
        0.97213314, 0.99336457],
       [0.33541775, 0.59312407, 0.08011465, 0.63872079, 0.6349869 ,
        0.82496743, 0.38285629, 0.91446897, 0.6941268 , 0.70461656,
        0.35708167, 0.04437621],
       [0.14089882, 0.84255659, 0.44532741, 0.7270957 , 0.96332729,
        0.22152293, 0.5741255 , 0.16208355, 0.73953044, 0.50052583,
        0.08921262, 0.80434778],
       [0.01001925, 0.24772883, 0.96800238, 0.08748178, 0.71292077,
        0.44288955, 0.88972561, 0.9025627 , 0.14750768, 0.8549441 ,
        0.47611667, 0.95019991],
       [0.16095997, 0.47581456, 0.58008452, 0.36697776, 0.07559406,
        0.15934858, 0.27213919, 0.57329973, 0.99529408, 0.42585053,
        0.82785892, 0.1267112 ],
       [0.17742281, 0.39454493, 0.65755003, 0.88558607, 0.10873717,
        0.79764601, 0.00144762, 0.57702749, 0.6257005 , 0.23836397,
        0.15626861, 0.40696818],
       [0.41747875, 0.92602918, 0.17750142, 0.46563463, 0.40008085,
        0.84256294, 0.23507637, 0.4048092 , 0.44680649, 0.94300339,
        0.98497561, 0.33883949],
       [0.55984835, 0.07058094, 0.49440386, 0.09273613, 0.03546657,
        0.69077104, 0.15156159, 0.59646799, 0.54002598, 0.13901498,
        0.39068037, 0.78946962]]), array([[0.60145605, 0.1742774 , 0.39565465, 0.61009632, 0.09525889,
        0.79663782, 0.63350307, 0.967873  , 0.5464872 , 0.94055054,
        0.32017554, 0.75503603],
       [0.32435015, 0.88690381, 0.09855651, 0.0434781 , 0.31124537,
        0.65821755, 0.35297887, 0.89038117, 0.78151956, 0.88043211,
        0.54095603, 0.72595181],
       [0.78524932, 0.03566632, 0.64996042, 0.9079041 , 0.78652671,
        0.42553202, 0.5411018 , 0.91626883, 0.34556272, 0.50777824,
        0.99594795, 0.64937017],
       [0.05767976, 0.98323757, 0.37471285, 0.01516308, 0.75852419,
        0.52967577, 0.9667539 , 0.29154019, 0.31350972, 0.88706972,
        0.57395679, 0.63120163],
       [0.57208831, 0.29199463, 0.28042104, 0.44519832, 0.25846647,
        0.39218227, 0.98184704, 0.7278369 , 0.5898829 , 0.38055514,
        0.41458907, 0.01620456],
       [0.24944486, 0.53324908, 0.01516983, 0.92494643, 0.31480876,
        0.25831693, 0.33206318, 0.65835807, 0.77205103, 0.11947986,
        0.49786841, 0.90863244],
       [0.06558632, 0.84911918, 0.22549934, 0.44145031, 0.31347194,
        0.99995347, 0.58792897, 0.08171167, 0.62268117, 0.05565322,
        0.69122829, 0.11014755],
       [0.95928891, 0.55561956, 0.12630601, 0.74970834, 0.3625666 ,
        0.72991713, 0.6260899 , 0.93774131, 0.47053296, 0.91373171,
        0.6276812 , 0.07467396],
       [0.58716345, 0.5051728 , 0.90256835, 0.9318657 , 0.50372456,
        0.55977785, 0.04564991, 0.34653948, 0.78522279, 0.67028542,
        0.13892371, 0.64730352],
       [0.28260421, 0.2591975 , 0.29324403, 0.90532953, 0.4898977 ,
        0.29628932, 0.14185209, 0.82403264, 0.29766463, 0.01813362,
        0.15171742, 0.33984479],
       [0.46918667, 0.05119117, 0.73972184, 0.88276638, 0.34426442,
        0.24832305, 0.10431782, 0.92741654, 0.66845597, 0.08388465,
        0.9991224 , 0.55340868],
       [0.35493709, 0.17551338, 0.48631735, 0.75854174, 0.66947618,
        0.2775073 , 0.55545004, 0.82741235, 0.21584523, 0.02134894,
        0.17818039, 0.97192358]]), array([[0.33252638, 0.65250909, 0.69933624, 0.64696138, 0.45697561,
        0.36691099, 0.78639902, 0.17427114, 0.02301429, 0.23902624,
        0.32777407, 0.00794164],
       [0.02727293, 0.75143186, 0.7996942 , 0.01147953, 0.04030362,
        0.68596549, 0.34571701, 0.55444107, 0.07075825, 0.31575154,
        0.69345472, 0.09133576],
       [0.95717139, 0.18943284, 0.77690686, 0.30613997, 0.18738153,
        0.50286438, 0.18438132, 0.84117484, 0.60295029, 0.37099577,
        0.44877601, 0.71334272],
       [0.91769029, 0.62366266, 0.15619988, 0.42126044, 0.3757458 ,
        0.54394649, 0.20354466, 0.81597366, 0.28014019, 0.85331252,
        0.79021402, 0.81214333],
       [0.47409712, 0.60947601, 0.04338961, 0.93831581, 0.22682685,
        0.43513826, 0.90724531, 0.77147007, 0.96054853, 0.80438739,
        0.53301649, 0.18765963],
       [0.72056124, 0.78780568, 0.81347583, 0.34077144, 0.86464531,
        0.35598456, 0.79639897, 0.11696124, 0.31340596, 0.23432197,
        0.54358944, 0.9827337 ],
       [0.09781815, 0.81065585, 0.90895849, 0.86266168, 0.12719331,
        0.29787645, 0.81739022, 0.96173193, 0.63122194, 0.73678702,
        0.57836795, 0.62212367],
       [0.38055389, 0.31469493, 0.2395228 , 0.41379404, 0.27718056,
        0.19831216, 0.89627512, 0.66394901, 0.87200236, 0.17090166,
        0.67710465, 0.48588132],
       [0.01593522, 0.14524759, 0.74513017, 0.65686327, 0.81668815,
        0.01563075, 0.69295836, 0.3799728 , 0.86946694, 0.95808489,
        0.54075946, 0.65880501],
       [0.20914277, 0.5011489 , 0.5369765 , 0.89058679, 0.7702429 ,
        0.24963639, 0.30056347, 0.59580066, 0.00576989, 0.02490074,
        0.69250643, 0.20154218],
       [0.12796862, 0.08591115, 0.54479391, 0.10676593, 0.52501227,
        0.66368596, 0.63712366, 0.58350646, 0.63117152, 0.32230157,
        0.53808408, 0.93021364],
       [0.44060106, 0.00265153, 0.01221783, 0.51311639, 0.09095648,
        0.62114903, 0.16732667, 0.31507173, 0.00774687, 0.52895682,
        0.66439142, 0.65529014]]), array([[0.15059764, 0.00325284, 0.81866489, 0.43658922, 0.80372849,
        0.45426258, 0.17573649, 0.37284616, 0.04280774, 0.30111732,
        0.26644352, 0.74481417],
       [0.19220168, 0.38603318, 0.08020561, 0.7929829 , 0.41176455,
        0.44082361, 0.62119663, 0.23416675, 0.15155849, 0.14666646,
        0.90637527, 0.70709759],
       [0.36071412, 0.61967463, 0.16197951, 0.91078567, 0.74132162,
        0.90315757, 0.79576412, 0.33892299, 0.27189773, 0.90473445,
        0.67499034, 0.80819816],
       [0.65638399, 0.79238648, 0.05031187, 0.90688964, 0.0283694 ,
        0.12078352, 0.17572481, 0.66429961, 0.20156505, 0.62633296,
        0.28403727, 0.29041055],
       [0.82617313, 0.05272336, 0.97066251, 0.002316  , 0.59253897,
        0.67847473, 0.70713764, 0.55214804, 0.33687167, 0.75430374,
        0.78904328, 0.9555827 ],
       [0.29298962, 0.84711802, 0.76672899, 0.07231252, 0.45648148,
        0.71932454, 0.29250949, 0.2173063 , 0.93925549, 0.85051729,
        0.47492971, 0.45235141],
       [0.89697559, 0.66974328, 0.35800712, 0.26976225, 0.13580483,
        0.80009995, 0.38524771, 0.27212138, 0.76899719, 0.89328981,
        0.7758867 , 0.50941578],
       [0.32625159, 0.6415106 , 0.69374242, 0.71738624, 0.51911998,
        0.96898051, 0.92288834, 0.05011626, 0.94465495, 0.25812048,
        0.67902373, 0.43851339],
       [0.12924734, 0.59469426, 0.9814118 , 0.19991806, 0.45174636,
        0.20763806, 0.19784722, 0.64139531, 0.98943346, 0.52733748,
        0.94937874, 0.30663994],
       [0.73086094, 0.2415474 , 0.94284901, 0.06237026, 0.09259842,
        0.0866205 , 0.92124871, 0.21651119, 0.07873064, 0.56252646,
        0.74158648, 0.86516472],
       [0.79292672, 0.60684205, 0.93888304, 0.46101403, 0.83544791,
        0.90269056, 0.84253153, 0.69068356, 0.65533576, 0.34799773,
        0.25821824, 0.58329054],
       [0.43938306, 0.08335319, 0.5041389 , 0.87228893, 0.21541339,
        0.40384745, 0.55965936, 0.64540583, 0.14943198, 0.15503569,
        0.10652141, 0.81537119]]), array([[0.35920122, 0.56754885, 0.59353396, 0.71526839, 0.96249592,
        0.7028751 , 0.5081874 , 0.03459663, 0.98450438, 0.24224169,
        0.62768812, 0.712772  ],
       [0.13069764, 0.89814639, 0.1729568 , 0.40006314, 0.7263931 ,
        0.84574447, 0.43098948, 0.61790344, 0.35850963, 0.5057289 ,
        0.30382405, 0.74039423],
       [0.84408209, 0.90064013, 0.24696657, 0.75985577, 0.85867048,
        0.04076197, 0.44987354, 0.74244458, 0.85124791, 0.19716139,
        0.00973667, 0.29835065],
       [0.98364907, 0.75682268, 0.28469431, 0.02888077, 0.13111034,
        0.3769083 , 0.59259079, 0.05333522, 0.18756537, 0.23418752,
        0.14851188, 0.21240794],
       [0.82247483, 0.15301827, 0.13102601, 0.50415291, 0.87968153,
        0.36791098, 0.91747156, 0.38233297, 0.60369482, 0.60668444,
        0.13465033, 0.25312541],
       [0.51970525, 0.82801649, 0.94178169, 0.48460736, 0.96069495,
        0.5542976 , 0.26830761, 0.54205361, 0.59012785, 0.7723906 ,
        0.25227417, 0.926256  ],
       [0.99158679, 0.23572416, 0.23840204, 0.87200184, 0.18774816,
        0.23984789, 0.05154899, 0.01270305, 0.37076789, 0.35540263,
        0.02774223, 0.74332663],
       [0.99422221, 0.32910747, 0.5560864 , 0.76320386, 0.88946932,
        0.79212035, 0.06895345, 0.64034227, 0.56970775, 0.77014424,
        0.26261554, 0.55617206],
       [0.08536571, 0.71795857, 0.27751828, 0.62649055, 0.8383126 ,
        0.30407462, 0.35502818, 0.68084437, 0.20567016, 0.6293988 ,
        0.64989484, 0.21634489],
       [0.24225899, 0.88089836, 0.20660481, 0.346047  , 0.41818492,
        0.84441863, 0.72370114, 0.83169013, 0.76533918, 0.41815807,
        0.37081719, 0.38526257],
       [0.26242113, 0.42263202, 0.11668346, 0.61880431, 0.1664474 ,
        0.75012705, 0.85051783, 0.04684382, 0.64882291, 0.91823839,
        0.11797667, 0.96438916],
       [0.9274312 , 0.53484906, 0.34539852, 0.27002273, 0.1201694 ,
        0.81323951, 0.52732119, 0.40914153, 0.46869087, 0.02342169,
        0.5993546 , 0.34346631]]), array([[0.1778743 , 0.95321069, 0.8945688 , 0.19188213, 0.88050413,
        0.83885026, 0.2579845 , 0.02894751, 0.40506078, 0.18355249,
        0.49531239, 0.17094795],
       [0.77668709, 0.2026462 , 0.11737498, 0.85914102, 0.16253364,
        0.20054562, 0.53645456, 0.72058974, 0.0258641 , 0.82315103,
        0.69716693, 0.25760024],
       [0.80741912, 0.17506512, 0.96423633, 0.56439793, 0.64875123,
        0.43762444, 0.98743766, 0.33400183, 0.75218434, 0.69374408,
        0.87997148, 0.59728158],
       [0.98271977, 0.55973841, 0.17949927, 0.71654529, 0.05909058,
        0.66123975, 0.94131421, 0.30832254, 0.31363287, 0.76102634,
        0.01126864, 0.9696906 ],
       [0.03421206, 0.63771008, 0.00254427, 0.77523065, 0.77017076,
        0.44949775, 0.24870931, 0.70575913, 0.74028967, 0.46743318,
        0.69638381, 0.83453061],
       [0.63768487, 0.52615487, 0.32184784, 0.65824965, 0.07617556,
        0.22814829, 0.70902219, 0.77551175, 0.5028341 , 0.51072217,
        0.43434151, 0.83826125],
       [0.20839913, 0.57202235, 0.34667435, 0.35629168, 0.94712921,
        0.27576505, 0.41777445, 0.93810094, 0.88696618, 0.62911315,
        0.87605653, 0.52119008],
       [0.77271268, 0.00711819, 0.32106549, 0.25409172, 0.39417022,
        0.65593387, 0.04003233, 0.11873255, 0.8209637 , 0.94326027,
        0.57585803, 0.33832789],
       [0.91786173, 0.71265764, 0.33394198, 0.90906301, 0.04032578,
        0.33048319, 0.44205026, 0.35742939, 0.30105626, 0.95417736,
        0.78225344, 0.23005731],
       [0.85012854, 0.37052119, 0.82024294, 0.70364402, 0.49533813,
        0.80662193, 0.97338583, 0.77092951, 0.16571383, 0.53637891,
        0.84094643, 0.50300155],
       [0.43229904, 0.62945318, 0.13018185, 0.17064056, 0.60057612,
        0.47674687, 0.22862215, 0.88937328, 0.09701733, 0.69321291,
        0.34907354, 0.44579653],
       [0.31102188, 0.13714301, 0.28456111, 0.5952916 , 0.36402287,
        0.12577851, 0.49424317, 0.05938589, 0.13585765, 0.27103425,
        0.06658016, 0.19631656]]), array([[0.5376738 , 0.98027302, 0.74449481, 0.79899732, 0.4633696 ,
        0.06509233, 0.73731477, 0.89394916, 0.2928    , 0.44884469,
        0.38115409, 0.05062418],
       [0.50207742, 0.99679283, 0.98590824, 0.08988471, 0.32986501,
        0.31781487, 0.17461336, 0.82206668, 0.61034465, 0.49697749,
        0.40310341, 0.4492393 ],
       [0.51721164, 0.17059026, 0.45632615, 0.55279835, 0.37401247,
        0.18443739, 0.02672205, 0.97789345, 0.92522754, 0.65100052,
        0.37407628, 0.5652954 ],
       [0.16308994, 0.42685127, 0.48384388, 0.17718336, 0.67820401,
        0.23554762, 0.57906731, 0.3860853 , 0.10974474, 0.13491379,
        0.38910389, 0.46337118],
       [0.4873784 , 0.33095476, 0.01853674, 0.92123868, 0.62223801,
        0.25516591, 0.94367107, 0.800573  , 0.43806921, 0.37547535,
        0.85134825, 0.15238613],
       [0.93358024, 0.22193542, 0.24386628, 0.15579025, 0.05633542,
        0.87478967, 0.28601992, 0.08669613, 0.13481282, 0.98296014,
        0.94005648, 0.68600291],
       [0.40595388, 0.28577893, 0.85197199, 0.17908051, 0.09010666,
        0.20084123, 0.05559768, 0.34209654, 0.49374802, 0.86324162,
        0.71624598, 0.19778872],
       [0.30857361, 0.69369907, 0.61316576, 0.93783271, 0.84031667,
        0.87622907, 0.10676771, 0.02566579, 0.68453265, 0.96933579,
        0.55030699, 0.68091447],
       [0.36668259, 0.94523247, 0.44366522, 0.73696739, 0.41833857,
        0.91087875, 0.81236812, 0.13297859, 0.87540872, 0.7742532 ,
        0.41392531, 0.72221675],
       [0.89216682, 0.2842626 , 0.54221458, 0.10652051, 0.23480364,
        0.17386106, 0.40537531, 0.29636508, 0.88581169, 0.8150095 ,
        0.66160499, 0.80454964],
       [0.19271783, 0.22432712, 0.27069692, 0.62711135, 0.16614667,
        0.16021022, 0.54909904, 0.57253203, 0.61645625, 0.60200637,
        0.35582515, 0.62658004],
       [0.23339046, 0.66078352, 0.64066316, 0.28638903, 0.1294851 ,
        0.54930883, 0.58669412, 0.99092696, 0.53386077, 0.27180294,
        0.62784477, 0.01003603]]), array([[0.18634942, 0.91717693, 0.79098191, 0.6940235 , 0.32852129,
        0.87220057, 0.3526102 , 0.93116362, 0.84131918, 0.69991683,
        0.43407799, 0.3374168 ],
       [0.54172632, 0.34803003, 0.9704259 , 0.67846545, 0.81659298,
        0.63968063, 0.73823817, 0.87922665, 0.30454417, 0.00966049,
        0.47963484, 0.30802789],
       [0.07160493, 0.69856781, 0.43091931, 0.41881205, 0.51415746,
        0.78669055, 0.06714941, 0.25780894, 0.33920602, 0.2440333 ,
        0.01709697, 0.10170417],
       [0.77391186, 0.22228368, 0.54717213, 0.61503224, 0.08091179,
        0.50670106, 0.69187448, 0.05985223, 0.46998896, 0.77901456,
        0.59035062, 0.90341378],
       [0.9846421 , 0.57861157, 0.16015843, 0.14402312, 0.2961099 ,
        0.4368117 , 0.72026536, 0.17501693, 0.82736574, 0.12744973,
        0.6123528 , 0.20759017],
       [0.30680783, 0.82353441, 0.68617272, 0.63956565, 0.00592778,
        0.8323402 , 0.25423612, 0.61195198, 0.11756712, 0.75372797,
        0.22893456, 0.49934162],
       [0.53820864, 0.65034234, 0.24346869, 0.53422747, 0.48417766,
        0.47658499, 0.20375472, 0.01045314, 0.33668477, 0.86725368,
        0.05650885, 0.41841124],
       [0.22798761, 0.60622766, 0.28647357, 0.90783498, 0.17368803,
        0.41187745, 0.05461306, 0.57506388, 0.63084551, 0.38806835,
        0.91976988, 0.88878075],
       [0.92355781, 0.00352898, 0.16922797, 0.5402186 , 0.53091585,
        0.69719949, 0.16215755, 0.62647814, 0.77150083, 0.75859073,
        0.37414334, 0.2667473 ],
       [0.44032949, 0.12211799, 0.49037611, 0.39058292, 0.38273579,
        0.63463736, 0.40830286, 0.2690295 , 0.28265589, 0.34692388,
        0.83851972, 0.26962286],
       [0.0255993 , 0.86606279, 0.41584268, 0.6492514 , 0.97334547,
        0.99008062, 0.67921695, 0.30801051, 0.41510034, 0.35951086,
        0.7487223 , 0.50431796],
       [0.53511203, 0.88251021, 0.13818033, 0.92872839, 0.20412158,
        0.72781299, 0.334671  , 0.86488129, 0.33688724, 0.52189572,
        0.30566561, 0.17742885]]), array([[0.71240648, 0.1345062 , 0.27237301, 0.87283554, 0.36822116,
        0.270277  , 0.06082401, 0.48801356, 0.1225642 , 0.2713617 ,
        0.87619952, 0.04415049],
       [0.8723662 , 0.84072396, 0.11121672, 0.81492533, 0.33995053,
        0.2577673 , 0.60249724, 0.95194304, 0.20461249, 0.31897346,
        0.44063716, 0.52595699],
       [0.80619591, 0.83390554, 0.46548836, 0.34486315, 0.20225535,
        0.54040981, 0.93393746, 0.23403894, 0.97374704, 0.82415043,
        0.31245741, 0.92053367],
       [0.03278508, 0.23309444, 0.98687336, 0.08820662, 0.7119278 ,
        0.58270524, 0.30926387, 0.06840111, 0.44253546, 0.9625488 ,
        0.85312209, 0.44014108],
       [0.16034488, 0.75761637, 0.98866137, 0.09359879, 0.29291584,
        0.892719  , 0.8989473 , 0.77077952, 0.75922874, 0.40575431,
        0.5577351 , 0.37708222],
       [0.24351321, 0.25713404, 0.98160124, 0.42176382, 0.85016019,
        0.97483579, 0.78135794, 0.88579949, 0.98087001, 0.40207708,
        0.69909711, 0.77791175],
       [0.73027849, 0.14588497, 0.69003446, 0.5408961 , 0.4216787 ,
        0.93251701, 0.69988799, 0.88815763, 0.97984347, 0.01002655,
        0.83920207, 0.8333153 ],
       [0.92058999, 0.78161812, 0.36018816, 0.47055777, 0.91829811,
        0.92337128, 0.32644843, 0.84081081, 0.16179479, 0.84078583,
        0.9525236 , 0.91415281],
       [0.62172452, 0.1604235 , 0.07994574, 0.79509922, 0.68211439,
        0.43020785, 0.72555988, 0.25936488, 0.30004436, 0.28362771,
        0.45665131, 0.59125294],
       [0.27861082, 0.94703253, 0.2320909 , 0.73865268, 0.91863749,
        0.9046808 , 0.11734155, 0.72331438, 0.19259988, 0.2798406 ,
        0.02103491, 0.60591122],
       [0.76236962, 0.80524892, 0.81178184, 0.2947767 , 0.12655242,
        0.53278667, 0.1097691 , 0.9489045 , 0.48092506, 0.65598551,
        0.84869853, 0.34720847],
       [0.96667359, 0.18774566, 0.931661  , 0.62107321, 0.34094922,
        0.16808363, 0.25788039, 0.83508125, 0.89797809, 0.80590624,
        0.81403871, 0.85888892]]), array([[0.27736432, 0.02770485, 0.84960515, 0.28738179, 0.121814  ,
        0.98797149, 0.09407684, 0.19230788, 0.55990694, 0.54073321,
        0.67290699, 0.50688122],
       [0.847438  , 0.4875093 , 0.67337558, 0.62592183, 0.13079152,
        0.4067432 , 0.02347427, 0.50025732, 0.46100173, 0.57639049,
        0.93842253, 0.51717153],
       [0.5392418 , 0.78151425, 0.11734138, 0.6423475 , 0.76667389,
        0.92902427, 0.74914633, 0.82724445, 0.27064574, 0.59605738,
        0.56484895, 0.21838341],
       [0.44062668, 0.5359827 , 0.83726645, 0.76583217, 0.413217  ,
        0.47336599, 0.1865608 , 0.39927266, 0.04216773, 0.96373205,
        0.20665052, 0.027969  ],
       [0.00443114, 0.31252728, 0.83551951, 0.11799726, 0.78615847,
        0.28371887, 0.5291809 , 0.73397479, 0.40794415, 0.69331115,
        0.44713371, 0.16984198],
       [0.88028673, 0.10874034, 0.8706088 , 0.46159689, 0.03328664,
        0.15561363, 0.26019596, 0.24135348, 0.61866918, 0.39803343,
        0.90421888, 0.6249165 ],
       [0.94133298, 0.59287123, 0.14448271, 0.06581074, 0.24827617,
        0.01796366, 0.22920448, 0.65420339, 0.37704259, 0.92505038,
        0.8393485 , 0.25222411],
       [0.08227369, 0.66447797, 0.02723517, 0.10412601, 0.84903186,
        0.73097057, 0.40738948, 0.23992227, 0.02920244, 0.24342773,
        0.05592433, 0.16578017],
       [0.45126638, 0.25203433, 0.48900186, 0.07180166, 0.8766996 ,
        0.74861185, 0.2499696 , 0.96412644, 0.48168279, 0.64149736,
        0.59413437, 0.1240005 ],
       [0.8904847 , 0.86859017, 0.1859954 , 0.69977511, 0.97914728,
        0.36581334, 0.05291482, 0.64788587, 0.9046018 , 0.7685183 ,
        0.94037249, 0.10434998],
       [0.71082663, 0.66072852, 0.42243584, 0.02520812, 0.75987389,
        0.24159124, 0.03470134, 0.70066707, 0.37576682, 0.17760655,
        0.45966962, 0.06817383],
       [0.29418183, 0.54721744, 0.10356686, 0.16274781, 0.07118278,
        0.95904166, 0.58348497, 0.75667767, 0.18499634, 0.15020767,
        0.68905837, 0.21899206]]), array([[0.87563378, 0.48748134, 0.00967303, 0.84301973, 0.48876998,
        0.6150526 , 0.16147533, 0.36374606, 0.58142516, 0.43367549,
        0.95197631, 0.21970675],
       [0.43360764, 0.79765334, 0.55877266, 0.97566256, 0.75413213,
        0.09474996, 0.93518663, 0.11396665, 0.2368638 , 0.81820509,
        0.99967226, 0.35100042],
       [0.67583494, 0.76020103, 0.67639961, 0.70869884, 0.31808355,
        0.00540065, 0.50150729, 0.38560819, 0.03027483, 0.50329028,
        0.77068061, 0.28178756],
       [0.11329142, 0.36299864, 0.84819862, 0.87297359, 0.16648145,
        0.3730469 , 0.66109373, 0.94394678, 0.43591234, 0.84200517,
        0.77114404, 0.93220299],
       [0.75063921, 0.50259651, 0.85139946, 0.49554282, 0.85316256,
        0.23806301, 0.63057427, 0.55449571, 0.54349573, 0.63814028,
        0.16791153, 0.48827542],
       [0.69047097, 0.83482952, 0.46262506, 0.76125479, 0.75272198,
        0.53919068, 0.93351014, 0.7431625 , 0.97724537, 0.13987389,
        0.27154463, 0.81344375],
       [0.06750385, 0.42522975, 0.78596013, 0.78559244, 0.28083509,
        0.38934176, 0.83440224, 0.87227052, 0.37899089, 0.94348258,
        0.72418412, 0.51843079],
       [0.48334771, 0.0197833 , 0.27489371, 0.84332467, 0.43585942,
        0.80493905, 0.24657138, 0.43589757, 0.82324247, 0.44395941,
        0.42929479, 0.54709788],
       [0.11916613, 0.05039382, 0.42821533, 0.47716789, 0.24724019,
        0.14921911, 0.61198202, 0.69870865, 0.98604757, 0.86041727,
        0.71335908, 0.64855204],
       [0.39145335, 0.81989652, 0.04637006, 0.25743814, 0.33756937,
        0.00919884, 0.87201613, 0.07755791, 0.54906041, 0.51722721,
        0.3081673 , 0.1449704 ],
       [0.24115218, 0.25666871, 0.75721546, 0.72816777, 0.86703469,
        0.0091601 , 0.7053295 , 0.54517572, 0.87061647, 0.80536431,
        0.15696993, 0.60538076],
       [0.22851622, 0.7216083 , 0.82453638, 0.79748967, 0.5856896 ,
        0.29300487, 0.8120316 , 0.95224409, 0.55025254, 0.14985153,
        0.01505678, 0.8521235 ]]), array([[7.80268544e-01, 4.77002593e-01, 4.75143850e-01, 8.10884671e-02,
        2.45559910e-01, 1.48787677e-01, 4.71593920e-02, 4.93431717e-01,
        8.58205825e-01, 2.35757597e-01, 5.49028351e-01, 3.26757154e-01],
       [8.37030959e-01, 5.29323328e-02, 5.22947794e-01, 9.24314520e-01,
        5.81682652e-01, 5.98090440e-01, 2.60110674e-01, 1.51793262e-01,
        9.66964949e-01, 2.25795874e-02, 8.90385620e-01, 9.19006059e-01],
       [6.21476066e-02, 7.37970245e-01, 5.42281740e-01, 5.48043849e-01,
        3.33659669e-01, 7.81740572e-01, 8.26616547e-01, 2.81881140e-01,
        1.47621329e-01, 7.40089373e-01, 4.50957604e-01, 6.16436141e-01],
       [6.75845279e-01, 8.12396144e-01, 3.21845892e-01, 2.31059777e-01,
        7.64994803e-01, 6.73191608e-01, 9.18296374e-01, 6.11894857e-01,
        8.35843971e-01, 4.67746758e-01, 1.42633542e-02, 8.56409480e-01],
       [4.96305212e-01, 3.34576674e-01, 8.79200311e-01, 5.01397757e-01,
        8.58115935e-01, 8.52074343e-01, 6.45523379e-02, 8.32910166e-01,
        9.65433356e-01, 7.67321025e-01, 4.87293291e-01, 8.18763855e-01],
       [9.52053146e-01, 2.75603317e-01, 6.76254842e-01, 2.50586891e-01,
        1.25955831e-01, 7.65316605e-01, 3.23256345e-01, 7.21398340e-01,
        6.70721059e-01, 8.11601096e-01, 9.21421155e-01, 6.96071915e-01],
       [7.23681221e-01, 2.80802109e-01, 3.66647525e-01, 8.17644023e-01,
        7.96294721e-01, 3.46295639e-01, 2.43677703e-01, 1.89550640e-01,
        7.45594107e-01, 1.10718514e-01, 7.54869923e-01, 5.68516804e-01],
       [4.15323736e-01, 6.15933634e-01, 3.18908250e-02, 2.92350150e-02,
        1.18140173e-01, 6.91229077e-01, 5.66628979e-01, 4.96406137e-01,
        9.93780944e-01, 6.75884089e-01, 5.93216769e-02, 1.43870448e-02],
       [8.77100919e-01, 7.37817166e-02, 7.41111151e-01, 4.19358717e-02,
        8.11990198e-01, 2.20585563e-01, 5.96041188e-01, 3.75333282e-01,
        1.39998209e-04, 6.41903611e-01, 7.46684419e-01, 9.07423076e-01],
       [6.78910527e-01, 1.76126653e-01, 6.10399447e-01, 4.73924724e-01,
        4.64453797e-01, 2.62696826e-01, 1.10481488e-01, 3.08750584e-02,
        6.54261796e-01, 2.81045949e-01, 1.02868186e-01, 4.42378040e-01],
       [2.10457479e-01, 9.50487630e-02, 4.88220254e-01, 2.97573633e-01,
        8.90189770e-01, 5.14974955e-01, 1.05244704e-01, 4.94953191e-01,
        7.41657172e-01, 4.82785961e-01, 1.99326926e-01, 9.89294735e-01],
       [9.72538612e-01, 9.25183746e-01, 2.30710727e-01, 3.49003272e-01,
        1.81752094e-01, 7.21455618e-01, 6.91450401e-01, 2.41664148e-01,
        6.84356466e-01, 8.05691371e-01, 3.34358695e-01, 7.32531753e-01]]), array([[0.57073485, 0.29053053, 0.1652994 , 0.3604894 , 0.93695556,
        0.70591516, 0.23292372, 0.20094266, 0.34516235, 0.49702959,
        0.46940325, 0.96854516],
       [0.76188179, 0.83534545, 0.10070036, 0.25284894, 0.52870032,
        0.98229725, 0.27474879, 0.56515352, 0.67081573, 0.25518988,
        0.96772697, 0.55059715],
       [0.90075625, 0.55802065, 0.43942735, 0.27233396, 0.10226286,
        0.25190806, 0.510402  , 0.08347183, 0.30009723, 0.96500378,
        0.41751989, 0.61690584],
       [0.17813994, 0.97334086, 0.3913302 , 0.44945874, 0.77410075,
        0.39727829, 0.71613544, 0.30619768, 0.97773225, 0.95648547,
        0.8708218 , 0.40948175],
       [0.83152024, 0.16778411, 0.22944077, 0.3671534 , 0.19963749,
        0.68485109, 0.71145123, 0.51549081, 0.90496025, 0.02853661,
        0.78054777, 0.4915042 ],
       [0.92043475, 0.14448234, 0.57274026, 0.16432896, 0.6807623 ,
        0.2345178 , 0.75855321, 0.07377326, 0.52961354, 0.8064634 ,
        0.32344086, 0.87768973],
       [0.28210456, 0.76770888, 0.6242317 , 0.93179382, 0.91572124,
        0.03660613, 0.10890711, 0.25178811, 0.9132223 , 0.24084916,
        0.74112026, 0.14979536],
       [0.18183622, 0.09467953, 0.96290165, 0.09013193, 0.07859299,
        0.25010069, 0.02263953, 0.35564846, 0.31436045, 0.25910507,
        0.13504073, 0.04300104],
       [0.60560996, 0.05397782, 0.38203879, 0.86757321, 0.44478686,
        0.70283828, 0.86134237, 0.31317578, 0.54895539, 0.80720796,
        0.27266113, 0.61857044],
       [0.20094307, 0.06390565, 0.40283755, 0.65583885, 0.12715835,
        0.46511137, 0.50640936, 0.92061052, 0.82851947, 0.23759412,
        0.35547246, 0.52590589],
       [0.54063953, 0.87824365, 0.78669072, 0.23611149, 0.78427167,
        0.98502052, 0.15444643, 0.3724274 , 0.83438394, 0.5161368 ,
        0.34451838, 0.61076006],
       [0.72734791, 0.8677607 , 0.76879563, 0.76422981, 0.4464972 ,
        0.90287997, 0.91130144, 0.91902796, 0.58406857, 0.38697718,
        0.64898208, 0.89153057]]), array([[0.36085655, 0.39654118, 0.41443769, 0.60537033, 0.59819209,
        0.02763338, 0.29495331, 0.45854169, 0.54652737, 0.23662143,
        0.01996564, 0.13755892],
       [0.38461316, 0.26197164, 0.06742777, 0.45586728, 0.85721876,
        0.42745797, 0.50809922, 0.77877097, 0.55650827, 0.40510915,
        0.23827071, 0.24448783],
       [0.32551992, 0.39985684, 0.03783025, 0.75536311, 0.52244978,
        0.09187716, 0.81163954, 0.23955427, 0.38446253, 0.1148938 ,
        0.0186792 , 0.72027745],
       [0.50240672, 0.42403929, 0.04237247, 0.63331345, 0.1253034 ,
        0.3170366 , 0.45144522, 0.74425094, 0.97337261, 0.25857029,
        0.40461519, 0.41858871],
       [0.5241009 , 0.64635975, 0.69841713, 0.54584977, 0.43702315,
        0.41163052, 0.99869685, 0.93028135, 0.61198822, 0.75615486,
        0.36785171, 0.57763806],
       [0.61334876, 0.65889721, 0.50646047, 0.66132838, 0.43816865,
        0.69337778, 0.5239838 , 0.10219293, 0.48218682, 0.5848415 ,
        0.60598968, 0.14914874],
       [0.94882616, 0.49193319, 0.46726447, 0.01356498, 0.95979208,
        0.65131247, 0.79190484, 0.11075376, 0.44475455, 0.48065136,
        0.75642957, 0.79634264],
       [0.48108488, 0.04931349, 0.2959238 , 0.20844821, 0.43536093,
        0.03046014, 0.5965457 , 0.68952323, 0.877734  , 0.90109867,
        0.75668994, 0.52980418],
       [0.91369744, 0.4928413 , 0.39673952, 0.21756708, 0.4836625 ,
        0.91574874, 0.38707177, 0.67698731, 0.62334201, 0.87754791,
        0.44571632, 0.63437245],
       [0.85380789, 0.76951486, 0.53590145, 0.23510222, 0.61748027,
        0.80797791, 0.93631522, 0.60284929, 0.63065864, 0.99555638,
        0.47528848, 0.72533413],
       [0.56765451, 0.29217207, 0.20220186, 0.42831077, 0.24185272,
        0.04533092, 0.9039862 , 0.68293453, 0.63157269, 0.28129557,
        0.25113107, 0.01703393],
       [0.70778717, 0.94974135, 0.59423287, 0.09582763, 0.28684505,
        0.27041435, 0.59937345, 0.98766028, 0.86687649, 0.21373161,
        0.38757785, 0.54820642]]), array([[0.72669511, 0.39377148, 0.47734097, 0.17759419, 0.83846911,
        0.54772696, 0.12976699, 0.34085244, 0.19721715, 0.02204914,
        0.88846716, 0.41265078],
       [0.23903661, 0.40755925, 0.43916265, 0.00888522, 0.60435871,
        0.97225349, 0.72301677, 0.46834004, 0.09980248, 0.92357323,
        0.7965497 , 0.4833482 ],
       [0.71665823, 0.85958528, 0.61775727, 0.00807866, 0.91719225,
        0.51132997, 0.53498223, 0.39066519, 0.6599234 , 0.02396642,
        0.50083639, 0.77732686],
       [0.78309636, 0.72655863, 0.98301973, 0.03271521, 0.33442286,
        0.17787975, 0.66635964, 0.11553691, 0.11658628, 0.32859441,
        0.79108938, 0.83456814],
       [0.54127266, 0.33498643, 0.66648136, 0.75761037, 0.83334557,
        0.74385915, 0.30717144, 0.5963177 , 0.56959153, 0.78793311,
        0.60947373, 0.29819572],
       [0.01804186, 0.85157701, 0.38908144, 0.80883737, 0.31208585,
        0.08983253, 0.32394518, 0.54231246, 0.32686291, 0.42152599,
        0.42323586, 0.23790266],
       [0.71176387, 0.67145126, 0.72076053, 0.12394366, 0.09842231,
        0.06117262, 0.95426156, 0.99454638, 0.43979752, 0.25608471,
        0.89439574, 0.44667022],
       [0.29915462, 0.40243035, 0.64713044, 0.96691755, 0.09527409,
        0.65185742, 0.96817791, 0.12393448, 0.0974592 , 0.51196867,
        0.21536098, 0.59378612],
       [0.69722643, 0.91976314, 0.81360066, 0.80555491, 0.58212959,
        0.56514774, 0.93879484, 0.01856394, 0.75987413, 0.01162104,
        0.77238535, 0.3790037 ],
       [0.00762654, 0.34608903, 0.8298845 , 0.55294609, 0.43356342,
        0.17764822, 0.49726111, 0.8009937 , 0.54093879, 0.71263765,
        0.07901564, 0.06582244],
       [0.40099213, 0.97060746, 0.65334558, 0.17197165, 0.46627366,
        0.58631576, 0.56223966, 0.33453586, 0.64366671, 0.95954103,
        0.90876297, 0.74321136],
       [0.6710847 , 0.99642131, 0.12430893, 0.22457873, 0.72724471,
        0.62479466, 0.32179111, 0.43831136, 0.23046491, 0.86656096,
        0.99656951, 0.75670809]]), array([[0.4466395 , 0.14003968, 0.90600099, 0.83245448, 0.44951366,
        0.89997461, 0.20122876, 0.73589855, 0.24232636, 0.64017139,
        0.75711985, 0.69955907],
       [0.30818829, 0.26854741, 0.99518365, 0.24569182, 0.34773608,
        0.90844831, 0.97638472, 0.97228279, 0.06470397, 0.52788279,
        0.73441238, 0.07620111],
       [0.06844857, 0.75145267, 0.24843223, 0.89992292, 0.2018038 ,
        0.26457608, 0.29586134, 0.93371708, 0.90587484, 0.81957196,
        0.56499737, 0.77462785],
       [0.52885792, 0.00717284, 0.77584548, 0.81846346, 0.30037129,
        0.69868261, 0.7174    , 0.41920037, 0.44725733, 0.63356632,
        0.28162988, 0.92220782],
       [0.73615412, 0.30876875, 0.61585314, 0.68131984, 0.25373445,
        0.87295518, 0.51265998, 0.36822489, 0.62018867, 0.04102393,
        0.24918757, 0.18130611],
       [0.03371655, 0.92234595, 0.2656667 , 0.12353617, 0.63527177,
        0.29198671, 0.41868307, 0.8378788 , 0.0146262 , 0.28473199,
        0.75608078, 0.99717157],
       [0.35551355, 0.87666448, 0.33976501, 0.1696406 , 0.05242749,
        0.32438132, 0.72457268, 0.52261646, 0.21493255, 0.13497022,
        0.78589846, 0.47933303],
       [0.07280961, 0.04044884, 0.72379381, 0.17125656, 0.46367101,
        0.97167717, 0.06322932, 0.44070791, 0.84305156, 0.98263516,
        0.6764941 , 0.16370365],
       [0.3597857 , 0.67681224, 0.34753731, 0.21060913, 0.6396046 ,
        0.79324821, 0.90246167, 0.66631663, 0.94952803, 0.98088399,
        0.78455677, 0.94141424],
       [0.08475577, 0.881059  , 0.53880337, 0.91876564, 0.58262928,
        0.50500486, 0.57448843, 0.02730613, 0.59504343, 0.66102335,
        0.11596981, 0.55827007],
       [0.86913337, 0.50514011, 0.07309453, 0.4461942 , 0.6583877 ,
        0.56678707, 0.77081534, 0.73069747, 0.58690496, 0.64391393,
        0.79523222, 0.47317931],
       [0.85286262, 0.2981874 , 0.4762195 , 0.97461996, 0.06602412,
        0.15730594, 0.80851007, 0.09471103, 0.3274023 , 0.10266441,
        0.59084714, 0.52170148]]), array([[0.6584352 , 0.70084662, 0.89009377, 0.63463269, 0.31859333,
        0.25267427, 0.38572271, 0.39074469, 0.1659358 , 0.21185717,
        0.21788215, 0.34839665],
       [0.54052125, 0.42547424, 0.39723971, 0.63314181, 0.45979801,
        0.86374303, 0.09468045, 0.80545585, 0.17184307, 0.17936771,
        0.10735725, 0.41753402],
       [0.69688443, 0.76504939, 0.05985538, 0.18501199, 0.68914728,
        0.16038407, 0.48493439, 0.9602762 , 0.67965069, 0.37220335,
        0.56230676, 0.17268523],
       [0.53471706, 0.01740163, 0.7229733 , 0.71761192, 0.62261288,
        0.64413669, 0.53479463, 0.64976803, 0.68509065, 0.23989521,
        0.64873973, 0.84672991],
       [0.91382173, 0.50703813, 0.11443969, 0.58492923, 0.96978033,
        0.48169984, 0.30222157, 0.21595751, 0.36737215, 0.90305026,
        0.29671103, 0.61950228],
       [0.56703456, 0.9994337 , 0.33292658, 0.92591679, 0.68296425,
        0.63274568, 0.38282153, 0.35850582, 0.78791013, 0.31708866,
        0.20144325, 0.66014521],
       [0.30545512, 0.570244  , 0.47101296, 0.85863898, 0.65192152,
        0.15658294, 0.36524064, 0.00986077, 0.07011892, 0.81074276,
        0.55000611, 0.69456417],
       [0.29627295, 0.25721762, 0.95430801, 0.05859804, 0.63122435,
        0.42138827, 0.98798357, 0.769609  , 0.61839093, 0.3851193 ,
        0.99461653, 0.96624581],
       [0.71690444, 0.3119068 , 0.18976316, 0.66436552, 0.59771391,
        0.29558202, 0.64052334, 0.61559309, 0.51571736, 0.42200061,
        0.96888482, 0.17044683],
       [0.73763768, 0.42909023, 0.04160529, 0.94858326, 0.62943205,
        0.44112274, 0.30179373, 0.83126483, 0.71909905, 0.24655266,
        0.19578824, 0.98467206],
       [0.02683545, 0.57938958, 0.36344024, 0.93547681, 0.93557034,
        0.87962384, 0.61744045, 0.59911923, 0.08891045, 0.42642579,
        0.70050265, 0.55245107],
       [0.57315341, 0.80760848, 0.59065635, 0.37645058, 0.93111525,
        0.74530865, 0.27475751, 0.49223306, 0.83575958, 0.48524913,
        0.47517932, 0.78724305]]), array([[0.85147995, 0.43274173, 0.13613148, 0.7698911 , 0.31208383,
        0.36585528, 0.52281077, 0.06055084, 0.40723676, 0.43259804,
        0.01392355, 0.87948766],
       [0.88341637, 0.48430382, 0.60087025, 0.64064157, 0.36446546,
        0.02364271, 0.5920932 , 0.37254181, 0.80525486, 0.03211266,
        0.58164392, 0.80642332],
       [0.19814984, 0.69916521, 0.10796398, 0.65780062, 0.79844345,
        0.45878045, 0.0237415 , 0.38709444, 0.1793925 , 0.3217438 ,
        0.58475773, 0.84357947],
       [0.3788761 , 0.16736605, 0.85934674, 0.5359164 , 0.54171552,
        0.52093406, 0.4899422 , 0.31386625, 0.26703252, 0.78864721,
        0.09122311, 0.74316765],
       [0.46933767, 0.75649957, 0.11024437, 0.43397289, 0.98140749,
        0.46266727, 0.4695468 , 0.09093048, 0.33688617, 0.79868401,
        0.31458902, 0.60647768],
       [0.02680015, 0.16905569, 0.77063124, 0.07643131, 0.17040102,
        0.48144837, 0.1076153 , 0.44711069, 0.68953429, 0.35648547,
        0.72352784, 0.95320765],
       [0.80962211, 0.06868158, 0.01207384, 0.22837054, 0.58638784,
        0.91677   , 0.58085788, 0.48569012, 0.41914876, 0.5713926 ,
        0.90603197, 0.41566058],
       [0.56636884, 0.38894535, 0.92801159, 0.04150745, 0.74503324,
        0.41977409, 0.67096659, 0.42734362, 0.02343589, 0.81486645,
        0.33180856, 0.79869557],
       [0.88109072, 0.20765317, 0.85891593, 0.36376042, 0.76900789,
        0.46867039, 0.55001293, 0.8742844 , 0.12778648, 0.11506251,
        0.8721181 , 0.53704461],
       [0.06847619, 0.46841773, 0.05040403, 0.26343085, 0.23968012,
        0.47656661, 0.08917038, 0.76850788, 0.27474454, 0.97263453,
        0.25468825, 0.18406771],
       [0.38450478, 0.21138451, 0.65738353, 0.49507611, 0.50625851,
        0.94851459, 0.34778297, 0.99203165, 0.51326091, 0.98939644,
        0.59437614, 0.40685374],
       [0.27302705, 0.28864699, 0.86895118, 0.01622875, 0.12282006,
        0.26146975, 0.64241233, 0.88828255, 0.87354034, 0.27100836,
        0.98905764, 0.27618132]]), array([[7.28661479e-01, 5.50711058e-01, 4.49849634e-01, 9.01330962e-01,
        1.70777523e-01, 4.73375137e-01, 9.13981835e-01, 8.66205240e-01,
        3.79758695e-01, 4.65367257e-01, 7.23728438e-01, 4.64582310e-01],
       [8.42553920e-02, 2.87456356e-01, 3.99014089e-01, 2.80442054e-02,
        1.90042980e-01, 2.57068002e-01, 8.34485749e-01, 6.12149782e-01,
        6.54039994e-01, 4.76036050e-01, 6.32689537e-01, 1.71748967e-01],
       [5.64774490e-01, 3.89435705e-01, 7.51556596e-01, 4.08177147e-01,
        6.65124459e-01, 2.35655373e-01, 3.85631914e-01, 6.88535937e-01,
        5.71070117e-01, 7.60424289e-01, 5.82400155e-01, 9.88478944e-01],
       [8.83139597e-01, 7.89619651e-01, 1.66400727e-01, 7.65487612e-01,
        3.64810569e-01, 5.96385718e-01, 6.97974877e-02, 6.64363347e-01,
        4.95605102e-01, 2.45585013e-01, 8.12817831e-01, 8.47850450e-01],
       [1.99520665e-01, 1.74597222e-01, 3.25181952e-02, 2.25933055e-01,
        8.42909544e-01, 4.09055063e-02, 5.99519081e-01, 4.39982603e-02,
        3.08926445e-01, 4.22692318e-01, 1.33691317e-01, 3.49068718e-01],
       [7.97195670e-01, 6.85000968e-01, 9.80819688e-01, 4.92354767e-01,
        3.98244529e-01, 4.41841367e-01, 1.29220709e-01, 8.22343408e-01,
        7.27811122e-01, 6.46339878e-01, 2.98598725e-01, 7.28194123e-04],
       [1.08316966e-01, 1.36604189e-01, 6.30289790e-01, 7.49242434e-01,
        6.44418854e-02, 5.45093845e-01, 3.50464716e-01, 2.55959497e-01,
        4.62420857e-01, 7.08333594e-01, 4.87836267e-01, 6.72230111e-01],
       [2.29850876e-01, 1.32007870e-01, 2.90575749e-01, 9.96725606e-01,
        9.14340885e-01, 8.88802158e-01, 5.23919399e-01, 3.80361025e-01,
        5.37024714e-01, 5.77948520e-01, 5.89520866e-01, 8.19865142e-01],
       [9.58146535e-01, 6.25947729e-01, 9.06543212e-01, 7.46108854e-01,
        5.42087011e-01, 1.28202926e-01, 9.82751594e-01, 6.03142684e-01,
        2.73188760e-01, 6.13641579e-01, 6.88498834e-01, 6.67217403e-01],
       [4.11201007e-01, 9.49849026e-02, 2.63443709e-01, 8.23980592e-01,
        3.15696232e-01, 4.01137695e-01, 6.77948903e-01, 2.78082549e-01,
        3.18013776e-01, 3.53509699e-01, 9.56738245e-01, 7.02307859e-01],
       [6.54139605e-01, 8.69309048e-01, 4.48471752e-01, 5.68758254e-02,
        5.66280264e-01, 6.51571870e-01, 6.29139389e-01, 6.15186989e-01,
        5.98700090e-01, 6.23811320e-01, 2.41947094e-01, 2.04853957e-01],
       [4.87941244e-01, 1.32639985e-01, 9.74122968e-01, 1.38334205e-01,
        3.26204023e-02, 9.55829361e-01, 3.44630593e-01, 6.94814642e-01,
        1.89486302e-01, 3.21763215e-01, 2.23831736e-02, 5.77861636e-01]]), array([[0.31513762, 0.65348242, 0.97085263, 0.2593604 , 0.23553117,
        0.87658936, 0.48203883, 0.09567124, 0.31982071, 0.41338986,
        0.25566116, 0.51902015],
       [0.08035717, 0.80687929, 0.81859403, 0.24247299, 0.92399906,
        0.14648613, 0.93639349, 0.17531956, 0.2989178 , 0.29447969,
        0.18280133, 0.36598411],
       [0.65862142, 0.97338571, 0.90992489, 0.13717882, 0.50637114,
        0.65031513, 0.40122603, 0.79519311, 0.90595426, 0.88873164,
        0.18366839, 0.46127039],
       [0.57594628, 0.04747765, 0.19275288, 0.54126542, 0.68126424,
        0.62587428, 0.25075833, 0.68964506, 0.0665258 , 0.59956956,
        0.94151884, 0.53909111],
       [0.11388068, 0.00147594, 0.61671272, 0.28280146, 0.86665356,
        0.90702826, 0.06642406, 0.05219889, 0.85942984, 0.70598217,
        0.29261165, 0.41305892],
       [0.16181854, 0.88303906, 0.41126459, 0.61390929, 0.73525715,
        0.19935758, 0.2930652 , 0.69436655, 0.237022  , 0.07526998,
        0.85661369, 0.8046501 ],
       [0.94081341, 0.55883471, 0.27970968, 0.53871273, 0.07783472,
        0.6027694 , 0.56883913, 0.1091681 , 0.44342906, 0.19055436,
        0.56779461, 0.46431925],
       [0.84097235, 0.58894462, 0.67777426, 0.44587498, 0.47544795,
        0.19121473, 0.76793375, 0.20277851, 0.12410037, 0.59119794,
        0.42643611, 0.86276272],
       [0.23534724, 0.64272025, 0.57747845, 0.03704228, 0.07084318,
        0.6431572 , 0.84602716, 0.74264689, 0.40041501, 0.6529327 ,
        0.42535277, 0.91846059],
       [0.44493327, 0.58656563, 0.33595307, 0.60090798, 0.856292  ,
        0.01731771, 0.81360541, 0.81018244, 0.1606309 , 0.29987223,
        0.33266728, 0.08200336],
       [0.43255425, 0.09757637, 0.46213885, 0.26257883, 0.91085955,
        0.75538487, 0.80008533, 0.98943923, 0.61394642, 0.08581319,
        0.67065914, 0.16073869],
       [0.57002241, 0.68665355, 0.61741809, 0.04737973, 0.0460158 ,
        0.05607299, 0.9354213 , 0.15192185, 0.37688011, 0.94194102,
        0.9840277 , 0.8654957 ]]), array([[0.09585778, 0.96785239, 0.08603213, 0.82715875, 0.13208823,
        0.8125614 , 0.4549142 , 0.60371531, 0.09600311, 0.1673142 ,
        0.84167792, 0.08108192],
       [0.25209012, 0.69916513, 0.9237838 , 0.91413395, 0.20398448,
        0.27649551, 0.50695152, 0.94390062, 0.3114555 , 0.94067978,
        0.33275725, 0.5693561 ],
       [0.46799743, 0.36495057, 0.36669859, 0.48491428, 0.14663826,
        0.63370656, 0.11255188, 0.76291196, 0.66485767, 0.79919506,
        0.30278085, 0.00605316],
       [0.96135878, 0.93136692, 0.13450946, 0.94023515, 0.89662942,
        0.62908118, 0.10862464, 0.15158637, 0.80836915, 0.31548634,
        0.18828468, 0.43449392],
       [0.28975004, 0.23915569, 0.14322666, 0.60601056, 0.93627173,
        0.30758699, 0.10594311, 0.9986013 , 0.43478486, 0.12832876,
        0.30845518, 0.55872043],
       [0.21489859, 0.05480938, 0.68744243, 0.07870496, 0.07767489,
        0.93586342, 0.116196  , 0.33129319, 0.8329707 , 0.43212256,
        0.45369603, 0.90149393],
       [0.31281127, 0.06538531, 0.70395337, 0.92981801, 0.44108152,
        0.54697245, 0.59956974, 0.10219373, 0.49967039, 0.86645259,
        0.12176514, 0.21357148],
       [0.46060108, 0.93209447, 0.1440236 , 0.57557712, 0.60174914,
        0.46811535, 0.33337688, 0.44642647, 0.19757983, 0.0409303 ,
        0.48881428, 0.25896551],
       [0.57078803, 0.29435966, 0.43700071, 0.44304167, 0.21623049,
        0.06515625, 0.52757485, 0.25038852, 0.64746359, 0.85225252,
        0.29540328, 0.97601688],
       [0.375504  , 0.06136332, 0.50705693, 0.45552891, 0.44891743,
        0.1295053 , 0.18865802, 0.36176234, 0.33026088, 0.75441301,
        0.94191585, 0.25665446],
       [0.57940274, 0.63885861, 0.01577531, 0.26043243, 0.14162861,
        0.98644766, 0.41044179, 0.06507197, 0.96793907, 0.94018031,
        0.25735725, 0.39888375],
       [0.96497351, 0.79276015, 0.57895448, 0.50816703, 0.87355888,
        0.63077166, 0.44876093, 0.00221818, 0.83265149, 0.51573174,
        0.02176052, 0.10430108]]), array([[2.94813716e-01, 2.05595748e-01, 6.66775662e-01, 4.93149235e-01,
        1.72802550e-01, 7.37303467e-01, 6.24804800e-01, 6.39492152e-01,
        5.35863013e-01, 3.27237885e-01, 7.91592905e-01, 6.57174089e-01],
       [2.66719119e-03, 2.73374899e-01, 9.71023642e-01, 6.22129628e-02,
        9.20250124e-01, 4.08207978e-01, 5.65668324e-01, 8.24047444e-01,
        8.09635590e-01, 4.41449749e-01, 6.34919926e-01, 8.76706115e-01],
       [4.71065648e-01, 8.93487800e-01, 5.76540568e-01, 9.22580537e-03,
        8.44482780e-01, 4.39359045e-01, 2.79759509e-02, 9.68693229e-01,
        3.82340519e-01, 2.38161719e-01, 3.94497752e-02, 5.43728040e-01],
       [1.28642850e-01, 8.63874918e-01, 8.41674216e-01, 5.33509078e-02,
        1.60253107e-02, 9.39630280e-01, 8.27132029e-01, 2.95875976e-01,
        5.20882825e-01, 3.89323925e-01, 1.89337416e-01, 5.13189568e-01],
       [6.37004763e-01, 4.98147379e-02, 3.74828434e-01, 1.82375545e-02,
        4.25778617e-01, 4.77419510e-01, 4.65205019e-01, 7.42359705e-01,
        8.92622786e-01, 4.34441558e-02, 8.93235719e-01, 6.40948644e-01],
       [7.15565658e-02, 4.95380454e-01, 5.12321067e-01, 5.61278762e-01,
        6.82062963e-01, 4.99402645e-01, 2.02094677e-01, 5.17965029e-01,
        8.34003479e-02, 3.14076264e-01, 7.21785191e-01, 9.97708864e-01],
       [3.24949375e-01, 2.24125841e-01, 5.64965064e-01, 9.34125972e-01,
        4.56790860e-01, 8.90798824e-01, 1.67071224e-01, 8.80404199e-01,
        8.49371131e-01, 6.04016522e-01, 6.96840048e-01, 5.02083692e-01],
       [8.93978380e-01, 7.03339250e-01, 6.60604132e-01, 4.39429068e-01,
        5.41788106e-01, 2.39241568e-01, 4.10267747e-01, 5.53635730e-01,
        5.29809540e-01, 8.61975603e-01, 5.82820419e-01, 7.86737921e-01],
       [6.68049923e-01, 9.37637043e-01, 4.52158083e-01, 8.57232208e-01,
        8.67249064e-01, 7.24297309e-01, 5.11865664e-04, 5.02665123e-01,
        6.98678240e-01, 1.50022632e-01, 1.54036628e-01, 7.00868542e-01],
       [1.86377901e-01, 2.26553412e-01, 1.64623386e-01, 7.34935001e-01,
        6.63476734e-01, 2.40623881e-01, 2.50472642e-01, 9.40845500e-01,
        5.29994411e-02, 7.83569168e-01, 7.46099360e-01, 7.19739828e-01],
       [8.98220915e-01, 8.45115743e-01, 6.21468630e-01, 8.72049590e-01,
        2.28707601e-01, 1.50922213e-02, 2.61540293e-01, 3.73275689e-01,
        9.33893999e-01, 1.23853520e-01, 7.95077054e-01, 8.55679441e-01],
       [2.89687006e-01, 3.34415523e-01, 3.29485267e-01, 5.33134546e-01,
        7.50251402e-01, 7.89619203e-01, 4.74112085e-01, 5.21754400e-03,
        7.19812193e-01, 7.87388773e-01, 7.21322354e-01, 2.04960511e-01]]), array([[0.10090674, 0.65336624, 0.7308217 , 0.08985802, 0.87325767,
        0.7724665 , 0.35685184, 0.70863296, 0.80797628, 0.43064438,
        0.33154819, 0.53521177],
       [0.02736372, 0.04648912, 0.13378878, 0.49573632, 0.66259643,
        0.50987001, 0.03970311, 0.03577948, 0.80806637, 0.82948511,
        0.89338529, 0.00665723],
       [0.97905716, 0.6199387 , 0.44492718, 0.34179094, 0.5496515 ,
        0.22023695, 0.60124651, 0.09586744, 0.54299295, 0.33681801,
        0.15210577, 0.07742747],
       [0.13784823, 0.11421427, 0.48185521, 0.55920196, 0.85187941,
        0.33188699, 0.72347283, 0.15817802, 0.87693545, 0.69122365,
        0.94254837, 0.17831346],
       [0.90011897, 0.29500703, 0.40755678, 0.1763539 , 0.82602546,
        0.91116589, 0.40041066, 0.52812799, 0.58627524, 0.42189169,
        0.6833818 , 0.19185126],
       [0.49106485, 0.4234231 , 0.55318714, 0.84016225, 0.85858692,
        0.91536525, 0.41743283, 0.54508246, 0.67875511, 0.80389662,
        0.09105048, 0.35143097],
       [0.51838843, 0.51247947, 0.78250405, 0.05121744, 0.9335579 ,
        0.2189371 , 0.07823473, 0.47498286, 0.256406  , 0.65136217,
        0.92394953, 0.12740311],
       [0.70481382, 0.92351956, 0.11215093, 0.4988303 , 0.01664295,
        0.59716235, 0.15208464, 0.99098534, 0.48878011, 0.57607914,
        0.70659631, 0.90135227],
       [0.48676209, 0.01480435, 0.84154767, 0.24643483, 0.08423232,
        0.53599037, 0.9408924 , 0.82007417, 0.84368301, 0.70505888,
        0.22496958, 0.75554475],
       [0.82296394, 0.08355212, 0.93811194, 0.31379143, 0.74797073,
        0.87674572, 0.5382633 , 0.23987395, 0.7615507 , 0.75847158,
        0.16539569, 0.27979049],
       [0.99930406, 0.38633281, 0.09465289, 0.01935013, 0.87498171,
        0.78720047, 0.02444324, 0.49893047, 0.21431206, 0.05460756,
        0.61051822, 0.59180508],
       [0.9545916 , 0.66105905, 0.70784155, 0.18019999, 0.15737334,
        0.69116452, 0.26090911, 0.18247413, 0.83806349, 0.88584015,
        0.55872095, 0.86355896]]), array([[0.31441299, 0.43626788, 0.274555  , 0.06351274, 0.36191089,
        0.50352008, 0.86688481, 0.83096124, 0.87898348, 0.64803891,
        0.68697187, 0.7670407 ],
       [0.22972082, 0.73726728, 0.92880569, 0.4874716 , 0.52177111,
        0.70563141, 0.71961876, 0.98718618, 0.83780264, 0.46420744,
        0.17054204, 0.25303303],
       [0.79867683, 0.66566517, 0.8957752 , 0.8689236 , 0.91216765,
        0.43351138, 0.9644309 , 0.39222631, 0.47667496, 0.00999242,
        0.20714676, 0.04577049],
       [0.31155357, 0.56122225, 0.56066427, 0.37111436, 0.85932293,
        0.48907078, 0.64007565, 0.61031755, 0.75995724, 0.89127548,
        0.73919192, 0.904819  ],
       [0.91263563, 0.9218422 , 0.88656478, 0.72861408, 0.13655968,
        0.78855006, 0.11102438, 0.38484069, 0.79352662, 0.84206081,
        0.16066782, 0.0029131 ],
       [0.9469288 , 0.17866351, 0.98880512, 0.11305265, 0.750983  ,
        0.31180992, 0.44987964, 0.50106928, 0.71899667, 0.08449325,
        0.48492039, 0.31302206],
       [0.23181522, 0.24732275, 0.24077522, 0.10662389, 0.25296893,
        0.02370872, 0.44042715, 0.58460474, 0.81578436, 0.24554142,
        0.20717558, 0.44355473],
       [0.72253816, 0.56536309, 0.610605  , 0.58024246, 0.32170698,
        0.29577051, 0.7394841 , 0.38923337, 0.23273346, 0.87726484,
        0.05183401, 0.6544821 ],
       [0.8368557 , 0.55780697, 0.52341463, 0.57324578, 0.06591279,
        0.97318288, 0.48900138, 0.01481456, 0.55605239, 0.14433264,
        0.87189453, 0.60346689],
       [0.96374789, 0.6021829 , 0.07805788, 0.13662588, 0.16150911,
        0.26559335, 0.79186956, 0.67027789, 0.43481212, 0.97285635,
        0.46230931, 0.76312198],
       [0.36850494, 0.47309647, 0.15789619, 0.76342243, 0.04897734,
        0.7647982 , 0.91591235, 0.71201587, 0.11228434, 0.98467222,
        0.13638349, 0.50496435],
       [0.61790405, 0.40319124, 0.64161777, 0.97537012, 0.67327418,
        0.81847357, 0.71346633, 0.38328663, 0.71869077, 0.72473751,
        0.49822819, 0.24763662]]), array([[0.57298825, 0.63985869, 0.33130407, 0.32317423, 0.52858433,
        0.68010058, 0.21067298, 0.89865897, 0.85634736, 0.12308102,
        0.71129375, 0.2195837 ],
       [0.74633103, 0.08063687, 0.47993911, 0.73417673, 0.722345  ,
        0.29490864, 0.27882993, 0.15406957, 0.32545259, 0.81718907,
        0.55582997, 0.81861938],
       [0.27613126, 0.70593148, 0.51291941, 0.04125442, 0.01924438,
        0.88053832, 0.4638173 , 0.84585006, 0.95193561, 0.45779529,
        0.44482729, 0.51732066],
       [0.59063624, 0.38091013, 0.33129288, 0.15086015, 0.01679204,
        0.72312014, 0.1249509 , 0.91542567, 0.3190581 , 0.72474617,
        0.68800551, 0.42758557],
       [0.99269665, 0.28980916, 0.06166871, 0.5677477 , 0.03968871,
        0.79783324, 0.77636444, 0.79250462, 0.2030723 , 0.96785197,
        0.84101569, 0.08357151],
       [0.72371803, 0.38897237, 0.31989707, 0.27960128, 0.91947372,
        0.64164546, 0.14624373, 0.75425626, 0.71711935, 0.42211832,
        0.29636592, 0.23732903],
       [0.66580908, 0.28674883, 0.88779658, 0.02457602, 0.14408386,
        0.27164756, 0.45282811, 0.3958456 , 0.32247606, 0.14789542,
        0.90997363, 0.62752179],
       [0.252018  , 0.29397835, 0.39402066, 0.64375655, 0.63167889,
        0.70748588, 0.82148188, 0.45283852, 0.77602428, 0.4486048 ,
        0.56352532, 0.45703077],
       [0.07417499, 0.36078611, 0.88616025, 0.57394368, 0.11609205,
        0.05646194, 0.44823981, 0.21781987, 0.21064833, 0.14695824,
        0.68535209, 0.07567283],
       [0.83815235, 0.57629832, 0.06185831, 0.82079994, 0.11428703,
        0.40581258, 0.97485947, 0.6537865 , 0.02137678, 0.27672982,
        0.19912814, 0.64041254],
       [0.39099883, 0.16139237, 0.80840097, 0.57504938, 0.27935623,
        0.64694946, 0.84048244, 0.1351776 , 0.18862118, 0.49151669,
        0.6415038 , 0.05849714],
       [0.6641908 , 0.75013827, 0.61918877, 0.36581524, 0.80192761,
        0.78774503, 0.1686996 , 0.11503774, 0.9786586 , 0.12605554,
        0.88271207, 0.40341739]]), array([[0.23366352, 0.81461809, 0.95497054, 0.84126013, 0.49243283,
        0.77161338, 0.91335476, 0.27473076, 0.36564044, 0.79792288,
        0.21184508, 0.49917846],
       [0.39560934, 0.59633693, 0.3455584 , 0.51602426, 0.69210317,
        0.35431513, 0.92331639, 0.79409485, 0.20964179, 0.32999215,
        0.35150182, 0.51667608],
       [0.71752735, 0.39461208, 0.36417557, 0.44491268, 0.31207173,
        0.39020937, 0.86598273, 0.50144426, 0.63691029, 0.51686525,
        0.461877  , 0.80253307],
       [0.56069823, 0.5930304 , 0.36714233, 0.88075148, 0.51758617,
        0.71255752, 0.48951582, 0.85973469, 0.4504859 , 0.18255736,
        0.23034471, 0.51398548],
       [0.97019714, 0.01041359, 0.80117377, 0.51557103, 0.0153622 ,
        0.36855731, 0.68976853, 0.2950627 , 0.38112654, 0.22319072,
        0.59745929, 0.00313902],
       [0.55936059, 0.05947366, 0.47983649, 0.69633543, 0.86184865,
        0.89554678, 0.38443235, 0.93681063, 0.15824347, 0.39535636,
        0.35954082, 0.27347827],
       [0.66924853, 0.75933153, 0.89411856, 0.48469982, 0.06531844,
        0.61414714, 0.26633488, 0.15235093, 0.54336109, 0.86683061,
        0.04506537, 0.85566945],
       [0.18644729, 0.8857163 , 0.7978928 , 0.43119683, 0.07156102,
        0.35146385, 0.20964974, 0.69691775, 0.21149462, 0.2604474 ,
        0.48956245, 0.87607926],
       [0.65396248, 0.86227021, 0.42165317, 0.64277941, 0.01734761,
        0.85843592, 0.10190333, 0.17070678, 0.14332151, 0.62394801,
        0.33904941, 0.21370485],
       [0.6024855 , 0.22876859, 0.98112303, 0.32219789, 0.83620095,
        0.6200036 , 0.83238841, 0.14197283, 0.09538053, 0.96271085,
        0.05908788, 0.85998281],
       [0.10699999, 0.64907097, 0.10767981, 0.86729081, 0.41512005,
        0.85410529, 0.46069908, 0.62614004, 0.41947011, 0.99291905,
        0.01728936, 0.40535449],
       [0.74233767, 0.84558077, 0.28085088, 0.98690188, 0.44381728,
        0.8145142 , 0.18715245, 0.25271867, 0.96504807, 0.44337079,
        0.62346957, 0.78038524]]), array([[0.22937026, 0.81153394, 0.11975505, 0.20152263, 0.28774386,
        0.1749639 , 0.18888248, 0.37950617, 0.37750248, 0.60415454,
        0.77691395, 0.58033508],
       [0.74683551, 0.31113624, 0.96923483, 0.60172703, 0.44272136,
        0.07779009, 0.0988712 , 0.2397001 , 0.02092011, 0.50189074,
        0.00279506, 0.22432505],
       [0.82749315, 0.59581465, 0.36561485, 0.31890642, 0.15887778,
        0.44696856, 0.19261548, 0.22188585, 0.39140119, 0.9177613 ,
        0.69560524, 0.69555432],
       [0.11753957, 0.98644473, 0.87382784, 0.94928045, 0.57445277,
        0.45382253, 0.67037496, 0.06737254, 0.52433999, 0.82175504,
        0.91403329, 0.79054491],
       [0.26347708, 0.79695359, 0.81567652, 0.39838666, 0.42068328,
        0.51241945, 0.01172794, 0.66180023, 0.93188228, 0.53520514,
        0.74366685, 0.46271604],
       [0.44156667, 0.78233382, 0.03833331, 0.14742169, 0.76302883,
        0.30597474, 0.0756201 , 0.26425238, 0.14796672, 0.15750335,
        0.64500614, 0.95468882],
       [0.13784639, 0.97831847, 0.68314863, 0.26733709, 0.11356912,
        0.99187562, 0.21556879, 0.5184738 , 0.75645393, 0.773155  ,
        0.23039416, 0.83234183],
       [0.69346975, 0.54717626, 0.98600962, 0.62232144, 0.30054135,
        0.54885584, 0.91826448, 0.58477988, 0.50357464, 0.56273088,
        0.1843519 , 0.80042106],
       [0.79121438, 0.64887091, 0.74934372, 0.86938901, 0.37866257,
        0.02616762, 0.75280386, 0.56179581, 0.7603532 , 0.80831685,
        0.70303537, 0.35713973],
       [0.81528457, 0.67223788, 0.03313084, 0.57496404, 0.73046372,
        0.57612147, 0.70728737, 0.24481326, 0.43320068, 0.6311071 ,
        0.29439154, 0.3949895 ],
       [0.97958592, 0.31891294, 0.22952811, 0.87459357, 0.16903739,
        0.26032154, 0.07025422, 0.2059987 , 0.36878877, 0.97510788,
        0.37961358, 0.51642869],
       [0.49531589, 0.14955588, 0.79390317, 0.1869302 , 0.68539912,
        0.80554518, 0.02542961, 0.19000964, 0.68670794, 0.834371  ,
        0.44512739, 0.87524871]]), array([[0.84788028, 0.1224109 , 0.51154061, 0.26203083, 0.42125866,
        0.42224835, 0.91819493, 0.42044234, 0.84272027, 0.35903824,
        0.9142471 , 0.95463394],
       [0.45401993, 0.42998321, 0.36872767, 0.21271168, 0.08172529,
        0.57611192, 0.50204867, 0.44217116, 0.88439181, 0.78228347,
        0.6305273 , 0.198468  ],
       [0.80523182, 0.81254658, 0.06459971, 0.01048696, 0.78924772,
        0.8589639 , 0.05156792, 0.39216148, 0.65832605, 0.92387411,
        0.64050722, 0.54775937],
       [0.70855632, 0.61064471, 0.88488226, 0.59010445, 0.58713705,
        0.63761372, 0.22433591, 0.01077765, 0.01413191, 0.30375206,
        0.09613471, 0.34215988],
       [0.78324386, 0.86722283, 0.80011987, 0.9572644 , 0.71981615,
        0.19796926, 0.51329374, 0.15468141, 0.31737717, 0.65874081,
        0.46648366, 0.04902548],
       [0.24590891, 0.94190267, 0.76098558, 0.81089782, 0.26839894,
        0.5139387 , 0.25548883, 0.06076997, 0.74628341, 0.68107645,
        0.8461541 , 0.04321091],
       [0.45178128, 0.68395757, 0.60789148, 0.67640595, 0.76379827,
        0.12837527, 0.37636504, 0.57722031, 0.71664293, 0.557067  ,
        0.39247459, 0.73319181],
       [0.44864846, 0.06397192, 0.74679675, 0.36512137, 0.20866463,
        0.5430366 , 0.19358276, 0.5677077 , 0.94601197, 0.43237772,
        0.39814022, 0.22791154],
       [0.93105752, 0.56247331, 0.31157712, 0.5594588 , 0.21143767,
        0.15255041, 0.90320953, 0.7528446 , 0.00123606, 0.78698433,
        0.02375747, 0.31746785],
       [0.37563647, 0.1116557 , 0.29446604, 0.66567866, 0.2130491 ,
        0.88328921, 0.29868218, 0.49750319, 0.50616931, 0.80321928,
        0.33208493, 0.55205452],
       [0.49985817, 0.4099604 , 0.3857128 , 0.29653965, 0.89234335,
        0.00503052, 0.39908792, 0.82569492, 0.91084193, 0.25017742,
        0.29265251, 0.97968531],
       [0.36422003, 0.84655759, 0.39184666, 0.28722378, 0.86044543,
        0.76735352, 0.3857024 , 0.94345788, 0.35845811, 0.94299324,
        0.08104559, 0.46080137]]), array([[ 0.67683234,  0.40579987,  0.9124486 ,  0.46578432,  0.14536388,
        -0.0174046 ,  0.78086328,  0.87744851,  0.96317749,  0.33503447,
         0.10914536,  0.16900144],
       [ 0.45410044,  0.55355567,  0.89963789,  0.37397231, -0.00649361,
         0.46558333,  0.85080928,  0.54446613,  0.57150781,  0.82399664,
         0.68682657,  0.34834858],
       [ 0.71427014,  0.55476529,  0.17460164,  0.15614852,  0.90296966,
         0.63889892,  0.14006505,  0.01608039,  0.41947289,  0.97949018,
         0.89242915,  0.74920707],
       [ 0.2929191 ,  0.51421663,  0.68023126,  0.10686744,  0.107701  ,
         0.84493298,  0.64346827,  0.80335433,  0.56548176,  0.53330829,
         0.78680072,  0.04909849],
       [ 0.25856836,  0.19174939,  0.68574157,  0.53773053,  0.88082089,
         0.47473516,  0.77901065,  0.54860103,  0.45317462,  0.02333647,
         0.89528703,  0.31346972],
       [ 0.45607335,  0.69208534,  0.84620786,  0.68737698,  0.05821478,
         0.67665106,  0.18673749,  0.25108383,  0.51136223,  0.89888694,
         0.10984883,  0.44280259],
       [ 0.82493757,  0.14247669,  0.26154628,  0.16770862,  0.94501512,
         0.811691  ,  0.33430305,  0.89503726,  0.36059838,  0.90551905,
         0.8538708 ,  0.54861802],
       [ 0.77618891,  0.39882803,  0.20398678,  0.14829314,  0.78331605,
         0.57903511,  0.53219719,  0.00244522,  0.70335839,  0.13290904,
         0.0370045 ,  0.40710438],
       [ 0.1191528 ,  0.83539722,  0.6237798 ,  0.57241066,  0.24589797,
         0.16432816,  0.48951987,  0.01209048,  0.66539403, -0.01452795,
         0.7631578 ,  0.45219595],
       [ 0.91164411,  0.92265917,  0.76375479,  0.83366184,  0.90659572,
         0.65524561,  0.472376  ,  0.91967223,  0.78457036,  0.77119683,
         0.50411568,  0.19110015],
       [ 0.56247151,  0.7213165 ,  0.60447665,  0.83664624,  0.10995138,
         0.53184657,  0.55784352,  0.69195627,  0.31443537,  0.51643124,
         0.85172806,  0.45266801],
       [ 0.16015456,  0.46213199,  0.26182084,  0.11162277,  0.19574323,
         0.18267334,  0.04681312,  0.44400921,  0.82821194, -0.0280928 ,
        -0.03631406,  0.53910656]]), array([[-2.85966037e-01,  2.43458163e-01, -1.14027868e-01,
        -2.32104818e-01, -5.04910673e-01,  2.04622681e-01,
        -5.43402747e-01, -5.54306037e-01, -2.15545886e-01,
         3.00199169e-02, -5.15507022e-01, -4.68665066e-01],
       [ 1.11115266e-01, -5.02296829e-01, -5.76887215e-01,
        -2.60819539e-01,  3.41323757e-01, -1.47283096e-01,
        -1.19337061e-01,  2.10257910e-01, -5.47211551e-01,
        -5.60047677e-01, -5.52587312e-01, -3.43149640e-01],
       [-5.54301464e-01, -2.53340356e-01, -1.46419768e-01,
        -3.49507759e-01, -5.47090208e-01, -4.67221377e-01,
        -2.63869182e-01, -3.80713426e-01,  2.66367329e-01,
         1.22732101e-03,  6.29501928e-02, -3.15990473e-01],
       [-2.71484837e-01, -3.45606238e-01, -6.96576392e-01,
        -5.50654978e-02, -5.19362986e-01,  9.88148484e-02,
        -4.23861880e-01, -3.46888157e-02,  1.13217123e-02,
        -4.28163748e-01,  7.20029187e-02, -3.61770650e-01],
       [-5.87116551e-01, -7.11524594e-01, -1.93150800e-01,
         1.56729304e-01,  6.30798308e-02,  1.18158177e-01,
        -1.40493375e-01, -5.59719233e-01, -4.88395752e-01,
        -3.22549650e-01, -2.20433032e-02, -2.68353190e-01],
       [-1.17549105e-01, -4.33891259e-01,  7.45863521e-02,
        -9.74975418e-02, -1.40308306e-01, -5.24296059e-01,
        -2.22928854e-01, -5.80313593e-01, -1.99319908e-01,
        -4.92852551e-01,  1.72268253e-01, -3.92359075e-01],
       [-2.99660016e-01, -5.16326476e-02, -5.93353516e-01,
        -9.11256953e-02, -5.90285295e-01,  1.28456646e-01,
        -5.50705457e-02, -2.22913805e-01, -4.77457519e-01,
        -4.78360109e-01,  9.35596878e-02, -3.11950958e-01],
       [-4.00808229e-02, -6.55885386e-01, -3.98961702e-01,
        -4.17538005e-01, -3.14981640e-02, -4.95990871e-01,
        -1.63875636e-01,  8.32434692e-02, -1.87937742e-01,
        -5.03193512e-01, -3.76023135e-01,  2.64907644e-01],
       [-1.44606773e-01, -3.34829453e-01, -1.52515808e-01,
        -3.47508741e-01,  4.71120378e-02,  2.60989224e-02,
        -6.15395071e-01, -7.19559393e-01, -9.87059761e-02,
        -3.19307383e-01, -3.58048958e-01,  7.61389917e-02],
       [ 5.42655561e-02, -7.96625625e-01, -4.30734420e-01,
        -2.42237355e-01, -6.00072188e-01, -3.51297701e-01,
        -4.10249245e-04, -6.92758970e-01,  1.26184914e-01,
        -2.18439121e-01,  9.78358102e-02,  1.15169788e-01],
       [ 3.19682978e-01, -1.50640103e-01, -5.63102144e-01,
        -4.19857782e-01,  7.31029630e-03, -9.15596315e-02,
        -4.63977874e-01, -4.07203868e-01, -3.18143302e-01,
        -5.85502290e-01, -1.04659603e-01, -1.65642540e-01],
       [-6.70052600e-02,  5.30766998e-02, -4.17213569e-01,
        -2.91567939e-02, -4.76785806e-02, -2.44021401e-01,
         6.74155983e-02, -7.70577221e-01,  7.65913190e-02,
        -5.25448679e-01, -4.93749114e-01, -5.47297412e-01]]), array([[-1.08039939, -1.08174558, -1.08078604, -1.08917658, -1.0871473 ,
        -1.0817423 , -1.08169247, -1.08340731, -1.08896449, -1.0886826 ,
        -1.08214568, -1.06582742]])] 
 0.5, 
 1e-19, 
 10000