weigths: [array([[-2.33145294, -0.78161225, -2.50669928,  0.33472249, -2.19472086,
         0.07916126],
       [-2.51324239, -2.61696523, -2.1905985 ,  2.02274007, -1.09548678,
        -0.19392366],
       [-1.88883386, -0.08499678, -2.26043861, -2.04483703, -8.89803943,
         0.11847509],
       [ 1.32603281, -0.39965438,  1.50220081,  1.01917433,  2.41321473,
        -0.20974527],
       [ 1.46693346,  0.12444503,  1.23930468,  1.01584076,  2.81026135,
        -0.47939817],
       [-1.80437991,  0.44194918, -2.31857929, -0.58589807, -3.2627541 ,
        -0.0623257 ],
       [ 0.65074185, -0.18039217,  0.58765498,  0.71615761,  2.13580629,
        -0.10544127],
       [-1.62555477,  1.01098792, -2.43995725, -0.72840501, -3.26882123,
        -0.35915548],
       [-1.29077308, -0.97027733, -1.23103122, -0.17300424,  0.39891947,
        -1.40777606],
       [-1.56084791,  1.41351372, -2.50659538, -0.8805084 , -3.23053462,
        -0.46655844],
       [-1.55850078,  1.30025464, -2.17542915, -0.80342222, -2.97317874,
        -0.43278263],
       [-1.90387242,  0.16702591, -2.08494349, -0.21682907, -2.09721351,
        -0.41826721]]), array([[  2.57068475,   2.01249896,   2.26330568,  -0.2722723 ,
         -0.91126479,   2.40921291,  -0.4822627 ,   2.98991006,
         -0.04836104,   2.34132473,   2.41348804,   1.49345364],
       [ -9.32321321, -10.04227906, -10.80130448,   3.21903091,
          3.32009236,  -6.62967004,   1.32731376,  -6.23837568,
         -0.51048685,  -5.74480005,  -5.06903465,  -3.96354569],
       [ -4.7772176 ,  -5.08970546,  -4.48458091,   1.34271551,
          1.32095986,  -2.92250607,   0.39449495,  -2.81014455,
         -0.10651965,  -2.69557611,  -1.85555574,  -1.95863793],
       [  1.32993448,   1.40686057,   1.39030133,  -0.81055976,
         -0.45888254,   2.13688028,   0.08094649,   1.69955813,
          0.32859524,   2.15421396,   2.02269163,   1.1360677 ],
       [  1.44648419,   0.67748175,   1.12257253,   0.41512257,
          0.61860513,   1.01925919,   0.58842801,   0.92630718,
          0.94679564,   1.04116325,   1.72041834,   1.26782721],
       [  0.78145291,   0.77671814,   1.15352532,   0.17787937,
          0.20074511,   1.35096106,  -0.19035501,   2.05004907,
          0.34369951,   1.73497285,   2.11848685,   1.23170778],
       [  1.93190736,   1.51297997,   1.35389554,  -0.51889314,
         -0.23781897,   1.31509816,  -0.39291729,   1.66063838,
         -0.17595599,   1.86925119,   1.82936569,   1.88036126],
       [  1.74223645,   1.49717738,   1.54451487,  -0.20570813,
         -0.85429527,   2.62941884,  -0.61260767,   2.38609407,
          0.5338746 ,   2.41246478,   2.66029968,   1.62008238],
       [ -7.51427874,  -8.0423377 ,  -8.46559296,   1.73133287,
          2.33620469,  -5.29501804,   1.9611432 ,  -4.90072359,
         -0.79687011,  -4.6934004 ,  -3.75225288,  -3.24512872],
       [ -4.73118399,  -5.67166672,  -4.62654016,   0.96163876,
          1.57897973,  -2.65972106,   0.70655281,  -2.87936684,
         -0.54521874,  -2.39537519,  -1.57783733,  -2.22120001],
       [  1.95149768,   0.85646817,   1.83875199,  -0.8360689 ,
         -0.35080445,   2.12617772,  -0.18864578,   2.30215871,
          0.43277429,   2.31876982,   2.02717592,   1.83050182],
       [ -3.16733159,  -4.49032376,  -3.77160007,   0.13997227,
          0.73738214,  -2.11544164,   0.88809635,  -2.22002473,
         -0.50650544,  -0.90998762,  -0.74797251,  -0.52803909]]), array([[-7.31912986e-01,  1.15128496e+00, -2.57696062e-01,
        -9.99457926e-01, -5.91984125e-01, -5.43268216e-01,
        -7.08573629e-01, -6.66621116e-01,  6.79300322e-01,
        -4.27526366e-01, -7.38679192e-01,  1.92913117e-01],
       [-3.29996609e-01, -2.47938387e-01,  1.10365106e-01,
        -7.47836320e-01, -6.70024896e-01, -7.20878035e-01,
         2.58912093e-02, -7.82458115e-01,  3.73176138e-01,
        -1.00509883e-01, -5.62706330e-01, -4.27529640e-01],
       [-2.75741635e+00,  4.20320706e+00,  1.62540687e+00,
        -1.46427522e+00, -2.96817829e+00, -1.95070687e+00,
        -1.51485853e+00, -2.16719365e+00,  3.26939916e+00,
         1.22497467e+00, -2.19959737e+00,  4.51337975e-01],
       [ 7.11151323e-01, -2.94165178e+00, -9.51769226e-01,
         5.75651977e-01,  9.87367439e-01,  8.77009341e-01,
         7.00119814e-01,  9.06140105e-01, -1.55214796e+00,
        -8.43850953e-01,  9.70075133e-01, -7.46939808e-01],
       [-9.21249595e-01, -4.12691133e-01,  2.06063297e-01,
        -9.22506990e-01, -5.84315209e-01, -2.83277337e-01,
        -7.45117082e-01, -2.42024275e-01,  5.41856370e-03,
        -5.96012332e-01,  6.52001343e-02, -7.56433973e-01],
       [ 8.10291609e-01, -4.22347423e+00, -2.22366419e+00,
        -5.75405455e-02, -2.39172068e-01, -3.95817527e-01,
        -3.96755534e-01,  4.83823677e-01, -3.17077608e+00,
        -2.55528981e+00,  1.17227288e-02, -1.81515621e+00],
       [ 1.95139120e+00, -8.17389733e+00, -4.89349212e+00,
         1.31506708e+00,  8.43276461e-01,  1.09145286e+00,
         1.37810127e+00,  1.79673392e+00, -7.26032090e+00,
        -4.90798291e+00,  1.12164027e+00, -4.14910179e+00],
       [-2.96729699e+00,  5.77206974e+00,  1.94297484e+00,
        -2.31800870e+00, -3.06636809e+00, -3.34005138e+00,
        -2.79137059e+00, -2.42478025e+00,  3.92151850e+00,
         1.59597362e+00, -2.54682172e+00,  6.57977535e-01],
       [-3.16109240e+00,  6.04479832e+00,  2.23841721e+00,
        -3.02933866e+00, -4.11042972e+00, -3.36486191e+00,
        -2.40144826e+00, -3.80477655e+00,  4.91476151e+00,
         2.50269088e+00, -3.36331681e+00,  1.22228678e+00],
       [-5.68141413e-01,  2.60810356e-01, -3.74122063e-02,
        -1.24308695e-01, -8.01424670e-01, -7.25765059e-01,
        -5.55162732e-02, -1.95276511e-01,  1.05185449e-01,
        -7.63787033e-01, -1.05965697e-01, -6.79774411e-01],
       [-2.28433345e+00,  7.38125673e+00,  3.52070244e+00,
        -1.70819308e+00, -1.84523616e+00, -1.23349969e+00,
        -2.28760642e+00, -2.10829160e+00,  5.53755795e+00,
         3.58680338e+00, -2.02846777e+00,  2.26971185e+00],
       [-2.03739876e-01, -3.24432409e+00, -1.29928118e+00,
        -6.35425558e-01, -8.05206123e-01, -7.17212259e-01,
         6.30067112e-03, -3.78355660e-01, -2.59277243e+00,
        -2.02692142e+00, -1.22550330e-01, -1.66666787e+00]]), array([[ 0.470928  , -0.10517812,  4.13581111,  4.22751209, -0.23402596,
        -3.1686372 , -8.94735766,  5.41064911,  7.64416978,  0.19482121,
        -8.72758347, -2.0362115 ]])] 
 0.5, 
 1e-19, 
 10000