weigths: [array([[2.93141833e-01, 7.44814218e-01, 6.42069136e-01, 9.59278811e-01,
        3.67529236e-01, 1.52714429e-02],
       [3.00534022e-01, 3.58740721e-01, 1.68307453e-01, 1.81173503e-01,
        7.12114310e-04, 7.70320417e-01],
       [4.79311448e-01, 8.59868228e-01, 3.43912013e-01, 2.68168727e-01,
        6.52254482e-01, 1.32726080e-01],
       [2.86458959e-01, 4.03401404e-01, 5.39811840e-01, 2.07046797e-01,
        3.97294732e-01, 5.72343068e-02],
       [8.79828575e-01, 4.57335580e-01, 7.82905365e-01, 9.95706227e-01,
        9.99962657e-01, 8.09568578e-01],
       [6.28610333e-02, 4.11740216e-01, 5.55407098e-01, 6.94007856e-01,
        5.79733923e-01, 5.69045792e-01],
       [3.57952071e-01, 4.82076194e-01, 2.90579311e-01, 6.91787832e-01,
        3.46470765e-01, 1.10616966e-01],
       [6.04998124e-02, 2.11307109e-01, 2.00694412e-01, 9.75855843e-01,
        1.72071759e-01, 9.17487000e-01],
       [3.08769619e-01, 2.79751445e-01, 7.24400470e-01, 8.18770921e-01,
        6.21132477e-01, 5.82443288e-01],
       [1.30036364e-01, 2.64384945e-01, 5.12366088e-01, 6.02239495e-01,
        7.29770519e-01, 8.27728893e-02],
       [1.77040788e-02, 5.35756604e-01, 3.87372503e-01, 3.95606342e-01,
        7.29136907e-01, 2.90599869e-01],
       [2.33486297e-02, 6.15317690e-01, 3.91535533e-02, 2.30661968e-01,
        7.63450831e-01, 6.33213727e-01]]), array([[0.75508329, 0.70960014, 0.53138248, 0.50972588, 0.99229043,
        0.38236849, 0.63950067, 0.41055616, 0.71303716, 0.01127758,
        0.10389915, 0.22692332],
       [0.5699012 , 0.60227991, 0.36300762, 0.79240223, 0.95029413,
        0.12257225, 0.97478933, 0.41548759, 0.74831743, 0.79443207,
        0.32346712, 0.4740826 ],
       [0.750442  , 0.61151482, 0.25306312, 0.95904348, 0.35924051,
        0.83238499, 0.1630763 , 0.28344803, 0.70557561, 0.72724305,
        0.5997394 , 0.20452347],
       [0.55163196, 0.88299869, 0.68366877, 0.01807576, 0.33046703,
        0.14290192, 0.25307319, 0.80972016, 0.71644185, 0.70240418,
        0.3493713 , 0.29047077],
       [0.60444995, 0.33483851, 0.26944402, 0.77640994, 0.82941036,
        0.80898635, 0.991892  , 0.97710007, 0.53010386, 0.30623874,
        0.2631874 , 0.45044822],
       [0.87324436, 0.83489976, 0.36712361, 0.02403876, 0.37037972,
        0.87722315, 0.67312122, 0.30212215, 0.99366487, 0.52676435,
        0.0214146 , 0.67442984],
       [0.09475441, 0.63289562, 0.78223457, 0.59998609, 0.66624241,
        0.81802198, 0.12158448, 0.32737488, 0.43011113, 0.94511845,
        0.64886168, 0.63637015],
       [0.91825703, 0.0393194 , 0.4480853 , 0.33766577, 0.7293347 ,
        0.33581562, 0.90275559, 0.49283803, 0.44602396, 0.40958444,
        0.86074752, 0.06508369],
       [0.30345807, 0.15981578, 0.84736488, 0.11758061, 0.75689467,
        0.54428408, 0.9878274 , 0.44272803, 0.15080891, 0.79339893,
        0.74711788, 0.33966518],
       [0.87994765, 0.78478112, 0.34047761, 0.86766572, 0.59785905,
        0.93187561, 0.63519145, 0.17535195, 0.29681651, 0.60352453,
        0.9399444 , 0.41751032],
       [0.38702713, 0.32275755, 0.86167705, 0.46937399, 0.08613275,
        0.52564357, 0.30050857, 0.6197884 , 0.25515738, 0.99098345,
        0.81580264, 0.9953594 ],
       [0.94983315, 0.11722651, 0.99670451, 0.33087092, 0.09905737,
        0.66754827, 0.92527579, 0.77050807, 0.04112426, 0.3676653 ,
        0.98657366, 0.01327724]]), array([[9.73092648e-01, 6.90548518e-02, 3.45465569e-01, 1.35739317e-01,
        7.02491719e-03, 3.07530860e-01, 1.25577009e-01, 8.50296035e-01,
        7.57171398e-01, 5.87613085e-01, 3.40876527e-01, 7.07984189e-01],
       [2.51200808e-01, 3.70545774e-01, 5.01442581e-01, 4.38282908e-02,
        9.95672145e-01, 5.70972357e-01, 3.66277676e-01, 5.04600730e-01,
        7.92835256e-01, 2.69259920e-01, 6.11622201e-01, 9.34558723e-01],
       [6.07416845e-01, 9.70521508e-02, 1.94440260e-01, 2.49242848e-01,
        3.23029387e-01, 2.42013188e-01, 2.94451535e-01, 8.53305455e-02,
        5.55536989e-01, 2.55536353e-01, 1.48054794e-01, 3.77755458e-01],
       [4.52844426e-01, 2.39209286e-01, 6.17151012e-02, 3.20974894e-02,
        2.01263231e-01, 3.72425357e-01, 8.51798134e-01, 9.01016721e-01,
        8.67506300e-01, 6.98416723e-01, 1.43718347e-01, 5.12177310e-01],
       [3.95526639e-01, 6.12703221e-01, 7.71876357e-01, 3.85789895e-04,
        5.28815748e-01, 8.35105671e-01, 9.38973917e-01, 4.91771930e-01,
        1.93114569e-01, 3.21304138e-02, 9.16367315e-01, 1.51344839e-01],
       [7.15954866e-01, 4.87153854e-02, 9.81925305e-01, 8.01322281e-01,
        8.37860831e-01, 1.14868036e-01, 3.30656182e-01, 4.52182306e-01,
        2.04167409e-01, 6.28176777e-01, 8.02149228e-01, 8.30730527e-01],
       [2.66781500e-01, 9.46473533e-01, 7.58323554e-01, 6.87784544e-01,
        4.02244773e-01, 8.57925805e-01, 1.90122551e-01, 7.21216287e-01,
        1.70956074e-01, 5.56794353e-01, 9.65076278e-01, 8.60123011e-01],
       [9.36714964e-01, 5.74414863e-01, 9.67637715e-01, 8.87776259e-02,
        3.86737284e-01, 1.24787232e-01, 5.58205797e-01, 3.73088519e-01,
        1.39751336e-01, 1.05406601e-01, 4.48781010e-01, 8.96541001e-02],
       [2.07637335e-01, 8.97843778e-01, 4.77661891e-01, 6.04617872e-01,
        1.18923559e-01, 5.98522745e-02, 8.87115919e-02, 5.13356434e-01,
        8.76543188e-01, 7.81678269e-01, 6.81240072e-01, 1.62858551e-02],
       [7.07055360e-01, 1.00023368e-01, 5.25995335e-01, 4.03288262e-01,
        6.65068240e-01, 3.98876247e-01, 9.05860139e-01, 7.23404251e-01,
        6.13952340e-01, 4.20128686e-01, 6.50310219e-01, 4.29085763e-01],
       [8.57794551e-02, 6.31252862e-01, 6.75070009e-01, 1.94268533e-01,
        6.82357619e-01, 3.41831938e-01, 7.07523975e-02, 1.98371006e-01,
        1.46422493e-01, 8.88599248e-03, 4.05277152e-01, 5.14694434e-01],
       [2.29990264e-02, 5.33333585e-01, 3.19449968e-01, 5.08657610e-01,
        8.77385822e-01, 5.12794594e-01, 1.11758088e-01, 9.91991008e-01,
        6.29907497e-01, 1.98562522e-01, 5.09898937e-01, 7.15884533e-01]]), array([[0.5589347 , 0.95506918, 0.20717768, 0.92395388, 0.36981191,
        0.37514003, 0.48551089, 0.91051787, 0.33669678, 0.71642477,
        0.35939884, 0.64047754],
       [0.02289296, 0.83477541, 0.31257849, 0.05931593, 0.31437304,
        0.15152707, 0.83177257, 0.18012398, 0.34899389, 0.93798687,
        0.24432288, 0.32499709],
       [0.58267996, 0.12344131, 0.40008044, 0.65377198, 0.82871286,
        0.37880685, 0.0950549 , 0.97085701, 0.43872319, 0.73805429,
        0.65979177, 0.19335532],
       [0.47472991, 0.35065765, 0.53288262, 0.30160366, 0.80752061,
        0.32734072, 0.26500536, 0.01296898, 0.81015512, 0.85354543,
        0.63261944, 0.22668576],
       [0.71927163, 0.27065179, 0.36156111, 0.24006839, 0.9660822 ,
        0.38854556, 0.13341346, 0.62365759, 0.86805757, 0.80955271,
        0.61716024, 0.54817955],
       [0.93920543, 0.59478267, 0.34057154, 0.69013429, 0.85612767,
        0.38262439, 0.51338216, 0.01349283, 0.1244881 , 0.0361884 ,
        0.56360954, 0.19159678],
       [0.48799324, 0.79116103, 0.48548628, 0.74162373, 0.11524277,
        0.46371357, 0.10174196, 0.22228044, 0.53745651, 0.43578011,
        0.79104822, 0.88871195],
       [0.05002704, 0.28027421, 0.16971655, 0.83368677, 0.9389704 ,
        0.22779399, 0.30151516, 0.99338931, 0.9750754 , 0.64154174,
        0.16909418, 0.70519216],
       [0.26251389, 0.15384195, 0.18085858, 0.77069698, 0.43471079,
        0.72085301, 0.92122734, 0.37725326, 0.98206751, 0.3468089 ,
        0.23798712, 0.70531561],
       [0.194997  , 0.50048148, 0.96879789, 0.56974132, 0.73778335,
        0.29703117, 0.19540297, 0.17160584, 0.62881677, 0.37099111,
        0.96873432, 0.13948596],
       [0.81704301, 0.05783257, 0.92020765, 0.43327162, 0.99906501,
        0.3691498 , 0.03941004, 0.75649741, 0.7768842 , 0.79029881,
        0.53873073, 0.4482531 ],
       [0.49667782, 0.44952987, 0.67364081, 0.70587605, 0.77025667,
        0.33729522, 0.42642431, 0.63677489, 0.54161631, 0.61245389,
        0.88597603, 0.26945061]]), array([[0.4625588 , 0.45370614, 0.69353784, 0.67707683, 0.91420028,
        0.66225303, 0.84883505, 0.58940905, 0.18139915, 0.79215635,
        0.05537344, 0.17487883],
       [0.30528561, 0.36271462, 0.6193072 , 0.51172069, 0.52691389,
        0.40646809, 0.97535686, 0.74543874, 0.19776222, 0.38108462,
        0.41245685, 0.18811143],
       [0.0119321 , 0.1752257 , 0.12519486, 0.5374418 , 0.94366218,
        0.35551024, 0.23908677, 0.56120064, 0.87742143, 0.62367026,
        0.97871552, 0.90875425],
       [0.65401795, 0.62060014, 0.89050823, 0.89554301, 0.5850777 ,
        0.48588643, 0.72949676, 0.90849942, 0.2581466 , 0.73124833,
        0.26575519, 0.28749502],
       [0.64173916, 0.69785772, 0.74973346, 0.41076823, 0.19693614,
        0.82437928, 0.81607164, 0.79567401, 0.72553781, 0.06418186,
        0.16671221, 0.79082596],
       [0.08493755, 0.1797038 , 0.08843792, 0.92468399, 0.83856795,
        0.67049938, 0.67475763, 0.85975583, 0.03655371, 0.39562289,
        0.88286275, 0.89797947],
       [0.03797096, 0.77863673, 0.95513377, 0.83421526, 0.810256  ,
        0.9169387 , 0.16897304, 0.3533213 , 0.81359106, 0.35537365,
        0.64457521, 0.99513629],
       [0.88678982, 0.04019612, 0.78346881, 0.2124234 , 0.56810242,
        0.10274742, 0.66613385, 0.07342572, 0.77603118, 0.15486958,
        0.79684732, 0.5917156 ],
       [0.48949006, 0.84004818, 0.39956439, 0.19248576, 0.04703404,
        0.08674957, 0.87676292, 0.53683858, 0.84984136, 0.68598385,
        0.39860364, 0.29489615],
       [0.30581503, 0.54058166, 0.28432555, 0.46724071, 0.95365003,
        0.80284969, 0.33140239, 0.55070446, 0.27487594, 0.9367351 ,
        0.28534416, 0.89489389],
       [0.54281261, 0.39945437, 0.05670455, 0.20126061, 0.32677732,
        0.78238546, 0.41894839, 0.70760862, 0.45235546, 0.12217003,
        0.30051368, 0.10629072],
       [0.93338568, 0.24417485, 0.43162099, 0.47144415, 0.1717521 ,
        0.88680424, 0.32132333, 0.2055763 , 0.87823663, 0.12876971,
        0.17866717, 0.43985333]]), array([[0.24359346, 0.2145223 , 0.22904843, 0.09413899, 0.70344466,
        0.14652404, 0.82382274, 0.42803852, 0.41094884, 0.36407569,
        0.56046589, 0.21610662],
       [0.42024136, 0.07454024, 0.68182756, 0.68839947, 0.40459703,
        0.75513094, 0.61758241, 0.48298219, 0.77164207, 0.33017712,
        0.33580404, 0.74674624],
       [0.28653922, 0.98206321, 0.69248971, 0.15255901, 0.36795299,
        0.21765643, 0.09265949, 0.74158916, 0.83000202, 0.45952793,
        0.39421062, 0.2152111 ],
       [0.85875484, 0.20910834, 0.68379131, 0.1388868 , 0.21476921,
        0.20666808, 0.97724936, 0.63671086, 0.94939323, 0.93227578,
        0.77767656, 0.05663005],
       [0.24488361, 0.3477935 , 0.72232465, 0.2645836 , 0.68752511,
        0.19966109, 0.78042106, 0.38927384, 0.30592908, 0.38502588,
        0.68813719, 0.27745825],
       [0.37326144, 0.10392821, 0.93364163, 0.97735474, 0.41268089,
        0.63259614, 0.83862478, 0.65134597, 0.6859199 , 0.74631379,
        0.65471652, 0.64390202],
       [0.33037076, 0.73477309, 0.7661732 , 0.77457162, 0.98590168,
        0.93692956, 0.04134529, 0.46097314, 0.08741047, 0.42067851,
        0.38729985, 0.6325088 ],
       [0.97190405, 0.61728002, 0.68760729, 0.17140914, 0.13578208,
        0.53817844, 0.52119818, 0.37307815, 0.34342251, 0.54121833,
        0.79450199, 0.23844519],
       [0.98425766, 0.1757899 , 0.28599133, 0.50495663, 0.02918623,
        0.87594275, 0.87270913, 0.90394992, 0.45573786, 0.10934875,
        0.93937381, 0.76092858],
       [0.94682361, 0.29961282, 0.28795836, 0.42893106, 0.64467841,
        0.63800833, 0.98117797, 0.89211445, 0.07501982, 0.06434983,
        0.70084909, 0.2986139 ],
       [0.57500371, 0.78134   , 0.24837597, 0.39381657, 0.6269197 ,
        0.41505655, 0.92358417, 0.22060935, 0.86282449, 0.31724887,
        0.27343034, 0.85755888],
       [0.68349068, 0.06517147, 0.07315503, 0.57950903, 0.60146816,
        0.71315196, 0.84584239, 0.21933876, 0.92532683, 0.59489322,
        0.66724569, 0.37541925]]), array([[0.30517467, 0.18548509, 0.80994384, 0.62044214, 0.53625872,
        0.47265755, 0.09386691, 0.55182623, 0.46504607, 0.74326504,
        0.9247586 , 0.10255273],
       [0.71715759, 0.09143394, 0.95229332, 0.96515552, 0.34636113,
        0.67664101, 0.56682762, 0.98532897, 0.60231857, 0.05029746,
        0.16053081, 0.08684595],
       [0.41228188, 0.2134344 , 0.0627527 , 0.50637224, 0.38670369,
        0.8812099 , 0.02253814, 0.39507217, 0.80676853, 0.28947926,
        0.37844334, 0.08303674],
       [0.97498081, 0.05380769, 0.103402  , 0.84982245, 0.83126497,
        0.76221779, 0.50516592, 0.56964424, 0.47245096, 0.08336974,
        0.62087954, 0.00455145],
       [0.08237094, 0.66860815, 0.20123255, 0.88239189, 0.83677751,
        0.38089235, 0.18581445, 0.7801147 , 0.65776253, 0.03144399,
        0.84701595, 0.77394479],
       [0.67955179, 0.5411825 , 0.17472532, 0.00580425, 0.03674484,
        0.83880399, 0.5801304 , 0.42518791, 0.89447659, 0.93468535,
        0.21974578, 0.89991357],
       [0.20789626, 0.20358675, 0.09394107, 0.15332372, 0.31174926,
        0.56446848, 0.80315932, 0.21868557, 0.97959942, 0.07561886,
        0.4896138 , 0.20680303],
       [0.47184403, 0.94365286, 0.24933025, 0.61309606, 0.0899634 ,
        0.22598613, 0.73491803, 0.50986361, 0.12822742, 0.61008574,
        0.96126121, 0.17648305],
       [0.47763858, 0.8401405 , 0.42837675, 0.95146193, 0.15573739,
        0.99951614, 0.27071403, 0.1158236 , 0.84290312, 0.93632834,
        0.15256236, 0.95489758],
       [0.60746399, 0.24819933, 0.82329765, 0.52643233, 0.77222521,
        0.1966933 , 0.56762805, 0.44877168, 0.59308197, 0.16453581,
        0.11538566, 0.80559827],
       [0.72772794, 0.44621024, 0.14296232, 0.41404994, 0.29831203,
        0.65196184, 0.90493813, 0.41946357, 0.91608014, 0.7184268 ,
        0.7888641 , 0.64494672],
       [0.12463553, 0.61500988, 0.84577459, 0.07645855, 0.17943139,
        0.73333411, 0.38185516, 0.76001031, 0.90874501, 0.6414611 ,
        0.95459039, 0.28746327]]), array([[2.45679772e-01, 1.16104277e-01, 2.44107278e-01, 4.65695730e-01,
        4.91233364e-01, 5.45916844e-01, 4.99232079e-01, 2.52755720e-01,
        6.24556205e-01, 9.16856988e-01, 6.27243655e-01, 4.20684908e-01],
       [2.90996002e-01, 9.50371506e-01, 5.66236667e-01, 2.28409593e-01,
        6.67654985e-01, 6.15886257e-01, 4.14608107e-01, 3.81963940e-01,
        2.53721470e-01, 4.03739811e-01, 1.97568129e-01, 6.36490396e-01],
       [4.47956471e-01, 6.22166009e-01, 3.31708570e-01, 5.03369963e-01,
        8.27824219e-02, 8.56351672e-01, 5.34037157e-01, 4.06843224e-01,
        9.31644814e-01, 2.86428241e-01, 2.94992848e-01, 2.05611731e-01],
       [1.14314744e-01, 4.42393250e-01, 6.10238438e-01, 1.33840669e-01,
        1.97160289e-01, 9.85401847e-01, 9.72264859e-01, 7.30502455e-01,
        5.78880497e-01, 3.34828901e-01, 5.83777040e-01, 8.19905503e-01],
       [4.62275773e-01, 6.57358556e-01, 5.56023975e-02, 8.05925213e-01,
        6.82949941e-01, 3.39020179e-01, 1.24185046e-01, 3.98385391e-01,
        2.88402637e-01, 5.13834351e-01, 3.22712755e-02, 2.40929465e-01],
       [2.57147457e-01, 4.85801893e-01, 1.24694490e-01, 8.04706107e-01,
        2.59917360e-01, 2.09680790e-01, 9.41849571e-01, 9.50488705e-01,
        8.52919407e-01, 4.14374013e-01, 8.74716501e-01, 8.42888873e-01],
       [5.59184741e-02, 1.96455916e-01, 5.08034185e-01, 7.44975673e-01,
        4.43097258e-01, 3.02955529e-01, 8.34510029e-01, 7.26420379e-01,
        8.60217861e-01, 9.17149376e-01, 4.57092713e-01, 8.18637354e-01],
       [3.52418010e-01, 1.13647055e-01, 4.09515637e-01, 6.34744648e-01,
        4.32844470e-01, 3.95506244e-01, 6.83346941e-01, 1.18647388e-04,
        8.92545755e-01, 2.84366751e-01, 3.80014785e-01, 2.70063293e-01],
       [9.59929375e-02, 5.91804321e-01, 5.54609498e-01, 7.03722839e-01,
        9.31308407e-01, 2.22613315e-01, 9.23818581e-01, 1.49966570e-01,
        8.51224674e-01, 8.03564758e-01, 7.36365936e-01, 2.00873604e-01],
       [1.18600225e-02, 9.24833020e-01, 3.33954533e-01, 7.10234861e-01,
        5.58976608e-01, 1.90114038e-01, 2.80398569e-01, 3.01842779e-01,
        1.34275956e-02, 2.93312635e-01, 6.78439306e-02, 4.19924211e-01],
       [2.38744737e-02, 1.96284948e-01, 7.66176328e-01, 7.91946011e-01,
        4.64320268e-01, 2.88671184e-01, 2.08565115e-01, 7.46358147e-01,
        6.59938950e-02, 5.98619942e-01, 9.14647757e-01, 9.89888367e-01],
       [2.11777109e-01, 3.57606453e-01, 9.74456356e-01, 8.27191777e-01,
        7.01101721e-01, 1.45524883e-01, 9.46899345e-01, 1.18819201e-02,
        7.15371492e-01, 6.28390317e-01, 1.32253559e-01, 1.59553039e-01]]), array([[0.79481028, 0.90774191, 0.66463522, 0.93113272, 0.18338864,
        0.94626367, 0.39878725, 0.11664034, 0.38701851, 0.22988067,
        0.5180605 , 0.32242874],
       [0.39158536, 0.61767025, 0.40008614, 0.34615473, 0.32094156,
        0.00474237, 0.42706323, 0.76761745, 0.09963755, 0.48254623,
        0.77848391, 0.19995849],
       [0.06831468, 0.04069066, 0.3101015 , 0.24807283, 0.08506561,
        0.90839645, 0.57082457, 0.00779334, 0.31067101, 0.05832843,
        0.2488139 , 0.67526461],
       [0.28041869, 0.6111122 , 0.70565913, 0.89489643, 0.6409287 ,
        0.78071918, 0.68965229, 0.68737668, 0.146038  , 0.62576294,
        0.42979287, 0.75607379],
       [0.68959477, 0.24757984, 0.65262441, 0.403979  , 0.07474769,
        0.89677094, 0.79435664, 0.86466864, 0.27493992, 0.92775186,
        0.89693545, 0.90526117],
       [0.58579364, 0.3222175 , 0.69882278, 0.51189324, 0.56877486,
        0.21862959, 0.58501151, 0.74753647, 0.01547741, 0.4101825 ,
        0.44889872, 0.65825656],
       [0.90135795, 0.68440766, 0.97023194, 0.57136127, 0.31003307,
        0.80285668, 0.46935288, 0.99556189, 0.29943612, 0.81160045,
        0.97435005, 0.07183002],
       [0.37859568, 0.77377534, 0.75696104, 0.54750287, 0.5433387 ,
        0.075855  , 0.49209747, 0.49961056, 0.72678567, 0.30723202,
        0.8199872 , 0.87935798],
       [0.70445554, 0.4571762 , 0.83290752, 0.88729707, 0.49474543,
        0.59527167, 0.75309509, 0.62154381, 0.86059246, 0.59556648,
        0.6478109 , 0.17765938],
       [0.31366206, 0.53741997, 0.28903031, 0.06679422, 0.33385867,
        0.79059786, 0.90735125, 0.45507107, 0.43115979, 0.55590874,
        0.5916017 , 0.27969965],
       [0.69105008, 0.15691561, 0.3297457 , 0.38812966, 0.81232453,
        0.16403653, 0.69659241, 0.67147728, 0.748243  , 0.01961354,
        0.56341658, 0.80165387],
       [0.86253721, 0.13204951, 0.59493813, 0.21243972, 0.47541807,
        0.08742369, 0.74921317, 0.07083041, 0.53291434, 0.68084083,
        0.10900478, 0.6485612 ]]), array([[0.71304956, 0.84756744, 0.58412627, 0.81349684, 0.66600105,
        0.12046055, 0.54319624, 0.63934692, 0.41708491, 0.73333067,
        0.51034257, 0.20329834],
       [0.66438242, 0.69533358, 0.34358298, 0.22234807, 0.77619481,
        0.75985729, 0.84422325, 0.03999897, 0.08364214, 0.8125215 ,
        0.66591352, 0.64372793],
       [0.02088992, 0.13977595, 0.70898994, 0.68781194, 0.40469282,
        0.41014767, 0.7315523 , 0.21748691, 0.2209465 , 0.71485953,
        0.38771754, 0.42012738],
       [0.05491272, 0.51170392, 0.07447351, 0.13002586, 0.01509277,
        0.58275653, 0.77828587, 0.64909421, 0.56296794, 0.78167241,
        0.14887102, 0.12925046],
       [0.26386815, 0.25847939, 0.16999479, 0.81971289, 0.28076157,
        0.00156609, 0.66333097, 0.4106489 , 0.02367031, 0.39491288,
        0.04276277, 0.34284341],
       [0.01708477, 0.01499671, 0.61674649, 0.57186384, 0.52340896,
        0.00346188, 0.91163914, 0.88334769, 0.1077707 , 0.25874579,
        0.53542922, 0.39771939],
       [0.07384612, 0.65724922, 0.10889406, 0.46678565, 0.8201367 ,
        0.19742406, 0.41667291, 0.80027797, 0.74048375, 0.65662793,
        0.41463441, 0.22989336],
       [0.61116053, 0.58603897, 0.61241109, 0.06636848, 0.14504978,
        0.30117304, 0.36918608, 0.2599065 , 0.2409298 , 0.03006378,
        0.80606501, 0.01860461],
       [0.31133864, 0.40426056, 0.02456255, 0.37130756, 0.77463945,
        0.50258399, 0.95343571, 0.36547244, 0.73661906, 0.9952216 ,
        0.3560313 , 0.03283875],
       [0.03783605, 0.13481169, 0.09646603, 0.498604  , 0.17993756,
        0.26081308, 0.07239233, 0.18869003, 0.1057932 , 0.37772936,
        0.29314789, 0.53258837],
       [0.9677697 , 0.58074137, 0.30576763, 0.94932165, 0.84287269,
        0.43917481, 0.65744336, 0.14066107, 0.28942745, 0.04624784,
        0.22236998, 0.13795214],
       [0.99481322, 0.93293602, 0.51561136, 0.79399691, 0.75137785,
        0.53854304, 0.18394219, 0.25204125, 0.76880091, 0.94025514,
        0.17231261, 0.90856621]]), array([[0.84339097, 0.213105  , 0.32771947, 0.19168624, 0.46061878,
        0.12858969, 0.84540635, 0.89565488, 0.49957742, 0.24563329,
        0.00873306, 0.35538948],
       [0.59137453, 0.58193056, 0.16945375, 0.03197734, 0.18536418,
        0.09510781, 0.59780827, 0.85603225, 0.06819355, 0.57147015,
        0.67505502, 0.12282008],
       [0.15570359, 0.75323175, 0.88793776, 0.17432282, 0.36195166,
        0.28419844, 0.59594873, 0.08725811, 0.31672703, 0.96921186,
        0.39776593, 0.66501421],
       [0.7411351 , 0.15736856, 0.67320725, 0.52632471, 0.25296169,
        0.26179785, 0.98900217, 0.54243268, 0.85140975, 0.0147932 ,
        0.68880676, 0.86716386],
       [0.06861584, 0.50165276, 0.90990497, 0.00533637, 0.05398784,
        0.95549446, 0.0503014 , 0.41432425, 0.75383635, 0.42803071,
        0.86925771, 0.37594797],
       [0.40673564, 0.43089625, 0.07493184, 0.79625191, 0.04595765,
        0.30527215, 0.7505557 , 0.07016951, 0.996084  , 0.1614967 ,
        0.57531134, 0.04815462],
       [0.25421441, 0.16080338, 0.27025951, 0.52965423, 0.48051063,
        0.65518313, 0.68787341, 0.68215521, 0.21474877, 0.65914292,
        0.37201693, 0.01058437],
       [0.23527003, 0.22493322, 0.30499072, 0.64520239, 0.85436463,
        0.20012791, 0.13345642, 0.61411864, 0.43502757, 0.96205524,
        0.00987163, 0.07675741],
       [0.80587521, 0.3215318 , 0.16239581, 0.15357301, 0.73216288,
        0.85944932, 0.9615518 , 0.42207089, 0.83268411, 0.87429835,
        0.14360763, 0.05843011],
       [0.31464783, 0.40678107, 0.33480563, 0.07742731, 0.11856227,
        0.90975356, 0.03438222, 0.26516602, 0.9273865 , 0.12886043,
        0.42895343, 0.49651378],
       [0.8140618 , 0.15076166, 0.96858346, 0.67481634, 0.51136076,
        0.44872577, 0.69719942, 0.45569288, 0.51128893, 0.96014179,
        0.92904157, 0.99806313],
       [0.33591711, 0.92675621, 0.77187085, 0.87453341, 0.81065435,
        0.93272687, 0.21563109, 0.06382349, 0.40117166, 0.36983493,
        0.86484258, 0.82637225]]), array([[0.9971892 , 0.2130176 , 0.66613043, 0.42272449, 0.48359075,
        0.67644308, 0.44934292, 0.03593035, 0.99886696, 0.98059259,
        0.81395606, 0.73765794],
       [0.14854218, 0.82352687, 0.48972781, 0.521846  , 0.14275881,
        0.39030264, 0.38884348, 0.10030188, 0.24421885, 0.22012079,
        0.63134057, 0.97599409],
       [0.19473941, 0.70226594, 0.37018709, 0.38557343, 0.09159202,
        0.50715675, 0.49492805, 0.6237793 , 0.72215285, 0.15252439,
        0.37177343, 0.75996858],
       [0.15364917, 0.88879698, 0.70106301, 0.58015991, 0.90986815,
        0.92028061, 0.36453778, 0.67501345, 0.37770515, 0.18550234,
        0.23462683, 0.37240222],
       [0.81077511, 0.65437353, 0.95835202, 0.48770386, 0.60019773,
        0.48527073, 0.17546108, 0.17501231, 0.25716322, 0.42062598,
        0.69305288, 0.38108158],
       [0.48548216, 0.15199817, 0.43635139, 0.80324025, 0.44839983,
        0.03021017, 0.46976883, 0.02899905, 0.89329558, 0.18471304,
        0.66196959, 0.48914769],
       [0.76531381, 0.18228157, 0.9230763 , 0.87190498, 0.55224162,
        0.02916409, 0.40244437, 0.69693813, 0.08924946, 0.77078373,
        0.69489853, 0.427844  ],
       [0.11007532, 0.21509566, 0.99662107, 0.03447865, 0.64265971,
        0.9697812 , 0.84275384, 0.67129454, 0.12456003, 0.40709546,
        0.41788909, 0.57424688],
       [0.11228693, 0.58563538, 0.40381226, 0.76907642, 0.12480387,
        0.35432303, 0.26535922, 0.65191245, 0.65117047, 0.69851989,
        0.22251429, 0.65809161],
       [0.47934977, 0.18445233, 0.76275527, 0.72287124, 0.83766471,
        0.75102677, 0.65954324, 0.72521448, 0.2852897 , 0.05380148,
        0.14762587, 0.13538232],
       [0.52154349, 0.47645976, 0.05759032, 0.76752147, 0.58357037,
        0.72225597, 0.71322887, 0.30930096, 0.98597527, 0.92656658,
        0.02693718, 0.15065789],
       [0.29601362, 0.28836484, 0.77082297, 0.09053602, 0.96486661,
        0.97128376, 0.90703202, 0.86797051, 0.09830019, 0.64541044,
        0.67039384, 0.21303215]]), array([[0.38834217, 0.57817447, 0.77214727, 0.19518716, 0.68965886,
        0.18947644, 0.11457776, 0.83885616, 0.59626723, 0.68936004,
        0.79483479, 0.50149566]])] 
 0.5, 
 1e-19, 
 10000