weigths: [array([[0.81902861, 0.82147492, 0.45742916, 0.2741008 , 0.44058779,
        0.79680143],
       [0.15700597, 0.13263556, 0.98902815, 0.97905167, 0.0058067 ,
        0.41378951],
       [0.33392557, 0.43389513, 0.02183559, 0.47051586, 0.61962547,
        0.63401558],
       [0.33062587, 0.93760651, 0.24243003, 0.18106121, 0.44393947,
        0.88637219],
       [0.26859181, 0.22076451, 0.05666962, 0.74406758, 0.2256626 ,
        0.16929847],
       [0.02364761, 0.58991802, 0.41036966, 0.3096679 , 0.18264212,
        0.28376264]]), array([[0.42059313, 0.60647549, 0.91921994, 0.83509942, 0.67213706,
        0.53984214],
       [0.99881536, 0.66343712, 0.12919451, 0.82270214, 0.60564558,
        0.80894398],
       [0.09552368, 0.65010942, 0.63204904, 0.61104083, 0.649188  ,
        0.42724786],
       [0.20246093, 0.31297895, 0.45605428, 0.50475256, 0.10519094,
        0.58864217],
       [0.22178929, 0.8099181 , 0.80198165, 0.30717805, 0.52719732,
        0.24163499],
       [0.17950744, 0.57726651, 0.9823113 , 0.93744648, 0.46412263,
        0.85745538]]), array([[0.92217025, 0.98923222, 0.74004443, 0.55484663, 0.65610395,
        0.00106847],
       [0.58996372, 0.09572941, 0.88538387, 0.31557593, 0.71296896,
        0.43374597],
       [0.64136964, 0.46520844, 0.10424097, 0.53229722, 0.73753998,
        0.31772473],
       [0.15075194, 0.29321797, 0.61976831, 0.80352849, 0.64208108,
        0.12156423],
       [0.98819952, 0.70679397, 0.95705273, 0.37441027, 0.63747367,
        0.95297906],
       [0.40961197, 0.51427045, 0.97447876, 0.10186719, 0.71745862,
        0.55838845]]), array([[0.58199273, 0.2345797 , 0.96028333, 0.37286705, 0.42978318,
        0.74507647],
       [0.51027018, 0.3943493 , 0.43773857, 0.24280428, 0.01401677,
        0.74277182],
       [0.66586412, 0.08628681, 0.07179165, 0.86847974, 0.8223373 ,
        0.00879488],
       [0.84957212, 0.95865757, 0.69149275, 0.1522516 , 0.34167242,
        0.0295406 ],
       [0.76618459, 0.46268843, 0.09167166, 0.98121411, 0.13369334,
        0.64651818],
       [0.47248767, 0.17460168, 0.97175309, 0.23561376, 0.80977343,
        0.59284968]]), array([[0.7276772 , 0.37236439, 0.93019473, 0.21701378, 0.4395809 ,
        0.10935216],
       [0.16782522, 0.25425414, 0.63926234, 0.53703589, 0.84749799,
        0.71526748],
       [0.14498343, 0.48877592, 0.01876172, 0.80975544, 0.65589726,
        0.22552634],
       [0.39791264, 0.24477267, 0.78869722, 0.14164671, 0.63995234,
        0.01291212],
       [0.80819609, 0.478436  , 0.13559021, 0.7096695 , 0.49275519,
        0.76734055],
       [0.10076772, 0.30361486, 0.69458041, 0.84258488, 0.43390341,
        0.23854569]]), array([[0.2813361 , 0.96649274, 0.87756811, 0.32006042, 0.16695412,
        0.35447349],
       [0.75340448, 0.90340958, 0.62394503, 0.94141932, 0.37408749,
        0.6332144 ],
       [0.37783095, 0.51559107, 0.69020461, 0.02746147, 0.89278441,
        0.91133938],
       [0.64392511, 0.39556789, 0.39606782, 0.45551918, 0.20979269,
        0.42916626],
       [0.8222451 , 0.80310597, 0.55916882, 0.22855549, 0.3627265 ,
        0.73783882],
       [0.62329054, 0.4651828 , 0.16682458, 0.28042468, 0.17505878,
        0.93820481]]), array([[0.02441276, 0.08327005, 0.15914785, 0.58354126, 0.32777444,
        0.9649222 ],
       [0.21960757, 0.88117667, 0.35684135, 0.85144225, 0.17764353,
        0.19475405],
       [0.95073942, 0.16043052, 0.16291522, 0.43254079, 0.39855718,
        0.7288288 ],
       [0.05633199, 0.81462502, 0.17822483, 0.56562914, 0.40442372,
        0.99284506],
       [0.19026252, 0.98977325, 0.7201586 , 0.94907224, 0.84395694,
        0.47633245],
       [0.72260126, 0.85333588, 0.43007364, 0.09821319, 0.81057346,
        0.49698965]]), array([[0.75734085, 0.48236423, 0.15077403, 0.31179494, 0.35279254,
        0.69398775],
       [0.83272969, 0.71298878, 0.19390889, 0.57460503, 0.51193066,
        0.05828593],
       [0.90115024, 0.54985694, 0.12748164, 0.96547601, 0.60332433,
        0.4008526 ],
       [0.60053543, 0.38466121, 0.44839838, 0.34998796, 0.02153529,
        0.5360573 ],
       [0.23654804, 0.97942036, 0.86737608, 0.80647829, 0.9482968 ,
        0.77992038],
       [0.07693334, 0.86088569, 0.73806676, 0.31151337, 0.36054109,
        0.80810279]]), array([[9.10493296e-01, 9.49402053e-01, 1.93042510e-02, 5.20139014e-02,
        7.34650056e-01, 5.74388963e-01],
       [1.29080388e-01, 2.82195538e-01, 5.57103426e-04, 8.95398465e-01,
        3.52620981e-01, 3.16552909e-01],
       [9.55479408e-01, 6.60403258e-01, 6.95801739e-01, 1.92798110e-01,
        6.44392600e-02, 5.99785514e-02],
       [1.08903616e-01, 5.71098101e-01, 2.31702037e-01, 8.94668759e-01,
        9.64704691e-01, 3.92835145e-01],
       [7.32218463e-01, 8.76550549e-01, 9.28659321e-01, 3.18856993e-03,
        5.74604612e-01, 9.32459677e-01],
       [2.89732283e-01, 4.22817825e-01, 3.31247816e-01, 4.72755451e-02,
        1.44713796e-01, 2.84489372e-01]]), array([[0.8764046 , 0.10851749, 0.38092946, 0.09625091, 0.14430558,
        0.31028357],
       [0.35217701, 0.45713037, 0.25207691, 0.56403884, 0.01366652,
        0.93806356],
       [0.81111076, 0.91578047, 0.97380927, 0.12699623, 0.0435864 ,
        0.52599159],
       [0.09731497, 0.01809012, 0.2449603 , 0.89948578, 0.65634048,
        0.67603474],
       [0.64089224, 0.60530171, 0.0282544 , 0.32060553, 0.93924078,
        0.24738477],
       [0.28508381, 0.55022585, 0.81535154, 0.82176047, 0.13667924,
        0.44111355]]), array([[0.33181458, 0.25320047, 0.84914709, 0.61241406, 0.70754844,
        0.1299931 ],
       [0.85885782, 0.08940431, 0.35722775, 0.42417725, 0.70301251,
        0.18114074],
       [0.15621471, 0.81406671, 0.61010018, 0.53862847, 0.51909356,
        0.45450631],
       [0.99075304, 0.14360283, 0.82247795, 0.48237438, 0.01506699,
        0.78418696],
       [0.99063513, 0.4295133 , 0.53051223, 0.62061283, 0.85239136,
        0.97155745],
       [0.90931016, 0.94505802, 0.37506199, 0.38229167, 0.75032184,
        0.31254996]]), array([[0.32345774, 0.28336362, 0.27356038, 0.68494433, 0.02542119,
        0.56710047],
       [0.39949098, 0.0329541 , 0.60853765, 0.79392168, 0.38133298,
        0.12223111],
       [0.99081006, 0.08130867, 0.48486848, 0.02603803, 0.63395644,
        0.35815148],
       [0.70432642, 0.52585934, 0.57324423, 0.4131186 , 0.98595807,
        0.49095744],
       [0.37428807, 0.54321868, 0.62526197, 0.86691708, 0.83044769,
        0.74817975],
       [0.819263  , 0.15375966, 0.83201473, 0.62237514, 0.2909156 ,
        0.59214813]]), array([[0.95088016, 0.22918778, 0.88361091, 0.85067433, 0.6113299 ,
        0.70110541],
       [0.98580945, 0.41158837, 0.56898767, 0.81122356, 0.04484495,
        0.07518675],
       [0.84382797, 0.98837086, 0.24386271, 0.0159274 , 0.39586786,
        0.7257195 ],
       [0.71738645, 0.5056567 , 0.12693104, 0.43887752, 0.41598669,
        0.25860227],
       [0.40597067, 0.22787786, 0.74066177, 0.12707859, 0.62843112,
        0.82732361],
       [0.71074607, 0.75451225, 0.8513294 , 0.06155251, 0.18417016,
        0.84400695]]), array([[0.08845051, 0.72199319, 0.90000397, 0.06513777, 0.65821195,
        0.88226625],
       [0.41639488, 0.63289238, 0.03879651, 0.61021463, 0.67362007,
        0.41571538],
       [0.30331566, 0.16651925, 0.54654653, 0.88796204, 0.98646212,
        0.24059978],
       [0.1820585 , 0.34686168, 0.89689279, 0.88730958, 0.15913904,
        0.21619168],
       [0.68419849, 0.78492047, 0.55461571, 0.84072706, 0.10035035,
        0.44002582],
       [0.07176263, 0.01438206, 0.49867431, 0.53178262, 0.86053693,
        0.20316043]]), array([[0.48623837, 0.83517046, 0.85534184, 0.95997067, 0.11724058,
        0.89498673],
       [0.50984099, 0.67753613, 0.78531714, 0.86624909, 0.70912958,
        0.60009007],
       [0.31381878, 0.1034251 , 0.86449932, 0.64895175, 0.75932574,
        0.29892825],
       [0.92095864, 0.47108007, 0.88849477, 0.01108029, 0.66729159,
        0.08223714],
       [0.49038852, 0.22514561, 0.84861591, 0.95250844, 0.77096173,
        0.29259342],
       [0.36987048, 0.95070059, 0.47117802, 0.45998395, 0.94836277,
        0.63745686]]), array([[0.74983734, 0.64279995, 0.65633563, 0.21263348, 0.66580647,
        0.42628697],
       [0.15776029, 0.62382867, 0.68900152, 0.83708638, 0.65332375,
        0.49703049],
       [0.13877443, 0.72661359, 0.2245021 , 0.50199525, 0.90083504,
        0.03954114],
       [0.59425976, 0.57036871, 0.3982048 , 0.03944958, 0.06294111,
        0.05502199],
       [0.06153693, 0.93917012, 0.93326618, 0.94910977, 0.46506473,
        0.75906568],
       [0.36944465, 0.29863675, 0.14053818, 0.09520742, 0.18905304,
        0.6356066 ]]), array([[0.18906495, 0.5228649 , 0.06740689, 0.21435202, 0.66545009,
        0.68514274],
       [0.717389  , 0.54478847, 0.93477909, 0.14444688, 0.43785534,
        0.58723942],
       [0.63023773, 0.02593517, 0.38131047, 0.54719143, 0.59905922,
        0.60735873],
       [0.59942526, 0.86484456, 0.61202777, 0.55969434, 0.04100649,
        0.4239117 ],
       [0.27305869, 0.38072694, 0.2792692 , 0.71120816, 0.91281705,
        0.2999946 ],
       [0.84183482, 0.02308643, 0.74073871, 0.00256476, 0.09201727,
        0.98771164]]), array([[0.40751415, 0.55941433, 0.74635029, 0.19686855, 0.73571003,
        0.0845041 ],
       [0.31967023, 0.1791829 , 0.08591389, 0.89482298, 0.00968286,
        0.22985603],
       [0.3634456 , 0.06737531, 0.97503063, 0.79058283, 0.78403786,
        0.20587457],
       [0.54433148, 0.19297892, 0.22336297, 0.12539946, 0.48081998,
        0.52434406],
       [0.87911884, 0.14500931, 0.59874655, 0.24250016, 0.38431364,
        0.45020139],
       [0.27738507, 0.5179715 , 0.63301231, 0.20318292, 0.16334411,
        0.56658059]]), array([[0.42483288, 0.75467869, 0.19994238, 0.01044977, 0.855873  ,
        0.78334511],
       [0.41460655, 0.51968482, 0.7997233 , 0.05667287, 0.83286113,
        0.48682977],
       [0.08912121, 0.28270747, 0.41818575, 0.79863852, 0.12070625,
        0.39938232],
       [0.5228645 , 0.31977715, 0.14794262, 0.48713108, 0.9274278 ,
        0.61788315],
       [0.32959385, 0.16582313, 0.10810163, 0.65498994, 0.3902309 ,
        0.00481097],
       [0.36624632, 0.24503232, 0.88172732, 0.73913233, 0.85550549,
        0.6487393 ]]), array([[0.22250918, 0.82331083, 0.44600515, 0.1727849 , 0.47631022,
        0.62712854],
       [0.83712926, 0.90035817, 0.19635355, 0.98611848, 0.78742768,
        0.47381446],
       [0.36330709, 0.19557134, 0.95279241, 0.86852284, 0.79698147,
        0.94493574],
       [0.28306109, 0.2646862 , 0.30504645, 0.0475147 , 0.10829138,
        0.70378995],
       [0.06549333, 0.79640998, 0.05394705, 0.13981825, 0.76537771,
        0.76984317],
       [0.78917061, 0.59689084, 0.02998479, 0.93558437, 0.33249937,
        0.98483458]]), array([[0.27075467, 0.24919878, 0.10221879, 0.29309599, 0.30970434,
        0.48328423],
       [0.37568301, 0.5980283 , 0.65676609, 0.35102472, 0.13878918,
        0.69399161],
       [0.16709696, 0.50477074, 0.72752699, 0.07529421, 0.32139051,
        0.40662113],
       [0.44277395, 0.41111451, 0.53456647, 0.23275911, 0.1318279 ,
        0.5274201 ],
       [0.32913932, 0.78140501, 0.16057043, 0.24442609, 0.79164716,
        0.79507147],
       [0.89012412, 0.81745937, 0.51383182, 0.49735399, 0.40348123,
        0.83878731]]), array([[0.5000257 , 0.56794807, 0.26729656, 0.15711588, 0.3395231 ,
        0.92469928],
       [0.31295908, 0.69913533, 0.65793835, 0.15721969, 0.36003653,
        0.34072027],
       [0.98563485, 0.65698686, 0.36429053, 0.85517925, 0.25329664,
        0.99004623],
       [0.32871596, 0.93889719, 0.68482327, 0.30027686, 0.82518365,
        0.29886303],
       [0.39216855, 0.31050633, 0.99939876, 0.47106141, 0.29751769,
        0.13250604],
       [0.71868438, 0.46609765, 0.25289518, 0.0531698 , 0.00705211,
        0.79901854]]), array([[6.50865459e-01, 9.75483419e-02, 3.63694085e-01, 1.66026273e-01,
        9.51044988e-01, 5.90025638e-01],
       [4.47858683e-01, 1.60585361e-01, 7.10980800e-01, 2.67354789e-04,
        3.79060091e-02, 4.92453661e-01],
       [2.89898642e-01, 2.70401145e-01, 5.77536999e-01, 7.78493644e-03,
        3.28264798e-02, 6.30931887e-01],
       [7.95046553e-01, 1.22577124e-01, 2.64321799e-01, 4.42803737e-01,
        4.71541366e-01, 9.18864720e-01],
       [5.38996307e-01, 2.25392733e-01, 8.12505518e-01, 9.85096442e-01,
        7.48553051e-01, 4.24493604e-01],
       [6.86334395e-01, 9.74871648e-01, 7.79897395e-01, 1.89759154e-02,
        1.06698519e-01, 3.80410003e-01]]), array([[0.30685134, 0.44656817, 0.53036282, 0.34323442, 0.12847407,
        0.46103564],
       [0.27480171, 0.06353225, 0.20867002, 0.7103789 , 0.28470781,
        0.26376968],
       [0.07235708, 0.1936078 , 0.22260451, 0.66877663, 0.31333307,
        0.10573919],
       [0.11057339, 0.94414011, 0.46266025, 0.67019088, 0.25124153,
        0.90292142],
       [0.90430927, 0.15684536, 0.79324741, 0.87462702, 0.78989661,
        0.91840231],
       [0.07540227, 0.08938705, 0.01008592, 0.71079509, 0.73912368,
        0.9598884 ]]), array([[0.31130909, 0.26388599, 0.59178633, 0.27395748, 0.15465287,
        0.22222465],
       [0.81770822, 0.34676203, 0.93065091, 0.11062294, 0.03476148,
        0.93670271],
       [0.53983803, 0.93126471, 0.41294381, 0.05006785, 0.05702849,
        0.0267298 ],
       [0.55373767, 0.49279502, 0.91328639, 0.6380121 , 0.82593154,
        0.33498489],
       [0.06693778, 0.82540872, 0.43722362, 0.80188634, 0.40441045,
        0.65674015],
       [0.93146584, 0.26582878, 0.79686467, 0.79948318, 0.07887138,
        0.20602489]]), array([[0.51799398, 0.967735  , 0.51416745, 0.5232684 , 0.37323248,
        0.6147812 ],
       [0.74503434, 0.62450446, 0.16451636, 0.5381413 , 0.70830866,
        0.07352164],
       [0.44610742, 0.11989875, 0.51922057, 0.45264721, 0.06504125,
        0.63619793],
       [0.50038065, 0.31306531, 0.9681227 , 0.89320863, 0.83241222,
        0.98484905],
       [0.97740339, 0.57261238, 0.7558032 , 0.55140885, 0.00348682,
        0.93651614],
       [0.44603667, 0.488311  , 0.18597408, 0.11193543, 0.99721006,
        0.01312267]]), array([[0.80450789, 0.85734815, 0.35087982, 0.31854129, 0.44048654,
        0.79268108],
       [0.36716958, 0.81653602, 0.26659551, 0.79079392, 0.44841378,
        0.03094776],
       [0.66229929, 0.25004925, 0.42495181, 0.18725688, 0.50114192,
        0.13889342],
       [0.63078575, 0.3930342 , 0.66645131, 0.05591377, 0.66505932,
        0.16273429],
       [0.39600305, 0.09691568, 0.19277293, 0.52691272, 0.13185942,
        0.14389092],
       [0.2712311 , 0.86873896, 0.40941589, 0.8966206 , 0.22432835,
        0.9737848 ]]), array([[0.89792936, 0.88596331, 0.12149398, 0.82100889, 0.97680882,
        0.90084431],
       [0.94980173, 0.02416947, 0.83270748, 0.6627064 , 0.07769798,
        0.65299706],
       [0.65332727, 0.20563103, 0.46849697, 0.80824587, 0.08982711,
        0.39682878],
       [0.68232738, 0.90843155, 0.56616252, 0.14214964, 0.25051436,
        0.0036894 ],
       [0.5550071 , 0.46423383, 0.93229612, 0.01592421, 0.7758676 ,
        0.8511274 ],
       [0.40698854, 0.21746995, 0.18470154, 0.60465969, 0.90120609,
        0.71622228]]), array([[0.62412664, 0.71006234, 0.65009461, 0.84028567, 0.07497946,
        0.91252191],
       [0.86755938, 0.86705556, 0.85996791, 0.06908291, 0.90177018,
        0.01343872],
       [0.77892525, 0.29925617, 0.41746248, 0.80276009, 0.25214424,
        0.36885166],
       [0.05164963, 0.77366308, 0.82261157, 0.62638546, 0.3679364 ,
        0.24814828],
       [0.06169104, 0.45024941, 0.56882558, 0.80646897, 0.17514449,
        0.68543372],
       [0.73537032, 0.28850946, 0.07086949, 0.82153551, 0.89296269,
        0.2337739 ]]), array([[0.87040572, 0.69129997, 0.07362576, 0.6957951 , 0.95528859,
        0.78799861],
       [0.39884421, 0.98121194, 0.85500844, 0.92417403, 0.37952158,
        0.7662324 ],
       [0.54731258, 0.89580918, 0.75176941, 0.49410528, 0.10208528,
        0.34616672],
       [0.87306515, 0.53546637, 0.40281728, 0.82224719, 0.17554362,
        0.85497352],
       [0.22781979, 0.26314859, 0.19344904, 0.08302523, 0.07852713,
        0.47247989],
       [0.53131141, 0.61179329, 0.05086939, 0.66487761, 0.42277284,
        0.03374974]]), array([[0.88041659, 0.76100606, 0.56243609, 0.27968927, 0.39962925,
        0.93476813],
       [0.61166186, 0.19230437, 0.74771234, 0.3364089 , 0.97619272,
        0.15009102],
       [0.73364062, 0.10788845, 0.15486383, 0.17911722, 0.90493404,
        0.45084563],
       [0.72493756, 0.06751083, 0.36744347, 0.05217582, 0.48617283,
        0.97160423],
       [0.4109786 , 0.68807372, 0.49571146, 0.86295532, 0.13041498,
        0.87041108],
       [0.69230308, 0.35150517, 0.04537254, 0.28648155, 0.47093588,
        0.70941974]]), array([[0.69103029, 0.25090263, 0.85025851, 0.10591967, 0.68247501,
        0.65585786],
       [0.6445443 , 0.18840729, 0.13766465, 0.27970711, 0.05404411,
        0.99889816],
       [0.21044776, 0.39609442, 0.30499904, 0.0318524 , 0.10822001,
        0.92758163],
       [0.32161564, 0.98677811, 0.76494394, 0.03850418, 0.97755063,
        0.54613394],
       [0.1876138 , 0.34655965, 0.6642056 , 0.63483321, 0.52972399,
        0.74301669],
       [0.21128339, 0.35543164, 0.30263507, 0.92895967, 0.79872656,
        0.47857977]]), array([[0.29862382, 0.50481349, 0.79667686, 0.27752211, 0.38733234,
        0.66675931],
       [0.8118479 , 0.28228238, 0.75999134, 0.21446884, 0.91833368,
        0.69223748],
       [0.35744668, 0.44216064, 0.0809473 , 0.1861072 , 0.03796547,
        0.05775263],
       [0.26425106, 0.20716232, 0.02304993, 0.1745398 , 0.49517353,
        0.73336885],
       [0.92685482, 0.25886197, 0.77507455, 0.80248011, 0.92177397,
        0.47022288],
       [0.04256534, 0.93186537, 0.39902981, 0.43127182, 0.84815846,
        0.21501175]]), array([[0.56249707, 0.10787137, 0.14641688, 0.81575663, 0.87307267,
        0.12378317],
       [0.38612131, 0.90398902, 0.30009677, 0.06050861, 0.37554608,
        0.5226109 ],
       [0.02805757, 0.11744482, 0.08971691, 0.51589626, 0.95920261,
        0.72314512],
       [0.6047801 , 0.98736117, 0.81663398, 0.44130018, 0.90339016,
        0.32166081],
       [0.96549493, 0.42248614, 0.40230022, 0.17696937, 0.24090932,
        0.22045537],
       [0.6307101 , 0.27858433, 0.39419487, 0.1994233 , 0.6422304 ,
        0.01778522]]), array([[0.12054457, 0.80866618, 0.04331955, 0.62855991, 0.26020594,
        0.25987923],
       [0.68861097, 0.55708958, 0.60889655, 0.05296348, 0.33516722,
        0.20184714],
       [0.71048395, 0.61186835, 0.58323047, 0.52790701, 0.16540098,
        0.26878402],
       [0.7875998 , 0.46020853, 0.98147984, 0.28393027, 0.08322552,
        0.75254162],
       [0.8911793 , 0.13859809, 0.22334874, 0.36278111, 0.20372817,
        0.39560944],
       [0.29943286, 0.04242479, 0.29964704, 0.73536295, 0.25878121,
        0.79328392]]), array([[0.21365364, 0.86737539, 0.38908662, 0.84593052, 0.67146416,
        0.91522702],
       [0.13577096, 0.7156486 , 0.47154872, 0.54518164, 0.84100595,
        0.65982999],
       [0.3501982 , 0.88249307, 0.99820885, 0.19781328, 0.04573306,
        0.13644151],
       [0.68390179, 0.40782599, 0.42126921, 0.34332709, 0.7939479 ,
        0.2804593 ],
       [0.70290215, 0.8800008 , 0.07920954, 0.14349605, 0.50075896,
        0.26393265],
       [0.91101272, 0.1324218 , 0.20769685, 0.21529055, 0.38238195,
        0.6328862 ]]), array([[0.80793512, 0.87006343, 0.9250304 , 0.99014561, 0.42915634,
        0.91716513],
       [0.1527954 , 0.81999656, 0.57906014, 0.58701555, 0.60339489,
        0.36252997],
       [0.72961466, 0.04993284, 0.28411928, 0.4533747 , 0.85006536,
        0.8664911 ],
       [0.74683553, 0.31409713, 0.99645663, 0.0725605 , 0.43979158,
        0.89041083],
       [0.9800813 , 0.08291846, 0.28498204, 0.30890363, 0.0198871 ,
        0.59692961],
       [0.78789271, 0.09651929, 0.45463257, 0.67575227, 0.32125506,
        0.03298124]]), array([[0.75938283, 0.74272608, 0.33157465, 0.12993428, 0.32373417,
        0.95144313],
       [0.52270464, 0.82089819, 0.94177877, 0.09355812, 0.36127063,
        0.14897857],
       [0.28445379, 0.51700655, 0.94925996, 0.81098684, 0.58339182,
        0.62677328],
       [0.71854468, 0.66975284, 0.27962251, 0.41124169, 0.40975098,
        0.25889286],
       [0.67027491, 0.99709722, 0.61156465, 0.75702052, 0.11337725,
        0.06942383],
       [0.0129948 , 0.54660519, 0.25270305, 0.54583867, 0.75809363,
        0.51673516]]), array([[0.34455786, 0.68739562, 0.76539004, 0.38891767, 0.6136877 ,
        0.17019265],
       [0.98629333, 0.87603536, 0.35561876, 0.66215872, 0.04742562,
        0.1601052 ],
       [0.34962176, 0.03792202, 0.20347679, 0.90345713, 0.48545149,
        0.63879848],
       [0.13693626, 0.90870496, 0.98633058, 0.98437042, 0.11009641,
        0.26226131],
       [0.36224942, 0.96771786, 0.86642511, 0.5123963 , 0.43060101,
        0.01780863],
       [0.10646339, 0.16070023, 0.48878238, 0.8773315 , 0.43445791,
        0.21848581]]), array([[0.39564239, 0.61045023, 0.93803181, 0.17566358, 0.1165998 ,
        0.25394641],
       [0.21146904, 0.25606822, 0.91575689, 0.82453853, 0.32100697,
        0.55133197],
       [0.41782408, 0.37683495, 0.37506291, 0.26571926, 0.33361317,
        0.16982831],
       [0.75341454, 0.2872849 , 0.69984637, 0.1466225 , 0.16616325,
        0.05544942],
       [0.51000835, 0.59306074, 0.11596494, 0.5359012 , 0.61066003,
        0.57684824],
       [0.48835822, 0.79442012, 0.44446381, 0.93332997, 0.0615107 ,
        0.96011505]]), array([[0.72144941, 0.00770432, 0.62486115, 0.60672059, 0.75263662,
        0.69092947],
       [0.20706914, 0.21735218, 0.23563723, 0.44107976, 0.66273859,
        0.4823431 ],
       [0.2224119 , 0.77742213, 0.31357001, 0.03402932, 0.31539429,
        0.30555907],
       [0.28608472, 0.05987885, 0.93535052, 0.93102709, 0.32134986,
        0.01178066],
       [0.99558181, 0.32460913, 0.18665621, 0.76579557, 0.95280894,
        0.98411221],
       [0.7149243 , 0.19783146, 0.98904688, 0.39307017, 0.70303649,
        0.51071844]]), array([[0.50099504, 0.81111539, 0.97796018, 0.2219457 , 0.90792941,
        0.65415025],
       [0.29927367, 0.77256639, 0.90488826, 0.65488503, 0.02041997,
        0.09480169],
       [0.84362316, 0.12064168, 0.33719576, 0.12553587, 0.37186746,
        0.19596938],
       [0.64292047, 0.07164285, 0.79578105, 0.12291828, 0.24595855,
        0.91565449],
       [0.4975905 , 0.89509006, 0.93685788, 0.42915393, 0.07722511,
        0.73920749],
       [0.28755442, 0.52227939, 0.13259333, 0.76648104, 0.34136172,
        0.86883904]]), array([[0.35721877, 0.68709734, 0.81581653, 0.7681764 , 0.65583743,
        0.67682311],
       [0.17276311, 0.02535199, 0.54682799, 0.0964285 , 0.32313074,
        0.62942071],
       [0.76366515, 0.95981516, 0.95331855, 0.41585681, 0.51655422,
        0.91093656],
       [0.87058796, 0.53168592, 0.58409475, 0.46659006, 0.13713798,
        0.92652826],
       [0.86934368, 0.08798399, 0.80020487, 0.2831369 , 0.66222451,
        0.66403702],
       [0.11752974, 0.03760767, 0.08005638, 0.85225775, 0.50646156,
        0.84225413]]), array([[0.63700785, 0.41768969, 0.07381006, 0.34756398, 0.74416589,
        0.49915072],
       [0.04874775, 0.66514897, 0.19822511, 0.33551774, 0.69919005,
        0.58839639],
       [0.61967008, 0.40328943, 0.54386775, 0.73237851, 0.44798961,
        0.01035961],
       [0.13655048, 0.77461179, 0.01040681, 0.28032559, 0.58821585,
        0.92660145],
       [0.20970508, 0.80921948, 0.78126328, 0.67573476, 0.46673344,
        0.36066957],
       [0.09769352, 0.23402633, 0.30077651, 0.27298141, 0.03509815,
        0.77568758]]), array([[0.93824556, 0.7562818 , 0.02542186, 0.64788556, 0.97263113,
        0.21970856],
       [0.17394653, 0.43252158, 0.33826519, 0.61856574, 0.23115204,
        0.21113324],
       [0.8826058 , 0.82435249, 0.03361992, 0.76619639, 0.65339607,
        0.87950268],
       [0.34005606, 0.03776908, 0.08658983, 0.89106081, 0.49198641,
        0.32276484],
       [0.25144437, 0.64573681, 0.0881601 , 0.72000871, 0.67393649,
        0.0254311 ],
       [0.79836777, 0.31800686, 0.93632433, 0.57103255, 0.54445244,
        0.29754732]]), array([[0.25440667, 0.68968278, 0.37797448, 0.67672302, 0.29017668,
        0.03793483],
       [0.32318328, 0.30789134, 0.02849444, 0.90928364, 0.33331736,
        0.84299077],
       [0.00396155, 0.34883875, 0.32999349, 0.44928474, 0.35435719,
        0.06149335],
       [0.02874354, 0.79716703, 0.83034591, 0.40428863, 0.01808301,
        0.6838593 ],
       [0.24382571, 0.2614576 , 0.52951024, 0.49091543, 0.07157782,
        0.30579423],
       [0.65070142, 0.90776514, 0.19864075, 0.51241805, 0.04510272,
        0.67625862]]), array([[0.7012187 , 0.23847065, 0.11617126, 0.65667479, 0.13321778,
        0.23684311],
       [0.69108584, 0.00494275, 0.79411482, 0.18395539, 0.18309236,
        0.55415306],
       [0.85220863, 0.5888629 , 0.39230895, 0.25865656, 0.85599877,
        0.94463655],
       [0.861508  , 0.87869267, 0.16323939, 0.03522589, 0.50646722,
        0.44720904],
       [0.52351021, 0.1168024 , 0.87341898, 0.19547543, 0.16210967,
        0.97666222],
       [0.3955764 , 0.41812239, 0.72928719, 0.84214678, 0.48329782,
        0.92940191]]), array([[ 0.1499303 ,  0.27224293,  0.01727076, -0.02578429,  0.8420574 ,
         0.85633318],
       [ 0.63318025,  0.549187  ,  0.80232093,  0.09811495,  0.50560146,
         0.77826143],
       [ 0.0701151 ,  0.00416077,  0.04912895,  0.80305983, -0.13363124,
        -0.13681297],
       [ 0.63507027, -0.04893249,  0.09174676,  0.34877008,  0.73569955,
        -0.01161374],
       [ 0.37909461,  0.53243951,  0.7889757 ,  0.44591244,  0.74634777,
         0.40703435],
       [ 0.30740919,  0.49093698,  0.76332293,  0.46862565,  0.59110368,
         0.31029903]]), array([[ 0.70553559,  0.44794113,  0.28011414,  0.43367634,  0.5259377 ,
         0.34689362],
       [ 0.03960269, -0.84549332, -0.20952149, -0.07921544, -0.82055368,
        -0.76852256],
       [-0.62351014, -0.4359531 ,  0.28037832,  0.1129406 , -0.0887455 ,
        -0.58908692],
       [ 0.97552719,  0.22465406,  0.61186492,  0.99460426,  0.9332714 ,
         0.40790087],
       [ 0.90957333,  0.67618139,  0.04752086,  0.54293973,  0.76499573,
         0.59561908],
       [-0.25529673, -0.70888944, -0.66466774, -0.5257911 , -0.32783327,
        -0.40755358]]), array([[-1.01060163,  0.11129974, -0.38483518, -0.92350194, -0.83908303,
        -0.38797275],
       [-0.70000457,  0.31690731, -0.49591465, -1.32298881, -0.75221492,
         0.01644177],
       [-0.6778426 , -0.31718316,  0.09036052, -0.98323975, -1.23585761,
         0.17439074],
       [-0.7609398 , -0.07042716, -0.06092908, -0.65067006, -1.44417185,
        -0.18302449],
       [-0.39316954, -0.02287695,  0.10494062, -1.58495384, -0.88189468,
        -0.30336392],
       [-0.4852482 , -0.55033479,  0.01818769, -1.53150335, -0.8080941 ,
         0.0923792 ]]), array([[-1.57461811, -1.58362279, -1.63629007, -1.61657428, -1.64673631,
        -1.62223627]])] 
 0.5, 
 1e-19, 
 10000