error: 9.984487745252995e-10 
 weigths: [array([[ 0.78574912,  0.86613717,  0.479573  ,  0.60886597,  0.46419574,
         0.22785055],
       [-1.46175804, -2.39150736,  0.13799414, -0.91960055, -2.04108721,
         0.97398826],
       [-1.43357184, -2.15549957,  0.10997659, -0.67065794, -2.42847669,
         1.20338372],
       [-1.23169681, -1.35809312, -0.56649462, -1.05783574, -0.92308667,
        -0.12285876],
       [ 0.79838835,  1.21872987, -0.01443539,  0.27950882,  0.43371716,
         0.21030271],
       [-0.91296213, -0.34448789,  0.0306539 , -0.18567166, -0.64214878,
         0.06981011],
       [ 0.19707266,  0.78511884,  0.43238953,  0.28576962,  0.32721368,
         0.38780384],
       [ 0.89637804,  1.38572312,  0.06264905,  1.25053775,  1.24298435,
        -0.53673217],
       [ 0.45776315,  0.85571231,  0.22805444,  1.01823422,  0.81519152,
         0.12237651],
       [-0.16320951,  0.45107578,  0.46994415,  0.49464001,  0.26708858,
         0.63601408]]), array([[ 0.78231307,  0.38952485,  0.62484403,  0.80713334,  1.01848767,
         0.60644468,  1.07154235,  0.88151295,  0.98747553,  0.73554279],
       [ 0.15040168,  1.13332158,  0.71274539,  0.94830707,  0.60385958,
         0.85676596,  0.4353638 ,  0.77132709,  1.01923105,  1.09595755],
       [ 0.49406886, -4.13938456, -5.00158576, -2.02531353,  0.21842016,
        -1.16589955,  0.16364109,  1.2365193 ,  0.97249732, -0.0270151 ],
       [ 0.96446674,  1.13858042,  0.84950904,  0.87526202,  1.07704556,
         0.48639094,  1.10427424,  0.87367843,  0.81784142,  0.54509308],
       [ 1.09725944, -6.74612653, -7.19029861, -2.95700221,  0.38933134,
        -1.04486164,  0.41294086,  1.69782173,  0.5729166 , -0.01495009],
       [ 0.29544405,  1.06193106,  1.01691385,  0.96848871,  0.88331488,
         0.66658504,  0.45460076,  0.26122875,  0.87523257,  1.09115437],
       [ 0.0310517 , -3.98224632, -4.17094303, -1.57888046,  0.91021969,
        -0.3818685 , -0.06937654,  0.98306836,  0.40917511,  0.15474906],
       [ 0.25606808,  1.19414727,  0.31952127,  1.19323989,  0.7656543 ,
         0.54360708,  0.84459563,  1.14730899,  0.93022664,  0.90471565],
       [ 0.51148522,  0.74116401,  0.79384786,  0.33309081,  0.71869887,
         1.14942244,  0.65559355,  0.52145342,  0.95143132,  0.98573303],
       [ 0.95511616,  0.41495543,  0.18707378,  0.93704294,  0.82702699,
         0.39556435,  0.81107004,  0.42147191,  0.70283901,  0.2152199 ]]), array([[-1.60133247, -1.71547344,  5.53886208, -2.30031025,  8.31079775,
        -1.85100048,  4.68897665, -1.90342326, -1.58266695, -0.93493658]])] 
 0.5, 
 1e-09, 
 1000