error: 9.872823498790867e-10 
 weigths: [array([[ 0.72543021,  1.13766918, -0.10530812,  0.89679134,  0.99537743,
        -0.36797751],
       [-0.05595444,  0.49130194,  0.47720348,  0.15155631,  0.49460143,
        -0.09482325],
       [-1.38865085, -2.06453414, -0.20735131, -1.02235276, -1.53915327,
         0.41012366],
       [ 0.26243914,  0.50503421,  0.29238507, -0.06934995,  0.16395227,
         0.36120765],
       [ 0.91289106,  1.95169385, -0.49403097,  1.79630966,  1.52653778,
        -1.15116808],
       [-1.17515036, -0.3716431 , -0.38533383, -0.49336192, -1.14783344,
         0.08667833],
       [-1.5510258 , -2.35282801,  0.03989697, -0.17717331, -1.98099084,
         0.70392443],
       [-1.16728637, -1.45419983, -0.55903465, -0.42001589, -1.56173741,
         0.25315872],
       [ 0.70460849,  1.49732344, -0.29060684,  1.53312689,  1.85135678,
        -1.20617899],
       [ 0.25208105,  0.51705384,  0.26428933,  0.11188132,  0.22711861,
         0.39550267]]), array([[ 1.11043255,  1.29739348,  0.57974082,  1.32204884,  0.83612002,
         0.93817739,  1.31353916,  0.60493494,  0.64483529,  1.16440038],
       [ 0.77140415,  0.43437101,  0.98064392,  0.50337479,  0.93581889,
         1.15509834,  0.3975886 ,  1.4185201 ,  0.65297924,  0.56645238],
       [ 0.92819648,  0.93091809,  0.59802698,  0.79529064,  1.0475411 ,
         1.34098353,  0.97989135,  0.40246289,  0.97498368,  1.17174814],
       [ 0.64544309, -0.16705897, -4.08395941, -0.07554319,  1.53195669,
        -1.20348256, -4.57607731, -2.33847031,  1.17518913, -0.45794707],
       [ 1.10755493,  1.10727532,  0.27772064,  0.69352472,  1.12530539,
         1.20563481,  0.41013492,  0.83752897,  1.23049475,  1.1558862 ],
       [ 0.97452507,  0.50538214,  0.7633768 ,  0.58673206,  0.92279144,
         1.25501422,  1.2067253 ,  0.57117351,  0.61806364,  0.93649501],
       [ 0.34613386,  0.03779182, -3.63427641,  0.13020501,  1.02659058,
        -1.40809099, -4.13925938, -2.23849036,  1.14340434, -0.03182682],
       [ 0.6059838 , -0.35141856, -4.12179162, -0.3757728 ,  1.57166569,
        -1.53161358, -4.77640186, -2.67720559,  1.38524554,  0.02345011],
       [ 0.61074741,  0.27623893, -1.99679455, -0.53371501,  0.33931104,
        -0.76438722, -2.49317196, -1.60353154,  0.75118713,  0.22533646],
       [ 0.03423256,  0.26160751, -2.16997862,  0.32801471,  0.65159521,
        -1.10389814, -2.19220412, -0.88340172,  0.10619983,  0.36151578]]), array([[-3.39166493, -2.11172097, -2.84057118,  5.45262749, -2.73593538,
        -2.323978  ,  5.01530581,  5.7383185 ,  2.97646817,  2.83876467]])] 
 0.5, 
 1e-09, 
 1000