error: 9.836743092102513e-10 
 weigths: [array([[-1.2236727 , -0.51578443, -0.56268694, -0.71155785, -0.88760059,
        -0.13757989],
       [ 0.63016205,  1.28746839,  0.18400361,  0.38282719,  0.74002185,
        -0.12407905],
       [-1.71578763, -2.36429416,  0.39604186, -0.06570212, -3.21518148,
         1.6723764 ],
       [ 0.77026546,  1.4740435 , -0.12044064,  1.03124751,  1.11695684,
        -0.4370554 ],
       [ 0.67160609,  1.42322587,  0.09318554,  1.49488121,  0.95345364,
        -0.38226024],
       [-1.4055115 , -1.56832176, -0.8869956 , -0.4746342 , -0.8510447 ,
        -0.59465142],
       [ 0.5088445 ,  1.01549855,  0.28911531,  0.69667207,  0.63948691,
        -0.12830055],
       [-0.56094783,  0.36659036,  0.13013979,  0.53660955, -0.49142763,
         0.22414927],
       [-1.25535489, -1.83275914, -0.8317258 , -1.40548892, -0.91661611,
        -0.31852522],
       [ 0.61230592,  0.81404782,  0.00535634,  1.07983064,  0.96781607,
        -0.08218247]]), array([[ 9.70499513e-01, -1.70887969e-01,  2.67223180e-01,
         6.94562554e-01,  7.27425586e-01,  8.46533727e-01,
         3.70330940e-03,  1.16308130e-01,  6.93113323e-01,
         3.82206823e-02],
       [ 1.46717386e+00,  1.14512976e+00,  8.67883085e-01,
         8.37743832e-01,  1.06123478e+00,  1.10359958e+00,
         9.74267444e-01,  1.37772980e+00,  8.44373284e-01,
         5.22578307e-01],
       [ 1.65622368e-01,  5.57292239e-01, -1.03981317e+00,
        -2.56573156e-01,  4.26857448e-02, -3.01133475e-01,
         2.72310619e-01, -1.49399289e-01, -7.37121333e-01,
        -2.24522860e-01],
       [-1.85497772e+00,  8.80910854e-01, -7.82367816e+00,
         1.05098631e+00,  8.42279043e-01, -3.94327707e+00,
         1.04579190e+00, -6.37212618e-01, -4.79450902e+00,
         6.05135160e-01],
       [ 9.13602171e-01,  7.12187503e-01,  1.46479192e+00,
         1.13880396e+00,  8.66318786e-01,  7.87776313e-01,
         4.72472130e-01,  1.29082992e+00,  1.07427252e+00,
         6.27334426e-01],
       [-2.81541279e-01, -2.63623503e-01, -9.96016726e-01,
        -2.02897807e-01,  5.76856863e-01, -8.11174577e-01,
        -1.24785847e-01, -9.22473326e-02, -1.97876081e-01,
         6.47607934e-01],
       [-1.29018874e+00,  2.18679163e-01, -4.38882912e+00,
         9.29070955e-01,  6.75073371e-01, -2.67731329e+00,
         3.54394084e-02,  1.75706020e-01, -2.86610256e+00,
         5.07563487e-01],
       [-6.12450992e-01,  5.89802571e-01, -1.97278256e+00,
         1.29410530e-01,  9.66456846e-02, -1.25713035e+00,
         1.34937281e-01, -2.16718795e-01, -1.07093684e+00,
         3.20707128e-01],
       [-1.15764195e+00,  1.89555861e-01, -5.50638554e+00,
         7.83572041e-01,  1.32638164e+00, -2.74163584e+00,
         4.02027221e-02, -4.94374811e-01, -3.24820141e+00,
         7.35448557e-01],
       [ 1.07260568e+00,  7.31371878e-01,  7.48026463e-01,
         7.90383173e-01,  1.08790911e+00,  8.90652227e-01,
         5.00174929e-01,  8.15319593e-01,  1.30142910e+00,
         1.41717301e+00]]), array([[-1.22638412, -4.49614358,  0.78434727,  7.6480916 , -3.70657396,
         0.84399907,  4.46105421,  1.96311535,  5.24419768, -3.64870105]])] 
 0.5, 
 1e-09, 
 1000