error: 9.86888446235346e-10 
 weigths: [array([[ 0.28565863,  0.29720109,  0.49033858,  1.1618511 ,  0.55197549,
        -0.01344771],
       [ 0.6056548 ,  0.76833939,  0.29914416,  0.01091358,  0.51164212,
         0.11437741],
       [ 0.07882959,  0.83052582, -0.00827113,  0.53263332,  0.48085203,
         0.40567303],
       [ 0.40511154,  0.9196947 ,  0.34689686,  1.19156499,  0.37883258,
         0.1947054 ],
       [ 0.79985031,  1.43673446, -0.07339166,  1.33276291,  0.60895522,
        -0.17439849],
       [ 0.86046725,  1.32380396,  0.02252267,  1.04744197,  0.69712797,
        -0.37248142],
       [-1.17655221, -1.30641205, -0.46145769, -0.67863718, -1.25698667,
         0.35335104],
       [ 0.49073363,  0.78661377,  0.367264  ,  0.51071997, -0.10696273,
         0.06669706],
       [ 0.47146361,  0.14163519, -0.17400294,  0.69668774,  0.68472488,
         0.1477873 ],
       [-1.51840331, -4.5113389 ,  2.49516208, -1.45725863, -3.14681103,
         3.4119367 ]]), array([[ 8.51261561e-01,  8.99418320e-01,  7.35805651e-01,
         1.31177014e+00,  5.74707504e-01,  4.02300268e-01,
         1.08476939e+00,  5.13376882e-01,  7.59429769e-01,
         5.37403409e-01],
       [ 7.32668971e-01,  7.59497220e-01,  1.23945115e+00,
         7.29703994e-01,  2.56580964e-01,  6.20809284e-01,
         1.01909653e+00,  6.63094320e-01,  1.00862810e+00,
         8.12114233e-01],
       [ 1.87951056e-02,  3.65376488e-01,  1.01329733e-01,
        -3.93279882e-01,  4.79590681e-01, -1.40780314e-01,
         1.52679515e-01,  4.33508541e-02,  1.26696412e-01,
        -4.03372771e-01],
       [ 6.16380280e-01, -7.11674783e-04,  2.23911370e-01,
         1.07681554e-01,  9.70844146e-01,  7.96537554e-01,
        -2.91849852e+00,  1.42009536e-01, -2.69918116e-01,
        -8.39205244e+00],
       [ 3.36032454e-01,  1.24234379e+00,  1.14883674e+00,
         8.60472208e-01,  1.25130678e+00,  1.10891280e+00,
         5.67256778e-01,  6.52172074e-01,  5.33469158e-01,
         3.06839157e-01],
       [-7.19385186e-02,  2.20961766e-01, -4.32211038e-02,
         7.66014249e-01,  1.02328186e+00,  1.03384950e+00,
        -3.60186711e+00, -1.12764780e-02,  2.07544010e-01,
        -1.07461307e+01],
       [ 3.85424740e-01, -2.29012684e-01, -6.25147091e-02,
         3.84037402e-01,  5.00348290e-01,  2.43250052e-01,
        -7.01568429e-01,  1.01711891e-01,  2.32516186e-01,
        -3.85202924e+00],
       [ 4.02014273e-01,  7.28530233e-01,  5.16509035e-01,
         8.41153044e-01,  7.35884189e-01,  6.00924273e-01,
         8.09608473e-01,  7.38827362e-01,  1.06869458e+00,
         8.14537074e-01],
       [ 1.32424738e+00,  1.30620723e+00,  8.80988715e-01,
         6.41924694e-01,  5.69408399e-01,  5.74808402e-01,
         1.23052868e+00,  6.79445433e-01,  6.34528176e-01,
         8.26612107e-01],
       [ 7.14571735e-01,  1.01154082e+00,  3.32383768e-01,
         1.04140210e+00,  9.78138865e-01,  9.55193041e-01,
         1.07340139e+00,  4.56579341e-01,  5.16404436e-01,
         5.46265163e-01]]), array([[-1.89301396, -1.92386707,  0.39522913,  6.5613668 , -2.06318748,
         8.37663845,  2.95767231, -1.65407851, -2.4834204 , -1.70577963]])] 
 0.5, 
 1e-09, 
 1000