weigths: [array([[-1.05914573,  2.53729064, -7.55786232,  3.6970739 ,  8.32203116,
        -4.17953822],
       [ 0.81687564,  5.66827901, -3.8013341 ,  0.7918779 ,  2.34028581,
        -3.7826709 ],
       [-0.07808154,  5.62292121, -3.75262142,  1.14199785,  2.63515877,
        -3.5069243 ],
       [-2.41934447,  2.40472768,  4.62617645, -3.54451818,  1.4564395 ,
        -5.40150849],
       [ 0.85376769,  5.39393565, -4.56936936, -0.23185339,  1.63901752,
        -2.56129532],
       [-0.37651864, -6.56049561,  1.19987946, -2.65490916,  6.31909156,
        -6.62344025]]), array([[ 4.21604439e+00,  2.02198647e+00,  2.36962769e+00,
        -1.43766351e+00,  7.87374581e-01,  2.54079179e+00],
       [-6.85845899e+00, -1.58543000e+00, -1.34724980e+00,
         4.03553198e-01, -1.68179905e+00, -2.29091696e+00],
       [ 2.63993082e+00,  5.42017487e+00,  5.08033396e+00,
         4.14876645e+00,  5.46321581e+00,  8.12158803e+00],
       [-2.13284762e+00, -2.62908141e-01, -5.26030532e-02,
        -1.12712385e+00, -4.76814127e-01, -4.14055005e+00],
       [-1.09745854e-02,  1.22057027e-01, -9.58844469e-02,
         2.08183383e-02,  7.18064939e-02, -3.22654765e-03],
       [ 4.01273912e-02, -3.58575082e-01,  2.81612136e-01,
        -7.01586764e-02, -2.43025745e-01,  8.21665258e-03]]), array([[ 2.22666152,  2.25691506,  2.20456809,  2.23708956, -0.01969384,
         0.064202  ]])] 
 0.5, 
 1e-13, 
 10000