error: 9.868429069650727e-10 
 weigths: [array([[ 0.22921515,  1.10779468,  0.09442259,  1.31814777,  0.55934527,
        -0.15269119],
       [ 0.52538217,  0.6631378 , -0.11975269,  1.3421511 ,  0.19464048,
        -0.0488785 ],
       [ 0.28649932,  1.25201008,  0.19670052,  0.42085394,  0.34109268,
        -0.19373186],
       [ 0.9296723 ,  2.09341738, -0.28104561,  1.84056873,  1.3917274 ,
        -0.88641303],
       [ 0.3507909 ,  0.75003636,  0.29964019,  0.60854572,  1.02047845,
        -0.3602182 ],
       [-1.21279451, -1.16254013, -0.60448218, -1.18347194, -1.64316783,
         0.25620095],
       [-1.24767243, -0.7049486 , -0.92906644, -0.23558414, -1.66708823,
        -0.02807188],
       [ 0.65788737,  1.33561876, -0.12142079,  0.62571265,  0.6132921 ,
        -0.14054475],
       [-1.88135813, -2.33547215,  0.40013208,  0.42531157, -2.77946648,
         1.24176149],
       [-1.29601399, -2.0765294 , -0.71913617, -1.61273967, -0.93554308,
        -0.18221964]]), array([[ 1.08695706,  1.27049429,  0.50699095,  0.85370079,  0.48919367,
         0.57929218,  0.70772564,  0.8478139 ,  1.33188541,  1.03012496],
       [ 0.73952028,  0.55359068,  0.16207247,  1.53939051,  0.31582757,
        -3.22694621, -3.00741536,  0.33857139, -5.91555165, -4.52324118],
       [ 0.38106404,  0.81806173,  0.98897659,  1.134164  ,  0.52882518,
         0.53432423,  1.20732461,  1.09295175,  0.97676848,  0.78829239],
       [-0.17678173,  0.43585887, -0.35311998,  0.63539172,  0.16458925,
        -1.15302606, -0.8557793 ,  0.73299063, -2.10304621, -1.87681876],
       [ 0.56319534,  0.83518279,  0.67949031,  0.0180346 ,  0.25830274,
         0.07201242,  0.64365512,  0.77872074,  0.64086485,  0.3197227 ],
       [ 0.58587756,  0.5147869 ,  0.55555138,  1.13208187,  1.27720576,
         0.79410299,  0.35347186,  0.93128574,  0.96116524,  0.53092843],
       [ 0.26732445,  0.01811747,  0.64040661,  1.79689361,  0.83344149,
        -3.47029619, -3.41407199,  0.45970724, -6.74293672, -5.04495734],
       [ 0.44201713,  0.07397399, -0.10815071,  0.49915141, -0.16065339,
        -0.76405601, -0.67151769,  0.61303228, -1.82074604, -2.01845209],
       [ 0.76379106,  0.74923852,  0.42568816,  0.37979279,  1.11537314,
         0.89601428,  1.24849288,  0.40758288,  1.39823191,  1.23590979],
       [ 0.9690158 ,  1.28511605,  1.31071915,  0.65747155,  1.0614839 ,
         0.66228438,  1.04876761,  0.37467907,  0.65766625,  1.33487493]]), array([[-2.41085194,  6.89007454, -2.19828723,  2.65059486, -0.71537144,
        -1.72017127,  7.75179123,  2.51495953, -2.70707387, -2.83959258]])] 
 0.5, 
 1e-09, 
 1000