error: 9.775719493925795e-10 
 weigths: [array([[ 0.45972157,  0.41428307, -0.09420284,  0.77762829,  0.63552458,
        -0.0641047 ],
       [ 0.82850182,  1.12100007, -0.03636169,  1.51448952,  0.78445878,
        -0.31287761],
       [ 0.84928052,  1.00307498, -0.06042068,  1.04830822,  0.9661932 ,
        -0.41953109],
       [-0.6753137 , -0.45152797, -0.60833714, -0.15236205, -0.27591513,
        -0.02602287],
       [-1.46901806, -2.96162487,  0.91369711, -0.84508553, -2.27795314,
         1.64190538],
       [ 0.52366623,  0.99118308,  0.22368866,  0.99853576,  0.52891037,
        -0.05365116],
       [ 0.4606089 ,  0.83726248,  0.10944971,  0.25355438,  0.22004918,
         0.32978668],
       [ 0.44213355, -0.1013818 ,  0.03724623,  0.43139745,  0.41125185,
         0.35818701],
       [ 0.96119751,  1.65964584, -0.2250776 ,  0.55550306,  0.75126127,
        -0.00684296],
       [-1.23373345, -2.05720814,  0.39666379, -1.14525833, -2.11814968,
         1.30960923]]), array([[ 0.20689551,  1.16557918,  0.4047133 , -1.17064426, -6.61286516,
         0.68057396,  0.07845589, -0.37779713,  0.94136444, -5.38325801],
       [ 0.98477474,  1.12759224,  0.97925415,  0.67777495,  1.24221217,
         1.08826391,  0.69940374,  0.77720274,  0.66428362,  0.65358448],
       [-0.27131314, -0.04442446,  0.69059422, -0.13515406, -1.14535779,
        -0.11396532, -0.06387423,  0.18647287,  0.44181959, -1.3230213 ],
       [ 1.1740721 ,  1.03235279,  0.43320417,  1.07676848,  0.71423189,
         0.79223786,  0.81880007,  1.03313815,  1.32673334,  0.43933647],
       [ 0.19515254,  0.49361677,  0.25174101, -0.60501138, -4.27602488,
         0.13486063, -0.07221419,  0.1908943 ,  0.91444748, -3.69111492],
       [ 0.22447678,  0.77066149,  0.82872469, -0.64693621, -3.97042516,
         0.13404417, -0.01678006, -0.44071402,  0.30371298, -2.68912332],
       [-0.01666989,  0.69441579,  0.84663744, -0.95953073, -4.90064434,
         0.42970536,  0.2480646 ,  0.14319534,  0.20824103, -4.39528405],
       [ 0.9301098 ,  0.64107926,  0.96174569,  1.23363544,  1.05083151,
         0.69405904,  0.8739394 ,  0.83937868,  1.32854304,  1.20427331],
       [-0.10179419,  0.24393255,  0.2576024 ,  0.05349168, -2.30838001,
         0.05818555,  0.08994975,  0.14285444,  0.18601221, -1.02548999],
       [ 0.44757122,  1.33931395,  0.75543635,  0.60636755,  1.26549136,
         0.67900255,  1.39330131,  1.41189693,  0.468266  ,  1.42300373]]), array([[ 6.63996522, -3.02093823,  1.32779845, -2.96148597,  4.29909262,
         3.66499625,  5.03860201, -3.69461782,  1.75142054, -3.79508535]])] 
 0.5, 
 1e-09, 
 1000