error: 9.632562339044265e-10 
 weigths: [array([[ 3.15452847e-02,  7.60076980e-01,  1.18605456e-02,
         4.50364585e-02,  4.63084210e-01,  5.14722504e-01],
       [ 8.16953670e-01,  1.07788189e+00,  2.09346313e-01,
         6.24524794e-01,  4.82661541e-01,  5.26815513e-02],
       [ 7.81951733e-01,  1.65664931e+00, -3.10775807e-01,
         9.55443520e-01,  1.11613615e+00, -6.21734315e-01],
       [ 6.18401901e-01,  6.86774154e-01,  2.69456770e-01,
         5.51302224e-01, -7.83620824e-03,  4.65779606e-01],
       [ 7.36123298e-01,  7.19679450e-01,  2.59545728e-01,
         3.41725189e-03,  7.84683094e-01, -3.51529420e-02],
       [ 7.69384452e-01,  1.41166667e+00, -6.66224503e-02,
         9.95171990e-01,  3.59060393e-01, -6.20321924e-02],
       [-1.25885068e+00, -1.84470300e+00, -2.86208320e-01,
        -1.21745194e+00, -5.99446005e-01,  1.77058786e-01],
       [-1.29360717e+00, -3.85133505e+00,  2.07145465e+00,
        -1.00555937e+00, -3.21999973e+00,  3.06155751e+00],
       [ 8.65653734e-01,  9.69861380e-01,  2.37772519e-01,
         1.01660301e+00,  4.50229480e-01, -1.28180518e-01],
       [ 5.40772208e-01,  4.95084039e-01, -2.95542028e-01,
         1.18680920e-01, -9.86626366e-02,  3.30500149e-01]]), array([[ 3.03791436e-01,  6.08737870e-01,  3.53976622e-01,
        -4.49549457e-01, -3.88706055e-03,  7.94209050e-01,
        -1.99516258e+00, -4.75650735e+00,  4.23953104e-01,
        -2.84827162e-01],
       [ 5.14134464e-01,  5.37611227e-01,  1.06306032e+00,
         1.14056332e+00,  8.42810675e-01,  5.48811649e-01,
         9.13791417e-01,  1.07676572e+00,  1.19691444e+00,
         9.78405579e-01],
       [-2.75119634e-01,  4.22785684e-01,  1.10964161e+00,
        -1.15087917e-02,  7.64304623e-02,  4.66374667e-01,
        -3.50334105e+00, -7.44563926e+00,  6.53188025e-01,
         5.52883079e-02],
       [ 9.38494851e-01,  5.86010940e-01,  9.82718034e-01,
         4.04475825e-01,  2.78166681e-01,  6.15951465e-02,
         2.39317154e-01,  7.63499884e-01,  9.47935219e-01,
         9.18999661e-01],
       [-3.52804946e-01,  3.05649640e-01,  1.19079514e+00,
         4.04946735e-01,  1.30982412e-01,  3.83688255e-01,
        -3.01353346e+00, -7.33139965e+00,  6.56834967e-01,
        -4.38499354e-01],
       [ 6.10802185e-01,  6.63808415e-01,  9.38498859e-01,
         1.20619134e+00,  8.09748120e-01,  4.23622565e-01,
         1.14665347e+00,  8.19584281e-01,  1.36389843e+00,
         1.29100842e+00],
       [ 1.01851147e+00,  5.27032159e-01,  5.67853469e-01,
         8.53930321e-01,  5.70252662e-01,  6.44134678e-01,
         1.04409323e+00,  8.16186039e-01,  3.57764381e-01,
         9.66398833e-01],
       [ 1.06675563e+00,  1.08913497e+00,  1.11693481e+00,
         8.15762219e-01,  8.39521330e-01,  1.21653392e+00,
         1.18902303e+00,  7.11732658e-01,  3.16277932e-01,
         8.77952788e-01],
       [ 8.85302763e-02,  3.91610514e-01,  7.39445599e-02,
         3.74030403e-01,  4.85861647e-01,  3.14140016e-01,
        -1.60964312e+00, -3.12818471e+00, -7.64499892e-03,
        -2.04244276e-01],
       [ 1.26944251e+00,  1.01018081e+00,  8.89077428e-01,
         7.19122741e-01,  9.75619995e-01,  6.64663016e-01,
         9.10438602e-01,  1.17764064e+00,  1.20301101e+00,
         5.64418082e-01]]), array([[ 4.27602772, -2.19527117,  6.61033507, -0.95690048,  6.39374828,
        -2.67824117, -1.45924256, -2.53318478,  3.00342897, -2.64915881]])] 
 0.5, 
 1e-09, 
 1000