error: 9.802465880431284e-10 
 weigths: [array([[ 0.15623081,  0.39219575,  0.459044  ,  1.0704599 ,  0.04242866,
         0.28488012],
       [ 0.37267881,  1.2266207 ,  0.55125265,  0.7497221 ,  0.32548295,
         0.17661669],
       [-0.89221093, -2.1660795 , -1.8219787 , -1.98690191, -0.21258017,
        -0.97222053],
       [-1.63828366, -1.09821054, -1.14586267,  0.00630304, -1.67529873,
        -0.45131352],
       [-1.32009102, -0.23464989, -0.86016831,  0.15982394, -1.16871237,
        -0.2865032 ],
       [ 0.3191184 ,  0.85604856,  0.05432054,  0.39578344,  0.25360537,
         0.18087386],
       [-1.33186441, -0.28240613, -1.2528643 , -0.52004829, -1.85635607,
        -0.29682866],
       [ 0.6219958 ,  1.18341123,  0.63625442,  1.31226733,  0.8852583 ,
        -0.10514671],
       [-2.32758766, -1.66138343,  0.17521258,  0.2774628 , -3.76024636,
         1.21751443],
       [ 0.57315508,  1.0467735 ,  0.15739593,  0.03248906,  0.67157827,
         0.0517389 ]]), array([[  0.36306538,   0.53230245,   0.30319417,   0.37802675,
          1.19265788,   0.57138918,   0.39248395,   0.47680841,
          1.15722921,   0.69132766],
       [  0.14074807,   0.38707733,  -2.59157361,  -2.52466139,
         -0.94068619,   0.75399328,  -1.86201582,   0.54289216,
         -3.96789249,   0.59723684],
       [  0.84359362,   1.37733566,  -6.14892281,  -7.22785343,
         -1.83395381,   0.61994401,  -4.81161806,   2.14635983,
        -10.48652001,   1.21466636],
       [  0.02549478,   0.33650026,  -0.23153277,  -0.4143236 ,
         -0.6723352 ,  -0.20898259,  -0.52140239,   0.2333018 ,
         -0.21550349,   0.29270954],
       [  0.16389465,   0.79905617,   1.05251594,   0.60386125,
          0.35248857,   0.24526909,   0.74254805,  -0.11027653,
          1.18718828,   0.83359091],
       [  0.38713898,   0.59214421,   0.21831909,   0.64845863,
          0.87009906,   0.01131993,   0.52618555,   0.30704976,
          0.88103669,   0.4035854 ],
       [  0.59285557,  -0.06168896,   1.00138876,   0.85660035,
          0.24146147,   0.7529506 ,   0.30247778,   0.73570686,
          0.96586825,   0.33273762],
       [  0.33993042,   0.73588201,   0.44298577,   0.40675177,
          0.41898391,   0.75963217,   0.70269381,   1.0547991 ,
          1.27732499,   0.5756593 ],
       [  1.16076459,   1.20962477,   0.8831885 ,   0.63711218,
          1.15824966,   0.67379402,   0.71613921,   1.04850732,
          1.08329018,   0.50152878],
       [ -0.03561796,  -0.01445935,   1.07397335,   1.16018707,
          0.76562822,   0.08665587,   0.71884795,  -0.14770377,
          1.2051671 ,   0.32976568]]), array([[-1.47777801,  4.06208926, 11.04523497,  0.59049701, -1.66172067,
        -1.17119571, -1.39422736, -1.68238985, -2.78082666, -1.82469923]])] 
 0.5, 
 1e-09, 
 1000