error: 9.850503488907408e-10 
 weigths: [array([[ 0.59722   ,  0.28621066,  0.40891534,  0.47015713,  0.21033976,
         0.36934085],
       [ 0.15654239,  0.33540597, -0.15453065, -0.15468841, -0.43720151,
         0.5125306 ],
       [ 0.51392278,  1.14910296,  0.32634731,  0.59860164,  0.38096811,
         0.14114909],
       [-1.53844463, -2.75085747,  0.61037852, -0.74309823, -2.11807507,
         1.34562884],
       [-1.1158391 , -0.7019089 , -0.79942565, -0.62047335, -1.31864409,
        -0.02810186],
       [ 0.97768261,  1.64073126, -0.16821421,  0.59843045,  1.08549517,
        -0.40380951],
       [-1.37498601, -2.12414485,  0.26896112, -1.24432224, -1.87355784,
         1.0433475 ],
       [ 0.72119632,  0.73447199,  0.10409209,  0.65888265,  0.21796248,
         0.48637461],
       [ 0.65206349,  1.04884826, -0.03022251,  1.04161271,  1.23440198,
        -0.3791712 ],
       [ 0.69677603,  0.80145895,  0.20976754,  0.77370788,  1.07214745,
        -0.218161  ]]), array([[ 0.24622803, -0.34396376,  0.76350948, -5.55685784, -2.34660658,
         1.1674829 , -4.81530859, -0.17282091,  0.45972483,  0.67082374],
       [ 1.14332434,  1.14695367,  0.83962417,  1.06658001,  0.90867073,
         1.26249786,  1.17348712,  0.783096  ,  0.51038046,  0.37150035],
       [ 0.58626332,  1.3009734 ,  0.57173357,  0.4284545 ,  1.23857752,
         0.85751085,  0.56634866,  0.81985795,  0.92049456,  1.03125718],
       [ 0.02067764, -0.44531667,  0.04607644, -4.68081852, -2.14011512,
         0.37199638, -3.91554471,  0.53010106,  0.93811511,  0.87640955],
       [ 1.29336028,  1.12537416,  0.53290262,  1.08225005,  0.95733708,
         0.48464176,  1.13879161,  0.60711789,  1.04713368,  0.67975659],
       [-0.08404227,  0.24385389,  0.35097121, -2.03113633, -1.26363093,
         0.49253089, -2.16642989, -0.13520502,  0.68168623, -0.11185222],
       [ 0.04309695, -0.61335912,  0.1630139 , -4.35552391, -2.40932841,
         0.93522117, -4.21976253,  0.41282183,  0.92919907,  0.46771775],
       [ 0.09744231, -0.31386175, -0.01976537, -2.40455237, -1.02333606,
         0.72035709, -2.52133169,  0.52474915,  0.10416919,  0.29527918],
       [ 0.53954122,  0.86108561,  1.44903847,  0.79052426,  1.38402913,
         1.33773862,  0.61547749,  0.71041981,  0.52267528,  0.57737274],
       [ 0.97197927,  0.55698464,  0.79407293,  0.82108168,  0.52601352,
         1.1496539 ,  0.43305862,  1.19721027,  1.26129494,  0.74006151]]), array([[ 6.16344643, -2.98470004, -2.32771504,  5.15180767, -2.86262941,
         2.63108915,  5.20557674,  2.90961251, -2.68236455, -2.41092303]])] 
 0.5, 
 1e-09, 
 1000