error: 9.88337270824278e-10 
 weigths: [array([[-2.32482423e-01, -9.07112007e-05, -5.08711435e-01,
        -9.62211669e-02,  1.07831877e-01,  5.12593863e-01],
       [ 3.88046726e-01,  9.76671087e-01,  2.21977996e-02,
         9.40669191e-01,  3.29828764e-01,  1.52490932e-01],
       [ 5.95072723e-01,  8.55353892e-01,  2.14770310e-02,
         9.83519127e-01,  8.40223985e-01, -7.26067824e-02],
       [-5.61353345e-01, -1.00998698e+00, -1.94365866e-01,
        -1.04550634e+00, -7.19282236e-01,  3.74519615e-01],
       [-1.55819805e+00, -4.88595955e+00,  2.70275003e+00,
        -1.06250061e+00, -3.42579509e+00,  3.60615361e+00],
       [ 6.12445373e-01,  6.82325470e-01, -1.00573420e-01,
         1.29682213e+00,  1.55843738e-01, -1.37186606e-02],
       [ 7.88614131e-01,  1.23510521e+00, -1.13666470e-01,
         7.85134653e-01,  2.17025101e-01, -8.65594606e-02],
       [ 8.44198076e-01,  1.61226076e+00, -4.16989572e-01,
         1.48762075e+00,  1.12133400e+00, -8.82830998e-01],
       [ 4.97107020e-01,  1.18274771e-01,  3.18814899e-01,
         7.26452266e-01,  5.44473415e-01,  1.59684367e-01],
       [ 6.25824089e-01,  1.08835029e+00,  1.28050100e-01,
         9.20491366e-01,  1.04648761e+00, -4.44235236e-01]]), array([[  0.8009519 ,   0.53210601,   1.37707822,   0.96090395,
          1.06260821,   0.84465624,   0.43216965,   0.54296673,
          0.74446408,   1.39598386],
       [ -0.92610648,   0.29350934,   0.3495816 ,  -2.36122131,
        -10.18222611,   0.33070407,   0.31957648,   1.47944062,
          0.24807874,   0.74154162],
       [  0.38237303,   1.05418806,   1.12441265,   0.79104904,
          0.70629052,   1.14431972,   0.75647181,   0.47245949,
          1.14897815,   0.97362268],
       [ -0.11930367,   0.40378691,  -0.13251182,   0.03391968,
         -2.14261781,  -0.10172744,   0.37954077,   0.25076213,
          0.30405557,   0.18497597],
       [  0.40007483,   0.02322631,   0.26761819,   0.21514354,
         -2.06423278,  -0.14313669,  -0.20604532,   0.19407172,
          0.07858772,   0.50742493],
       [  1.1044295 ,   1.05502013,   0.91173073,   0.97095219,
          0.98273102,   1.15902316,   0.3220782 ,   0.63436505,
          0.41232257,   1.06884416],
       [ -0.17220007,   0.15539251,   0.29622383,  -0.43848035,
         -4.41849059,   0.20955719,   0.26639245,   0.68106827,
          0.08239444,   0.08132385],
       [  1.11700957,   0.9393586 ,   1.16815327,   1.08743273,
          1.06387005,   1.01689554,   0.86692261,   0.85180279,
          0.60238165,   1.1625459 ],
       [  1.2552607 ,   1.01669911,   1.22091682,   1.02412016,
          0.86435316,   0.40062274,   0.80826923,   0.61953606,
          0.4552276 ,   1.12486023],
       [ -0.66024231,   0.09407276,   0.72348853,  -1.17497228,
         -7.59318233,   0.17047089,   0.34580873,   0.94152927,
         -0.35223497,   0.81856064]]), array([[-2.53158321,  7.85001342, -2.39738568,  1.77160193,  1.55526758,
        -2.36510257,  3.4220385 , -3.27395216, -2.52720305,  5.80518674]])] 
 0.5, 
 1e-09, 
 1000