error: 9.95310168736225e-10 
 weigths: [array([[ 6.10475176e-01,  7.05535042e-01,  2.38057653e-01,
         8.44068861e-01,  1.20243102e+00, -2.52246561e-01],
       [-6.94327996e-02,  7.65017080e-01, -4.19596284e-01,
         1.90471197e-01, -5.45047076e-01, -5.75295488e-02],
       [ 4.60752315e-01,  4.54084969e-01, -5.84450617e-02,
         7.93955428e-02,  4.20979432e-01, -3.06452330e-04],
       [ 2.55691826e-01,  9.18031517e-01,  3.30790082e-01,
         3.00279097e-01,  3.82056596e-01,  5.26067300e-01],
       [ 7.56320756e-01,  9.64242705e-01,  3.72096191e-01,
         1.26151287e+00,  1.06095616e+00, -2.18570562e-01],
       [ 8.12129272e-01,  1.35264035e+00,  3.97503814e-01,
         8.63405607e-01,  3.82586952e-01,  1.92914356e-01],
       [-1.45177618e+00, -2.81057049e+00, -2.92117023e-01,
        -1.52753343e+00, -1.87017044e+00,  7.47534595e-01],
       [-1.76727122e+00, -1.82744909e+00, -4.78102226e-01,
        -1.04302209e-01, -1.61456085e+00, -1.80942916e-03],
       [-1.09752861e+00,  2.29308290e-01, -1.13224638e+00,
        -6.81962849e-01, -1.65465290e+00, -1.37844693e-01],
       [-1.49283451e+00, -6.50955335e-01, -6.54845620e-01,
        -1.72870868e-01, -2.09699137e+00,  2.12385385e-01]]), array([[ 9.55870289e-01,  6.06154869e-01,  5.30452640e-01,
         7.06950649e-01,  2.07169407e-01,  6.76447060e-01,
         1.06119422e+00,  1.20365466e+00,  9.35651039e-01,
         3.25112818e-01],
       [-4.09148176e-02,  3.30945563e-02, -3.42046665e-01,
         2.26782822e-01, -1.92591566e-01,  4.17397413e-02,
        -1.83719223e-01,  6.15366153e-01,  7.80177315e-01,
         3.78686485e-01],
       [ 3.64311757e-01,  1.16683047e+00,  1.04608993e+00,
         9.63515287e-01,  1.12038440e+00,  1.02291330e+00,
         5.51009177e-01,  6.45002313e-01,  6.87387140e-01,
         5.07661107e-01],
       [ 6.78735628e-01,  7.97738261e-01,  6.60744306e-01,
         4.68257297e-01,  1.27566291e-02,  6.58387261e-01,
         5.45396476e-01,  6.76928457e-01,  2.71410240e-01,
        -1.07514440e-02],
       [ 4.31042244e-01,  4.15500477e-01,  9.76439063e-01,
         6.86833965e-01,  8.80556850e-01,  7.37210686e-01,
         1.02152684e+00,  9.32918780e-01,  7.49884782e-01,
         1.13557329e+00],
       [ 8.94495062e-01, -6.71846554e-01,  5.64307113e-01,
         5.79061435e-01,  1.50924151e+00,  1.01305918e+00,
        -7.02691333e+00, -6.08118948e+00, -2.76903937e+00,
        -4.52091926e+00],
       [ 3.85789964e-01,  6.20127349e-01,  4.53703153e-01,
        -1.32334247e-01,  4.20141632e-01, -1.87617814e-01,
        -1.53041971e-01,  7.24510690e-01, -2.41720629e-03,
         7.41746020e-01],
       [ 1.17128542e+00,  9.32007919e-03,  1.43405531e-02,
         5.60172094e-01,  1.11774690e+00,  1.09765233e+00,
        -6.85497111e+00, -6.45621458e+00, -2.22085495e+00,
        -4.37950665e+00],
       [ 8.51940663e-01,  6.64145584e-01,  7.35723127e-01,
         8.61745265e-01,  3.48581077e-01,  5.75375452e-01,
         5.56256577e-01,  7.88914975e-01,  9.04000619e-01,
         6.48158338e-01],
       [ 1.09376399e+00,  6.92045687e-01,  4.73279815e-01,
         1.27437284e+00,  8.01996552e-01,  6.36777387e-01,
         9.35251894e-01,  6.54589872e-01,  4.00457985e-01,
         8.34908860e-01]]), array([[-1.8582877 , -0.48039201, -2.02195188, -0.84066108, -2.05868076,
         8.25792072, -0.47615581,  8.13785539, -1.51784306, -2.01314494]])] 
 0.5, 
 1e-09, 
 1000