error: 9.833351950355347e-10 
 weigths: [array([[-1.39437235e+00, -1.92096026e+00, -2.78562604e-01,
        -1.12600284e+00, -1.21601738e+00,  8.31234490e-02],
       [ 6.02378516e-01,  4.58305061e-01,  7.57606479e-02,
         6.28775863e-01,  4.88335703e-01,  3.50808369e-01],
       [-1.16240959e-02,  1.07103807e+00, -8.81446516e-02,
         4.34282193e-04,  4.59244598e-01,  1.17273726e-01],
       [ 6.14685486e-01,  3.97612579e-01,  4.49350407e-01,
         1.05553240e+00,  9.84074731e-01, -2.78136884e-01],
       [ 5.17099435e-01,  1.76536068e-01,  2.19271064e-01,
         8.42803351e-01,  3.25041773e-01,  4.58374503e-01],
       [-1.56572205e+00, -3.86139375e+00,  1.53001993e+00,
        -1.02179632e+00, -3.34669768e+00,  2.76661258e+00],
       [ 6.43034117e-01,  7.22079480e-01,  3.82241953e-01,
         8.99567148e-01,  1.70311836e-01,  1.81788872e-01],
       [ 5.06471508e-01,  5.04779754e-01,  4.15799087e-01,
         9.54297480e-01,  9.24187146e-01, -1.42424753e-03],
       [-9.72251562e-01, -1.17231324e-01, -2.41996986e-01,
        -6.11374897e-01, -3.69585861e-01,  2.44586158e-01],
       [ 6.98822003e-01,  1.10108490e+00,  2.13663097e-01,
         1.29682060e+00,  7.42975737e-01, -1.40864323e-01]]), array([[-5.49793567,  0.05672359,  0.16347381,  1.04065967,  0.26308779,
        -8.77666537,  0.1592394 ,  0.62601353, -1.04334796,  1.24269007],
       [ 1.11201172,  0.43686802,  0.99423311,  0.66263838,  0.73663072,
         0.48154329,  0.87109286,  0.46251952,  0.81437024,  1.01151631],
       [ 1.02692341,  0.47202749,  1.09137752,  1.22600714,  0.55600254,
         0.63200997,  0.64418253,  0.90594741,  0.72784029,  0.90756368],
       [-0.16849207,  0.28492693,  0.08673718,  0.4942539 ,  0.05255817,
         0.07739097, -0.36606686,  0.50626264,  0.24998263,  0.57135356],
       [ 0.83846352,  0.20504848,  1.03776085,  0.38144264,  0.70914525,
         0.92023481,  0.41374267,  1.0727684 ,  0.73613606,  0.49825834],
       [ 0.39264811,  0.52274831,  1.02121946,  1.32599764,  0.98130442,
         0.3906262 ,  1.14174374,  1.25333046,  1.33856284,  0.6028431 ],
       [ 0.29535365,  0.8140208 ,  0.32832941,  0.43181204,  0.85824398,
         0.87728735,  0.79977196,  0.9897798 ,  0.5069574 ,  0.81410652],
       [-6.01875333,  0.72161167, -0.11539119,  0.49296938,  0.32451739,
        -9.01015116,  0.75275683,  0.8762041 , -1.28431893,  0.78065424],
       [-0.80518559, -0.40251836, -0.18060401,  0.56640991,  0.04060988,
        -1.19475051,  0.32775465,  0.07457045, -0.00973563,  0.33018519],
       [ 0.25573999,  0.96209312,  0.81555464,  0.96258474,  1.13858874,
         0.30775819,  0.4889481 ,  0.96152635,  1.24099177,  1.1534131 ]]), array([[ 7.84468836, -1.64200551, -2.02013061,  0.0358076 , -1.49244229,
        -2.64028846, -1.3910904 ,  8.23419849,  1.09167961, -2.14785688]])] 
 0.5, 
 1e-09, 
 1000