weigths: [array([[-1.23072364,  0.51892572, -1.95071477, -0.13150397, -3.48279185,
        -0.68723505],
       [ 0.00793089, -0.44095116, -0.02044069,  0.78822129,  1.35226378,
        -0.64359598],
       [-1.14521353,  0.37502429, -2.41320595,  0.23307729, -1.08651479,
        -1.16764457],
       [-1.08713817,  1.2064595 , -2.30672941, -0.30056785, -2.97992923,
        -1.03504793],
       [ 0.88944921,  0.05958066,  0.81824914,  0.86338074,  1.75482253,
        -0.3467031 ],
       [ 0.62069072, -0.36604724,  0.67942113,  0.82792754,  1.93425988,
        -0.16453734],
       [-1.31844575, -0.27795088, -1.98646838,  0.39073304, -2.66560342,
        -0.71729931],
       [ 0.78310098, -0.65792802,  1.0141037 ,  1.04506067,  2.35529498,
        -0.10728314],
       [-1.24319248, -2.0503877 , -2.33638901,  0.58231622,  0.1528237 ,
        -0.32781144],
       [-1.12365171,  0.72942462, -2.51567852,  0.02837749, -1.68621203,
        -1.16921793],
       [-1.08842401,  1.3482687 , -2.42774556, -0.34412275, -2.97751506,
        -1.10453496],
       [-1.4476201 ,  0.09004841, -0.94673088, -0.56355812, -6.05540108,
         0.31104365]]), array([[ 1.09478257,  0.46349776,  0.87998212,  1.26713573, -0.31817968,
        -0.04169294,  1.38098173, -0.07397968,  0.89014054,  1.57247628,
         0.99547175,  1.29059171],
       [-0.80793787,  0.05675363, -0.14481421, -0.77035304, -0.30987496,
         0.32405724, -0.57931471, -0.42113388, -1.12540611, -0.52217355,
        -0.78821066, -1.35705111],
       [ 1.36939063, -0.313009  ,  1.70533927,  1.58836717, -0.64301727,
        -0.25441922,  1.22035608, -0.64706092,  0.71045433,  1.83772059,
         1.42551997,  1.02192627],
       [-1.08555505, -0.21371164, -0.13520741, -0.99494778, -0.31265613,
         0.20460846, -0.91528081, -0.48351166, -1.21881111, -0.11248711,
        -0.43185747, -0.85127657],
       [-4.1211166 ,  0.8433811 , -1.47252835, -2.39247775,  0.69776334,
         1.5177287 , -4.88879937,  1.13932571, -5.66673724, -2.74357374,
        -3.20771055, -6.62418822],
       [-2.15815472,  0.17377831, -0.89592048, -2.08774489,  0.97222587,
         0.32478294, -3.080413  ,  0.72362713, -3.64703881, -1.78717149,
        -1.77309643, -3.9587147 ],
       [-3.51543269,  0.5140271 , -1.69447646, -2.17775486,  1.44920106,
         0.5202113 , -4.90928302,  1.21205211, -5.98640804, -1.64137903,
        -2.61345602, -6.47550038],
       [ 1.35060811,  0.24362223,  1.14279769,  2.08428906, -0.74953754,
        -0.52230058,  1.35611199, -0.73511599,  0.59783398,  1.70605608,
         2.15532653,  1.87374829],
       [-3.66671598,  0.26396116, -1.0780226 , -1.50589614,  1.1949555 ,
         1.20109185, -4.97975944,  0.94255505, -7.74731186, -1.5924516 ,
        -2.31743071, -7.36013867],
       [ 2.51570868, -0.09174563,  1.43940358,  2.54179654, -0.68977618,
        -0.64983769,  2.23288147, -1.00384829,  1.84534471,  2.25502543,
         2.51634329,  1.6911788 ],
       [-3.64648367,  0.37918305, -1.73638857, -2.84806583,  1.00795487,
         0.6387716 , -3.54681932,  1.43083277, -5.07454341, -1.46149384,
        -2.94042733, -6.21756881],
       [ 1.02366269, -0.2275469 ,  1.64851192,  1.52366502, -0.69742488,
        -0.44878223,  1.25606056, -0.47815394,  1.27230196,  1.40176429,
         1.72894524,  0.91555746]]), array([[-0.78542901,  0.57310277, -0.28623635,  0.09401685,  0.87623237,
         0.74873993,  0.01963338, -0.44075191, -0.23574432, -0.20045967,
         0.20106972, -0.73165157],
       [ 0.303849  , -1.03508717,  0.16219987, -0.57772573, -2.35177356,
        -2.13436021, -2.96997625,  0.59676904, -3.83724975,  0.78891482,
        -2.54320083,  0.27927385],
       [-1.37346011,  0.10758458, -1.17809565,  0.30074773,  2.06100073,
         1.35124673,  1.8194475 , -0.88435171,  0.74913138, -1.74022321,
         2.06856734, -1.48436035],
       [-0.08299352,  0.29523682, -0.79633858,  0.5138319 ,  0.58151048,
        -0.36336525, -0.0762632 ,  0.04391816, -0.33688033, -0.56203984,
        -0.02404556, -0.11647482],
       [ 0.5172469 , -0.08625539,  0.17864388,  0.82096326,  0.21160251,
         0.6683927 ,  0.70025325, -0.10180745, -0.06112883,  0.69353404,
         0.21305452,  0.26262543],
       [ 0.20394618,  0.0142668 , -0.1760537 , -0.49177378, -0.8798178 ,
        -0.12048433, -0.54332233, -0.25026983, -0.05158599, -0.29469002,
        -0.77510528, -0.62515473],
       [ 1.06703783, -0.88336256,  0.48432722, -0.91709014, -4.10803655,
        -2.91357863, -4.08482381,  0.03158076, -5.43568547,  1.0308247 ,
        -3.71514582,  1.01233614],
       [ 3.72962489, -0.53460864,  2.69461175, -0.38350066, -4.79750289,
        -2.79060193, -4.16615025,  3.34806185, -4.16467005,  3.81652708,
        -4.35175017,  2.69518702],
       [-0.09870161,  0.32526554,  0.13249758,  0.58936724,  0.78903974,
         0.44146012, -0.17400313, -0.32310514,  0.66127047, -0.12898667,
        -0.12489516,  0.13313094],
       [-0.3805024 , -0.07059654, -0.79394412, -0.14279061,  0.40536566,
         0.70727463,  0.8039683 , -0.32767394, -0.24754079, -0.71743571,
         0.4691733 , -0.09121866],
       [-0.98431164,  0.39328149, -0.80257128,  0.54974987,  1.06036442,
         0.48323873,  1.3664459 , -0.71773056,  0.76339793, -0.85657832,
         0.45175366, -0.67781796],
       [ 0.01428299, -0.86248146,  0.62133172, -0.65901218, -2.64297927,
        -1.10173972, -2.70205878,  0.23878789, -3.55188144,  0.59008818,
        -1.99545877,  0.21113341]]), array([[ 0.87060873, -3.42863016,  3.56881726,  0.43433875,  0.87636154,
        -0.80379133, -5.16067069, -9.29569083,  1.17228196,  1.0460236 ,
         1.86257446, -2.9823675 ]])] 
 0.5, 
 1e-19, 
 10000