error: 9.63722201585015e-10 
 weigths: [array([[ 0.49477302,  0.42519392, -0.32214357, -0.25019186, -0.09571338,
         0.21842627],
       [-1.49640177, -4.53593904,  2.23397598, -0.84045841, -3.15439778,
         3.1955043 ],
       [ 0.96627366,  2.13991481, -0.56767407,  1.63466077,  0.89405274,
        -1.01458429],
       [ 0.69449327,  0.84282365, -0.00532719,  0.3523082 ,  0.54377178,
         0.3943155 ],
       [-0.13304036, -0.14959611, -0.09828228, -0.74548718, -1.09782314,
         0.35718158],
       [ 0.23847446,  0.67478779, -0.27033017,  0.82771716,  0.02423549,
         0.15160634],
       [ 0.43485994,  0.55148171,  0.00612451,  0.48357516,  0.52436052,
         0.38656235],
       [-0.29803562,  0.22735451,  0.02850662, -0.18377587,  0.09785439,
        -0.05340804],
       [ 0.92039077,  2.04072611, -0.5911231 ,  1.65703544,  0.97581637,
        -0.99486654]]), array([[ 0.99666275,  0.89939361,  0.99815859,  1.21598797,  1.39104538,
         0.86439535,  0.80856243,  1.11950872,  0.9989142 ],
       [ 1.44111785,  0.91276724,  0.50715815,  1.32064652,  0.91152997,
         0.68782336,  1.39174644,  0.74832368,  1.26044416],
       [-0.32739242, -1.07462934,  0.75433678,  0.38594562, -0.33777724,
         0.26691473, -0.09002472,  0.1117622 , -0.09133818],
       [-0.33442447, -5.58981882,  1.15832169, -0.12570439, -0.92067627,
        -0.14069851,  0.33344257, -0.21502951,  0.92813999],
       [ 0.72592378,  1.18400326,  1.34441095,  1.34680273,  1.21537185,
         0.83285277,  1.34011783,  0.95062638,  0.38629645],
       [-0.32238697, -7.79908361,  1.32578148,  0.35428587, -1.20849308,
        -0.06992619, -0.03562103, -0.59280684,  1.29699753],
       [-0.24902623, -5.36689385,  0.79596099,  0.06149655, -0.12152374,
        -0.25695363,  0.24573763, -0.42336389,  0.99428338],
       [-0.28175398, -7.13720603,  1.25825982,  0.23357347, -1.07743964,
         0.10014071, -0.30107341, -0.50501534,  1.32614163],
       [ 0.76547663,  0.52273743,  1.10507935,  0.90925326,  1.17422463,
         0.32422636,  1.33855777,  0.70231553,  1.30920071]]), array([[-3.46333923, -3.45215746,  0.96082603,  4.38484218, -3.45291761,
         6.09367314,  4.18605239,  5.59315378, -2.55000604]])] 
 0.5, 
 1e-09, 
 1000