error: 9.826515964573017e-10 
 weigths: [array([[ 0.5612891 ,  0.62393097,  0.31785241,  0.79408732,  1.00944693,
        -0.23686652],
       [ 0.35403582,  0.92055701,  0.05549176,  0.91504188,  0.26140707,
         0.03255318],
       [-1.59058505, -2.29866911, -0.13620147, -0.64520327, -1.61831805,
         0.43376416],
       [-1.30576277, -1.27398471, -0.73288501, -0.79111313, -1.01114889,
        -0.30451714],
       [ 0.65964817,  1.04499859, -0.15425162,  1.01418183,  0.31414302,
         0.25358627],
       [ 0.51744205,  1.09194797, -0.00374206,  0.88556494,  1.08966771,
        -0.31553095],
       [-1.54810181, -2.40978152,  0.25023864, -0.73242013, -2.57163887,
         1.38131509],
       [ 0.75725327,  1.25608975, -0.02527677,  1.36810631,  1.48221334,
        -0.79741429],
       [-0.4740114 ,  0.75318131, -0.02055488,  0.79671401, -0.42664268,
         0.19062289]]), array([[ 0.73920124,  0.61334108, -3.91892041, -1.86618211,  0.28179971,
         0.34445126, -3.8893224 ,  0.38068736, -0.33384428],
       [ 0.2605392 ,  0.52238779, -4.74325492, -2.08564516,  0.43619788,
         0.64202205, -5.35703124,  1.19302611, -0.6626842 ],
       [ 1.17388502,  1.34631548,  1.19046117,  1.22025329,  0.75527745,
         1.29098991,  0.72328622,  1.07707372,  1.25837893],
       [ 0.66942902,  0.27722035, -2.54425443, -1.52643316,  0.20401607,
         0.07592314, -2.6302735 ,  0.33647315, -0.14620451],
       [ 0.19637523,  1.080452  ,  0.55588066,  0.59336248,  0.65714963,
         0.54587628,  1.03819472,  0.17433388,  0.99097343],
       [-0.20419542, -0.09250846, -2.09346135, -0.87951804,  0.1642157 ,
         0.09325027, -1.98323836,  0.77715677,  0.32993761],
       [ 0.7611954 ,  0.88382176,  1.26132795,  0.94871169,  1.08950861,
         1.31424381,  1.00362678,  1.1603066 ,  0.93600213],
       [ 0.64934004, -0.19648715, -5.15863835, -3.11652507,  0.46463117,
         0.85319469, -6.66477861,  1.3609421 , -0.0783768 ],
       [ 1.47803192,  0.5120831 ,  0.99564315,  0.543289  ,  1.44878494,
         1.07291187,  0.69066678,  1.2678386 ,  1.35402077]]), array([[ 4.36937616,  5.67272229, -4.19447916,  2.98714762, -1.75797468,
         2.17527905, -3.63104808,  6.87758776, -3.68027533]])] 
 0.5, 
 1e-09, 
 1000