error: 9.73829421691861e-10 
 weigths: [array([[ 0.01158264,  0.20208947,  0.30665976,  0.94481729,  0.6158395 ,
        -0.14292407],
       [-0.54795206,  0.14609764, -0.05526752,  0.30072807, -0.6473786 ,
        -0.21025969],
       [ 0.62103416,  1.04612738, -0.15490911,  1.35664539,  1.00975937,
        -0.62540378],
       [ 0.72819044,  1.53542947, -0.31326859,  1.24594479,  0.98915797,
        -0.76627873],
       [-1.35334559, -3.12465809,  1.11492402, -1.01213713, -2.53445857,
         2.0647932 ],
       [ 0.63496534,  1.35904074, -0.16935885,  0.85693422,  0.76582886,
        -0.41832484],
       [ 0.67834168,  1.66787529, -0.6556099 ,  1.76584797,  1.49688899,
        -1.24717994],
       [-0.26436255,  0.33961939, -0.35080879,  0.25571293, -0.22881921,
        -0.04533981],
       [-1.43005338, -2.30406233, -0.04776211, -0.49104299, -1.22822148,
         0.38528113]]), array([[-0.25106951, -0.72216006,  0.01937055,  0.5674117 , -3.75513572,
         0.37679932,  1.27319335,  0.1041218 , -3.00080897],
       [ 0.21204934, -0.74699974,  0.71848243,  0.57250046, -6.2581946 ,
         0.67806396,  0.98810114, -0.56942421, -4.20089552],
       [ 1.33863924,  0.5662421 ,  1.01181363,  1.02905785,  1.23804406,
         0.67299852,  1.10765293,  1.41961326,  0.49557308],
       [ 1.42225288,  0.65333449,  1.21479665,  0.74925453,  1.51486824,
         0.82439264,  1.07055829,  1.44051354,  0.56280103],
       [ 0.91819247,  1.09288036,  0.90332737,  0.74834398,  0.68318575,
         0.81802485,  1.45340072,  0.87514924,  1.3445268 ],
       [ 1.30120138,  1.17845564,  1.33443923,  0.64804401,  1.23340083,
         1.02817894,  0.92874567,  0.8428063 ,  1.31689585],
       [-0.25876719, -0.67390557,  0.17891634,  0.94165218, -3.30753029,
         0.5736909 ,  0.58535424, -0.21908806, -2.34855714],
       [-0.02007699, -0.52787665,  0.98785487,  0.74578841, -5.94252086,
         0.11948977,  1.29253266, -0.91927475, -4.02638886],
       [ 0.9611873 ,  1.31823938,  0.47497487,  0.72223188,  1.16053154,
         1.21443292,  0.97450308,  1.32460868,  0.89595341]]), array([[ 4.50363978,  6.65388129, -2.34251391, -2.83915723, -2.30151599,
        -3.10126801,  3.90137732,  6.35867472, -2.47627338]])] 
 0.5, 
 1e-09, 
 1000