error: 9.933467916935843e-10 
 weigths: [array([[ 0.33414094,  0.57471396,  0.13716799,  1.0110997 ,  1.00754635,
        -0.33453115],
       [-0.28981586, -0.05791132, -0.2005005 , -0.36560461, -0.2846226 ,
        -0.00979232],
       [-0.42320567,  0.30407244, -0.75363268,  0.24277087, -0.57278104,
         0.21817392],
       [ 0.7195259 ,  1.65291469, -0.41155301,  1.10557054,  0.55939565,
        -0.32047107],
       [-1.14782282, -1.3772353 , -0.23454994, -0.62579864, -1.36121045,
         0.17906138],
       [ 0.66292218,  1.53232515, -0.3068621 ,  1.71197524,  1.10836697,
        -1.0904863 ],
       [ 0.73910869,  1.76678162, -0.71028096,  1.71189791,  1.64151554,
        -1.51317859],
       [-1.53270403, -3.7267839 ,  1.40878931, -0.65812428, -2.42191984,
         2.0451074 ],
       [ 0.28827446,  0.50521756, -0.04265702,  1.47061152,  0.40318637,
         0.10525587]]), array([[-0.13502185, -0.766648  , -0.09292969,  0.4106572 , -1.81969019,
         0.43698814,  0.87992435, -4.35989587,  0.55580861],
       [ 0.37424014, -0.98961355, -0.44503314,  0.10767658, -1.95745036,
         1.02172928,  1.18370315, -4.74857437, -0.20112218],
       [-0.12695659,  0.19153933, -0.07987799,  0.11714448, -0.64077495,
         0.12649243,  0.67171647, -1.82522279,  0.43817171],
       [ 0.60543322,  1.14369032,  0.70249118,  1.44745251,  0.6722129 ,
         1.03862533,  1.35450724,  1.14189028,  0.78355429],
       [ 0.44990701, -0.41529245, -0.97992416,  0.53390341, -2.34500836,
         0.57597525,  0.90176806, -5.44412856,  0.23391609],
       [ 1.15064528,  1.2535641 ,  1.36780719,  1.41782063,  1.08779762,
         1.33825987,  0.90971875,  1.08033465,  0.9116726 ],
       [ 1.36131553,  1.11478702,  1.18573041,  0.92118279,  1.39161324,
         1.16823063,  1.31820541,  1.14705888,  1.19441443],
       [ 1.29630445,  0.86082948,  1.2137224 ,  1.13835978,  1.00672908,
         0.79980312,  1.14087425,  0.85930654,  1.19448038],
       [ 0.15514755, -0.75348884, -1.05141522,  0.73520273, -2.58404866,
         1.12537553,  1.3513066 , -6.54522367, -0.27331927]]), array([[ 4.37210949,  4.86359987,  2.15806161, -2.51301802,  5.22754337,
        -4.1249132 , -4.43957073, -3.05944082,  6.26459852]])] 
 0.5, 
 1e-09, 
 1000