error: 9.869076419068102e-10 
 weigths: [array([[-0.2283772 ,  0.71828172, -0.05655919,  0.08626941,  0.4872647 ,
         0.05716135],
       [ 0.53199775,  0.52283981,  0.42376279,  0.77871353,  0.30924904,
         0.39315789],
       [ 0.81665643,  1.20829001,  0.10249756,  1.37749609,  1.71640691,
        -0.77224707],
       [ 0.21791422,  0.55302299, -0.29263493,  0.19463431,  0.182462  ,
         0.74079069],
       [-1.69058306, -1.75274921, -0.10844327,  0.05123997, -2.54054773,
         0.86788199],
       [-1.35380713, -1.36893721, -0.85596705, -0.98248182, -1.29328452,
        -0.20004811],
       [-1.49317125, -2.20736238, -0.47818726, -1.05945725, -1.34995828,
         0.08663485],
       [ 0.76259673,  1.09756684,  0.30760773,  1.25145823,  0.809369  ,
        -0.05502194],
       [-0.40564151, -0.18944513, -0.12706663,  0.04567946, -0.7126902 ,
         0.4569237 ]]), array([[ 0.45258013,  1.2882524 ,  1.1444336 ,  0.46598642,  1.05708256,
         0.83450126,  1.33687679,  0.8891549 ,  0.78050015],
       [-0.22535497,  0.6847209 ,  1.83076995,  0.06780055, -6.18260334,
        -4.76627783, -5.7434715 ,  1.1416624 , -0.61239609],
       [ 0.69043534,  0.82692736,  0.8307481 ,  1.01421683,  0.67040049,
         0.64196166,  1.24202815,  0.98373989,  0.69683973],
       [ 0.65518711,  0.88226077,  0.59492689,  0.92028647,  1.00688282,
         0.64103692,  1.05335404,  0.91678116,  0.72000875],
       [ 1.28074561,  1.02068063,  1.04572271,  0.52306195,  1.27229591,
         0.80674009,  0.63559925,  0.55043801,  1.30394952],
       [ 0.56114013, -0.15007926,  0.13300275, -0.3837704 , -0.65907165,
        -0.12100221, -0.42898111, -0.18144418,  0.46636822],
       [ 0.08897531,  0.1445896 ,  1.17380688,  0.08387777, -3.8510094 ,
        -2.18704018, -3.4698956 ,  0.72359114, -0.56883651],
       [ 1.19321537,  1.24756588,  0.71246103,  0.60690614,  0.68177888,
         0.48394135,  0.92350378,  0.74255026,  0.46454159],
       [ 0.19527123,  0.6052366 ,  1.34101345,  0.11952975, -6.07417932,
        -4.54202072, -5.18866027,  1.06034831, -0.36387425]]), array([[-2.77207673,  7.55181321, -2.34294535, -2.26136827, -2.77840884,
         0.49080713,  4.2688806 , -1.97232927,  7.07883343]])] 
 0.5, 
 1e-09, 
 1000