error: 9.658712633038385e-10 
 weigths: [array([[ 0.78284365,  1.4911269 , -0.19833758,  1.86885252,  0.73333063,
        -0.42556931],
       [-0.52629127, -0.65811164, -0.26925363, -0.27648393, -1.38531184,
         0.42925894],
       [-1.16735987, -1.02788371,  0.16493539, -0.57159607, -2.42319269,
         1.25348999],
       [ 0.88956136,  2.63370982, -1.4078668 ,  2.78667685,  2.63296045,
        -2.92988852],
       [ 0.47403276,  0.85879533,  0.10106857,  1.46964401,  0.74438793,
        -0.07809205],
       [ 4.20832252,  2.35305749,  3.82873019,  1.19327623,  2.69351504,
         3.06440359],
       [ 0.81262167,  2.3762471 , -1.05250615,  2.85165884,  2.33748676,
        -2.5189297 ],
       [-0.10455112,  1.00749523,  0.33866781,  1.03549694,  0.025314  ,
         0.11053111],
       [ 0.47598254,  0.73664524,  0.04934527,  1.12885395,  1.12309641,
        -0.29576058]]), array([[ 0.78403251, -1.20143921, -2.86992893,  2.33450506,  0.24678736,
        -3.65213094,  2.44908568,  0.01829589,  0.30085853],
       [ 0.86898412,  1.3145482 ,  1.44736068,  0.68101063,  1.63229736,
         0.75390291,  0.86657665,  0.80723788,  1.5164092 ],
       [ 1.42564559,  0.70925873,  1.41955176,  1.4676568 ,  0.83417153,
         0.59010579,  1.08723143,  1.27995062,  1.21902188],
       [ 0.58127919, -1.64189293, -3.5983702 ,  2.67907226,  0.31674792,
        -3.68564539,  2.18680366,  0.07127683,  0.49848597],
       [ 1.1659559 , -1.2798451 , -2.95979006,  2.28778286,  0.63422378,
        -3.33256057,  1.92265416, -0.35457731,  0.02856592],
       [ 0.37218015, -0.83141141, -3.03776043,  1.91669866,  0.34720493,
        -2.98229076,  1.70632544,  0.10531775,  0.78551571],
       [ 0.94186055,  0.51811046,  1.08718873,  0.78525478,  1.31827161,
         1.17041756,  1.084634  ,  1.12589238,  0.68925526],
       [ 1.05583918,  0.98679906,  1.00381594,  0.85662673,  1.41644705,
         1.43426132,  0.56237576,  0.68743149,  1.05276587],
       [ 0.99173384,  1.07361959,  1.52911216,  0.75941015,  1.01010319,
         1.0287087 ,  1.44165051,  0.65359378,  1.05476017]]), array([[ 5.41105192, -3.16498874, -3.1083314 ,  5.70520563,  5.24020509,
         4.78087154, -2.09261297, -2.47595762, -2.79128207]])] 
 0.5, 
 1e-09, 
 1000