error: 9.903489997500782e-10 
 weigths: [array([[ 0.89266109,  1.81720432, -0.46965874,  1.66005246,  1.13069766,
        -0.72538784],
       [ 0.33770485,  1.14449332,  0.16867851,  0.50752084,  0.971315  ,
        -0.17490604],
       [ 0.84006396,  1.65448286, -0.23484052,  1.12834827,  1.44137072,
        -0.91171033],
       [-1.45999485, -2.38406767,  0.24212808, -0.7571569 , -2.39312812,
         1.26658687],
       [-0.88156049, -0.9493472 , -0.32477599, -0.52282123, -0.94879322,
         0.02470894],
       [-1.52971691, -2.60379398,  0.18640707, -0.7542052 , -1.87535582,
         0.87093033],
       [ 0.74258807,  1.21588209,  0.03623203,  0.88078989,  0.22644366,
        -0.10172273],
       [-0.36622424,  0.58909734,  0.20411224,  0.94921982, -0.13302762,
         0.16170529],
       [-0.7034708 , -0.33585554, -0.14037034, -0.27288344, -0.88810635,
         0.16692891]]), array([[ 0.86141976,  1.20355055,  0.52846204,  0.90052319,  0.86439165,
         1.16380967,  0.50819994,  1.22951611,  1.5209089 ],
       [ 1.36863732,  0.88164583,  0.94809612,  1.26630547,  0.62127008,
         1.04127795,  0.4620814 ,  1.05484025,  1.30841054],
       [ 0.66406252,  0.53689577,  0.56100989,  0.94787988,  0.65758238,
         1.04288826,  0.67971362,  0.87504403,  0.15435852],
       [ 0.91622872,  0.58827895,  0.91387165, -4.36972103, -1.19125967,
        -4.18941024,  0.48807016, -0.17120513, -1.08897086],
       [ 0.8972909 ,  0.6098447 ,  0.96665915,  1.36641734,  1.39582167,
         1.18995246,  0.3628693 ,  1.10064804,  1.38176837],
       [ 1.0884265 ,  1.44539903,  1.33849058,  0.64968326,  0.76883306,
         1.28233879,  0.78886667,  1.52874497,  0.65044017],
       [ 1.08673538,  0.14161501,  1.06780639, -4.63038909, -0.836582  ,
        -4.07318632,  0.14847554,  0.07655771, -0.83182319],
       [ 0.8390874 ,  0.54183465,  0.15007245, -2.96039086, -0.57586328,
        -2.21068431,  0.27851445, -0.55401555,  0.00980497],
       [ 1.2207415 ,  0.47792701,  1.5050054 , -6.06069337, -1.89297671,
        -5.51182829,  0.499026  , -0.15217302, -1.1262598 ]]), array([[-2.66987519, -2.69704893, -1.26278141,  5.28125147, -3.05292335,
        -3.19499334,  5.30085836,  3.09096944,  7.07253727]])] 
 0.5, 
 1e-09, 
 1000