error: 9.994132937170586e-10 
 weigths: [array([[ 0.66058057,  1.59190553,  0.15261397,  0.77061958,  0.02193508,
         0.3315752 ],
       [-1.22998303, -0.7673613 , -1.01760406, -0.77722572, -1.39733   ,
        -0.28628966],
       [-2.23299916, -2.78748089,  0.50566352,  0.14597903, -3.3221251 ,
         1.45203512],
       [-1.26412215, -1.40660463, -1.45180375, -1.01197574, -0.86116187,
        -0.74291446],
       [ 0.75337235,  1.36014637,  0.15028757,  0.9393992 ,  0.89499523,
        -0.17728833],
       [-1.2693338 ,  0.15907263, -1.01277691, -0.57464033, -1.84784945,
        -0.13223264],
       [ 0.50964706,  1.15098944,  0.48299127,  0.84940671,  0.2797003 ,
         0.06183669],
       [ 0.67456071,  1.69470568,  0.20814982,  0.82058825,  0.78273616,
        -0.15917773],
       [ 0.35962302,  1.19784789, -0.05077127,  0.54887187,  0.10139847,
        -0.01860186]]), array([[ 1.28121582e+00,  1.15390946e+00,  1.01713522e+00,
         1.04119547e+00,  5.59831446e-01,  1.56969767e+00,
         1.35227785e+00,  1.00112450e+00,  1.50765354e+00],
       [ 1.68511457e-01, -1.66457399e+00, -4.21194428e+00,
        -2.45387742e+00,  7.63918095e-01, -1.13440917e+00,
        -2.29519680e-01,  5.50547884e-01,  3.99175580e-01],
       [ 7.11983813e-01,  9.42589594e-01,  1.38011741e+00,
         9.63258010e-01,  1.19099909e+00,  1.56450532e+00,
         1.09811495e+00,  6.86387773e-01,  1.11270715e+00],
       [ 8.65612397e-01, -2.80501179e+00, -9.18601366e+00,
        -5.93616195e+00,  7.79523836e-01, -2.99959220e+00,
         1.04308582e+00,  1.42670710e+00,  3.46975071e-01],
       [-4.27672291e-01,  2.07537358e-01, -7.48677213e-01,
         3.98739316e-02,  4.98889538e-02,  1.85233519e-05,
        -4.30780335e-01, -1.55305909e-01,  1.19401471e-01],
       [-1.55858815e-01, -1.27840953e-01,  4.58806746e-01,
         4.42906953e-01, -6.51685584e-01,  6.07395684e-01,
        -1.80426078e-01, -4.16463583e-01,  3.64475462e-02],
       [ 1.99785243e-01, -2.02357043e-01, -5.08231419e-01,
        -5.70681784e-01,  1.47063958e-01, -4.18881445e-01,
        -1.62722252e-01,  2.20800496e-01, -5.86892028e-01],
       [ 4.05971801e-01, -2.00578545e+00, -5.99998874e+00,
        -3.67917549e+00,  8.19536224e-01, -2.04305918e+00,
         7.55997771e-01,  5.13824055e-01,  4.07339464e-01],
       [ 6.28264872e-01, -1.64158722e+00, -4.03050337e+00,
        -2.56592545e+00,  1.02812518e+00, -1.43331943e+00,
         4.28196669e-02,  1.31605472e-01, -1.39260324e-01]]), array([[-6.18289484,  3.04184939, -5.31324659,  7.66997418, -0.22183429,
        -1.07047718,  0.12277569,  4.68228312,  3.07698702]])] 
 0.5, 
 1e-09, 
 1000