weigths: [array([[  2.19398744,  14.17043161, -16.62928581, -12.62663932,
          0.6761704 ,  -5.61380071],
       [ -0.24604158, -11.54395599,  10.20228574,   0.41047076,
         -1.74875245,   4.55923046],
       [  9.61685379,   6.83811637,  -3.62841895, -13.9395425 ,
        -10.04555596,  -0.11052381],
       [ -6.80919623,   7.22235411,   1.25997214,  -0.20644075,
         10.00759578,  -3.89549647],
       [  2.21966199,  18.55961268,  -9.35780287,  -2.61181048,
          2.02972181, -24.01127657],
       [ -0.95587548,  -2.21046904,  -7.3983181 ,  12.24105008,
         -5.78424626,   1.91255715]]), array([[-2.843494  , -1.33772494, -0.57471963, -0.7574684 ,  2.31731399,
        -0.47232369]])] 
 0.5, 
 1e-19, 
 10000