weigths: [array([[ -1.39718203,   3.30879161,  -2.3752995 ,   2.1575603 ,
         -1.23793842,  -0.38967294],
       [ -0.25632344,  12.8177024 , -13.79681995,   3.13994327,
          2.26819547,  -6.54229264],
       [  4.74013412,  -5.12357749,  -0.26608521,  -0.53616451,
          3.31131099,  -0.57961793],
       [  3.76810053,  15.23063932,   1.37337546, -11.00523044,
         -2.11811955, -27.19721995],
       [ -5.53543882,   1.33668426,   2.89674542, -15.04713626,
          4.43838967,  -7.76419128],
       [-11.89066894,   8.6046305 ,   4.00700232,   2.53364365,
          0.94079939,   0.64001282]]), array([[ 0.3981268 ,  1.54830657, -0.69902116,  1.79213617, -2.94257438,
        -0.63768507]])] 
 0.5, 
 1e-19, 
 10000