weigths: [array([[  4.29524263,  14.32176908,  -4.57793271,  -7.68610192,
          4.00248707,  -6.90333767],
       [  3.81912941,   2.21604823,   2.96936623,   2.42019761,
          3.51180206,   2.41816193],
       [  1.71297102,   5.63918691,  -4.86860774,   6.81355024,
          4.68677117,  -9.51321238],
       [ -0.85719297,   5.08856353,  -1.59464598,  10.29906474,
         -1.64599024,   0.47164986],
       [  3.69509901,   2.28173064,   1.41952016,   3.17839384,
          4.76542586,   1.62683535],
       [  4.55330016,   1.15877313,  -5.30777176,   8.24094464,
          7.53677993, -10.5809675 ]]), array([[ 8.50257342e+00, -7.36235384e+00,  4.80079928e+00,
         4.77444441e+00, -7.21552464e+00,  4.14674957e+00],
       [ 4.98480110e+00, -4.78801878e+00,  8.13043754e-03,
         3.76639516e+00, -5.27185590e+00,  4.89025617e+00],
       [ 7.21530376e-01,  1.14520450e+00,  4.54707229e-01,
         5.59869107e-01,  3.98217157e+00,  1.11646154e+00],
       [ 3.63753147e+00, -5.62874146e+00,  5.64498388e+00,
         2.89046269e+00, -4.50849674e+00,  1.58346449e+00],
       [ 1.93927026e+00, -3.78548296e+00,  3.75351580e+00,
         3.48164197e+00, -3.49499619e+00,  4.64529003e+00],
       [ 4.95258983e+00, -5.59971111e+00,  5.30103412e+00,
         3.32049805e+00, -4.69237810e+00,  2.49589231e+00]]), array([[-1.43659355, -0.16907144,  3.33670093, -1.26868202,  2.29625882,
        -0.32040195],
       [ 2.9609982 , -0.4783353 ,  2.48746073, -2.02474096,  0.32042473,
         1.18042562],
       [-0.70114416,  1.51520822,  2.50852224,  2.50694246, -0.23803256,
        -1.28393961],
       [ 1.17154671,  1.98504857,  0.00456008, -1.14666256, -0.43216876,
        -0.36788954],
       [-1.38067307, -1.16827776,  0.21068403,  0.11712683, -1.42534888,
        -0.75816516],
       [-0.36048095, -0.37158151,  0.04050078,  0.56158561,  0.05778655,
         0.225424  ]]), array([[ 0.9638894 , -0.14281753, -0.36021741,  0.67315853, -0.11715127,
        -0.10572467]])] 
 0.5, 
 1e-19, 
 10000